X,Y
6.16938356821,9.17847147457
6.62993724671,9.30288551803
5.42952589516,6.57974833433
6.29784901803,7.58443417033
5.757901079,6.0465975182
6.44179089342,6.04660213467
6.11230771259,9.00689306347
6.28323081433,8.16217668589
5.53641055286,7.87290274295
6.519843369,7.31878176022
5.44841931453,7.84616983845
6.31243785075,8.8116090837
6.38070161828,8.43137688576
5.80709178119,6.23946744504
6.62294331389,5.64413149775
5.7200140121,6.44016164482
5.42028670832,5.4317952559
5.81435216636,7.70333784202
6.25042305395,6.45579672426
6.45670971593,5.49421627979
5.76033825142,7.40925722479
6.09242362344,7.16484424667
5.80431741741,8.79073697761
6.74210489787,6.3656842445
6.6048780979,9.74060105553
5.4681949573,9.88912442805
5.63258097555,9.28584602016
6.65587957849,6.93272043674
6.30198474513,5.56879527874
6.37421340295,10.2258043884
5.86843716825,7.60578128241
6.521449913,6.96517271402
5.51145984558,9.0033749379
5.43932719889,8.16770539446
6.38482554589,9.13544763271
6.08442803497,6.6130804132
5.42892574123,8.61556218122
5.82856528691,10.1792402856
6.04734007975,6.97128453455
5.41222166659,9.89096114081
5.66611354046,9.87505695276
6.44810530724,10.1598068279
5.58312097963,7.99492974936
6.7136704828,8.17216065955
6.62714024459,5.51968704596
5.56122688046,6.34347839445
5.7809074382,9.04713682055
5.69518494513,8.99108477577
6.25501499832,6.21995443586
6.16802997154,6.49018625614
5.99627032658,6.50121622417
6.2821838622,7.93725192293
6.42591363943,8.67815951767
6.54194596159,6.06753313757
6.05259214752,7.40119735323
5.51111807177,5.35687530256
6.06532603359,7.27395344173
6.45244010452,7.51767429374
6.44238942668,9.85534561242
5.82176461856,5.63404833502
5.69906030026,7.3072842567
5.96789064051,6.57373901218
5.8493900638,6.77810524779
6.06197803212,6.14475925122
5.9976356969,10.2553170341
6.5639384976,7.36570232366
6.17156592517,6.37923062268
6.08904239241,7.73880524185
6.4294914563,9.93882806631
5.96265379948,6.93094840372
6.47706896042,5.83229549737
6.16621693182,9.45334602414
6.28815493541,9.42716729673
5.75492298109,9.72587265188
5.43354616504,9.63191697714
5.82646224262,8.69430758492
6.53676122771,9.28933678767
5.68679674871,8.41867236451
5.60732519344,9.03110676473
6.67153925137,8.76752522932
6.50067843576,8.94524817406
6.57937746415,6.86586113618
5.55072456266,9.14615514706
6.54236037877,10.165711516
6.34630249587,7.23972015088
6.32713790289,5.75316283816
6.21505623618,8.87809018861
6.20189991171,8.3727422776
5.50775126148,7.92965040721
5.78702719105,7.79162365553
5.6011822134,5.49639024731
6.38244380029,7.83246474744
5.60121962325,9.8480435722
6.68528697666,9.56863688658
5.92689138105,9.55014416141
6.56171957254,8.18802134528
5.5126754212,6.53947647045
6.34617045958,6.00793143185
6.53255616529,9.80771272281
5.63473712721,8.23458902111
5.75519627067,7.00080964829
6.07915429081,7.5148277358
6.2883153813,6.99350090352
6.17153675664,6.27867788528
6.04652182109,8.71322755377
6.5941491696,7.61982769868
5.64572932447,6.71129614308
6.00486796456,8.24793561891
5.81367664997,9.28117622138
6.6843653706,8.85978680419
6.38677785739,9.80135246753
5.86755893209,9.07548630456
5.52211902504,8.25407344514
5.91925743582,7.49860329496
5.51004362166,6.7795517727
5.44670463997,6.93583622371
6.29660514296,8.35215252214
5.8428635549,9.58564993563
6.00152262596,5.6712426348
5.66592672616,8.32781603446
5.76574361627,5.94759511701
6.25738404348,9.90721187026
5.41381855606,5.78189513398
5.66975305684,6.9374366492
6.57352967726,7.85627632833
6.43340823922,7.27989459603
5.66916934245,5.66343641623
5.58672363119,8.32411780292
6.66396433357,7.08833459373
6.2268968679,9.78717723931
5.69514926569,5.45133844864
6.04665418624,5.75536041632
5.47596505082,7.07984755005
5.99100524637,7.79011331717
5.81000126885,8.0954227549
6.16289081256,5.76716697909
6.47696242523,7.39654856862
6.2219220025,8.26573111329
5.95434866409,6.1299240107
5.83690925753,5.8644419651
5.86708687153,10.30510015
5.68976165796,8.55666657213
5.77198780588,8.98969624242
6.17870228831,7.13775642707
6.37732783207,10.1463731828
6.34401986462,6.47697042749
6.61500177902,7.00563094002
6.48820729133,9.07382654192
6.10106566101,9.97084529848
6.09862355125,9.54912210465
6.29784813913,5.66392905912
5.87886448998,8.34402821102
6.56114539304,5.88708607693
6.10208013219,8.85756336833
6.51832816524,6.26767360249
5.50354662516,7.74493497502
5.82852455649,9.80363094433
6.04079983625,8.9206920911
6.15136713926,8.78642522839
6.04722045596,8.51748561456
5.87122126026,8.75612930793
5.69226275767,7.983582214
5.54313433913,9.34623538334
5.58473393342,6.51043578182
5.40810438072,5.60507562442
5.43200047563,7.36128345305
6.01631168401,6.73834735883
5.60926152965,8.58102146917
6.28922939956,7.84850308132
5.98328510334,7.1820355167
5.68323528497,8.6346581587
6.00077260221,9.03493931602
6.50510772741,10.092672978
6.49114290252,6.39674381636
6.33156947702,9.72012699609
6.48382401063,8.34119975418
5.53669577084,7.52677396699
5.64282559875,8.49713948318
6.09531110644,8.14874317366
6.37465308575,9.25071449179
5.72708400839,9.24410578178
6.14761066549,6.55496156943
5.58587586241,9.2321501937
5.92354853586,6.45161647507
5.8208479043,9.51788562237
6.10973627289,7.05605486273
6.48091804738,8.04910080053
5.77779052682,7.96540831841
6.4382169156,7.77746023904
6.28879177611,5.93307672053
5.52945927779,9.65406837478
6.2945469644,7.08252049353
6.62465835087,7.19568734898
6.33078458559,7.15814705546
5.43977325781,8.81097565585
5.76995865704,9.1564661703
6.01001525769,9.61390585611
6.38106060999,5.66118940537
5.93292741094,7.68661308108
6.58991562189,5.80373630751
6.15184169939,7.69698921106
5.83138209179,7.32380883926
6.423268124,7.68440669603
5.50921885007,5.44592857344
5.52704933823,5.5348616063
6.03199999869,5.58130957594
6.40034203568,6.95000459868
6.32416844126,7.98831814305
5.7020861625,5.36012624758
6.58525342398,10.2293437899
6.10186650267,9.23333549317
6.25014114516,5.738051373
6.00033540277,7.47930315243
6.35540422779,8.65824514825
6.74881768103,7.10967605926
5.77218757036,9.78539555127
5.70618906571,5.85652800483
5.98298327355,6.29067884902
6.0285753869,6.8598726021
5.93064995342,8.70135300766
6.57364460081,6.57188695571
5.92070682729,10.28818576
5.98668448667,8.32865506045
5.65135600466,8.89610309227
5.97059719671,9.8688859699
5.8905753185,7.11436696306
6.28577485717,5.36996850044
5.6374410829,8.80231841418
5.93104844896,8.92636402479
5.70745498595,6.22504100408
6.62500665339,9.80375815416
6.17579091153,5.38368922857
5.53517798273,9.46793936473
6.61428225739,9.87918170052
6.46133630829,6.83668995438
6.62277951617,8.94208977319
5.78416376911,6.55167281776
5.76657267708,8.90385093888
6.24868759897,6.57750452484
5.82996774499,6.67749294986
6.02881806644,9.80534054607
6.45382352486,7.04719116794
6.12303060392,9.10072585149
5.49729759373,8.00417571388
6.32615560417,10.1584568973
5.74710602539,9.91943055818
5.94778671502,7.31999315904
6.22391826026,8.98015500227
5.84800504059,7.91039599614
5.41062433783,5.34899750907
6.07546267895,6.53776062139
6.48774505192,8.83717242217
6.25357664463,6.04640191677
6.3424649243,8.25297382327
5.97370682549,7.08910801406
6.05671824657,8.42152594823
6.56417657167,6.37142887146
5.60451933126,5.38287595483
6.35718655978,7.53416125019
5.58689490312,8.41284228807
6.45450213033,9.4235079213
5.52278570278,7.64154375171
6.23668823503,8.80988744735
6.09583316352,8.24357871013
5.87764212848,10.1137665566
5.68095653217,6.54875231919
6.22508104905,7.07495493177
6.44495337283,6.16317358385
5.52922019866,8.08451339352
6.5592006116,6.75771861655
6.47431642288,8.20087896973
6.43459000156,8.2515817382
6.57349108751,10.1061406347
5.89310589575,6.5334203963
5.44352042275,9.05650822661
6.25882474796,7.12895939738
6.20741956583,5.67401573304
5.44729456294,8.93177952314
5.69067572482,5.73961665547
5.50651174534,8.67590544705
5.45434999277,5.37909653337
5.5113721426,7.1669730614
6.49386217236,10.2521659203
6.54303424488,9.45181061263
5.53265107824,8.75850638271
6.57250075471,8.38970227412
6.13207881695,9.64319768345
5.81238390924,5.47860855681
5.55258250332,8.50786940867
6.23623458879,7.66777354812
5.65881989752,9.36834387165
5.42547895306,8.39409540148
6.56357263328,10.0303513605
5.43761833323,8.31687306507
5.85860268923,8.8666165943
6.35198975672,9.36089948788
6.59845216216,7.1396089513
5.60201647302,9.55830947878
6.71468889509,6.88980556612
6.3923260736,6.280125729
6.26008255976,8.63459993933
6.63955743672,6.09424921566
6.66398866558,6.49820833044
5.94035918182,9.44960799158
6.44019912769,7.99930709971
6.40253647539,10.0574041954
6.14180574468,8.91650619515
5.63040737135,7.90743674731
6.21026317508,9.09245832925
5.85562085732,7.03933964067
6.17600128957,9.95084211938
6.01667739697,5.45487342443
6.51130628008,5.96906968121
5.9463740685,7.91106277464
5.72459392394,9.06226530064
6.59766999855,7.28327801564
6.07505256324,6.31679621851
6.45156894876,8.59980637003
5.60503528405,9.41558151577
5.64303638836,7.44626816135
6.03040188572,7.9635725908
5.84462395506,8.96946046272
5.97132301444,8.81638268293
6.65958767072,6.37704233288
5.66732666013,9.20713792567
5.56334361491,6.95890468007
6.50300363739,8.25859307774
5.86847280265,8.4246120629
5.41334776024,8.54093168004
6.47313593318,9.53900421312
5.82211370176,6.44103882234
5.59104640069,5.68618516897
5.56949756987,6.04505939078
5.99807313133,5.92881570448
5.99952476084,10.1216031155
6.08339224753,10.2943329867
6.6919870472,6.78975010504
5.94004365362,9.30202317682
6.44703874616,9.27086226779
6.65163550937,8.34917242301
5.71953644824,7.08234323777
5.74735530564,7.16237199805
5.93025609247,10.0813026563
5.41784314641,5.70119332046
6.32108855512,7.32736997032
5.43219350793,8.06248010842
6.23682520454,9.37026389518
5.92208693585,8.24390138218
5.42952551931,9.96468261364
6.71789944591,6.63147182612
5.59515734961,7.24884672831
6.51777309152,5.37409899284
6.17236315868,10.0206733022
6.28128721988,7.24521106875
6.17627175384,10.2770112862
6.76481752958,6.74080356257
6.50631604015,7.70246253837
5.71653677321,9.76874510133
5.43528966272,7.57900631616
5.53081919127,6.8575162242
5.49983580939,5.75506326871
5.63667573494,7.13892278831
6.03585651974,7.10615448995
6.42336654873,5.74152449269
6.71826231824,7.19097755248
6.59132976482,8.52762037309
5.70967485083,6.61984917193
6.52880699084,9.38263880697
5.65065852167,9.79549905243
5.61721359801,9.71584751523
5.75970171605,9.63715547704
6.5445068018,5.56477061564
6.00801910695,6.22594563791
5.91271317512,9.81109787947
6.21077804691,6.92387843556
5.90204053744,6.92487677139
6.19292162382,9.5678644994
5.83934137912,6.60870275832
6.34727683908,6.55281742283
5.53425225858,9.93612560469
6.49929225378,8.53605652728
6.61293311388,6.44458638961
6.28158075933,7.48712911595
6.09755633955,8.03176170551
5.57972599041,10.2795635833
6.54540072854,7.55343810385
6.23962811873,6.70299130724
5.95477040068,5.36894156793
5.72195738646,7.54920796132
5.60261980829,7.34439678179
6.08858482752,7.63095895799
5.51823204191,8.5940642447
6.26078355906,10.2123347537
6.15600496699,8.67298020301
6.35162992994,6.08349160576
5.60997718106,5.8692924503
6.09406892777,6.44853410076
6.20623338881,7.9869342324
5.86332501558,7.98938693793
5.77179521198,7.87176363339
6.00408278204,10.0191862781
6.30366860978,6.88402320796
6.71506233814,8.95907822418
5.54526771678,5.93649204453
6.33744887041,7.75711619294
5.98643520024,8.48871504813
6.03342900837,9.15715518305
6.38258856404,7.98569436329
6.57524701831,9.15738699633
5.77855584007,6.88384726298
6.56523120398,8.07736574828
5.71937757906,7.6554903198
6.63653775942,5.38446956194
5.53468943906,6.65659804648
6.55636731246,8.65333447409
5.48706073192,5.63650801835
5.71765912165,6.50593424756
6.56783923517,5.47199968817
5.96217614126,9.7176317709
5.6282938094,9.9508386939
6.39903882653,8.99919451387
6.31070450426,10.3202150211
5.93316215873,6.03259706489
5.43227415898,10.1878024058
6.42703574099,6.50678306001
6.5819160004,9.68147092883
5.44131866492,9.27885846952
5.80193430078,8.4508406871
6.50338991606,6.55307520117
6.19188407498,7.00715283561
6.59940413167,7.73073634445
6.52650697184,6.46700190471
5.76095602593,10.0007490706
6.66824273273,9.66539715034
5.83981986539,10.0594927418
6.50972533609,9.6485024524
6.04001061403,7.8872555836
6.76555426273,6.91978193846
6.48875755224,9.99897669661
6.15414394173,5.59231378168
5.49767015223,10.1507671817
6.7207208409,8.53896067703
6.29312500484,8.06096393773
5.49261714114,8.44368945414
6.49846268556,7.6208332639
6.58506917324,5.72973761808
5.7535106035,9.38438069557
6.05370272289,9.70555617376
6.50487486744,8.4445924527
6.16842573345,8.1940238848
6.35474237057,9.49177073114
5.875992127,10.2448477016
6.40324617998,8.16391874203
6.7438658573,8.73387393327
6.66862671439,6.72732915749
6.13505159298,9.75197432535
6.48517869636,8.12583346903
5.62236033789,7.53423108104
6.38746752237,5.57643798014
5.78930770288,5.55198541935
6.28387506665,6.13527737849
6.17946321864,5.97096438703
6.59735835161,8.73926097889
5.84132834802,6.02045761056
5.43159737291,10.2856464678
6.34734247169,6.77380546288
6.75657012485,8.80850434505
5.94535587549,7.42928002939
5.43642176634,6.48007435659
6.22605417367,5.496628517
5.82719659066,9.97870011965
5.72546518912,8.72364973296
6.07054714899,10.0927076355
5.89146766043,6.3331834779
5.59483616851,8.14878726125
5.74103790237,8.05503978902
6.65102644006,8.13092228293
5.51156352935,10.2083053535
5.5197103811,7.30547496035
5.8929848472,8.50790791981
5.87173299802,7.81127282873
6.1325130126,6.95901236775
5.69024469052,7.21688598838
6.35014049103,6.65082791465
5.41518346313,8.2528150497
6.01453316373,9.49953019618
5.42964750429,8.70808664713
6.66241978912,9.94858778305
6.1459688663,10.0960268551
6.27536732565,6.33320388215
6.58633926172,9.06748996122
5.78429177695,6.62855978834
6.18338692158,8.10282985493
6.41080823975,8.76559048665
6.657533297,6.20295057411
6.21411089887,6.82042895974
5.4158140193,9.56902147952
5.79204104713,8.56422272064
5.65316436229,6.08766557623
5.79800047829,7.08633336099
5.43527759708,9.38926517479
6.45915100952,7.86852592391
6.46782581328,5.90385630175
6.68501427589,9.48408248156
6.66977043942,7.80529103451
5.92632696697,10.1758977014
6.07902698035,6.7839119032
6.13657005478,9.86696978248
6.53987803755,5.68727580367
5.67682157597,9.47038148626
6.3374972604,5.48035196883
6.16017662065,8.4530550797
6.45522751442,6.70804234181
5.52598194716,9.24267601417
6.56623877278,9.00855906008
6.11736791371,5.68328102485
6.71685666402,8.65585416967
6.13420289099,6.20667211079
6.20412234596,7.89035639214
6.13640484711,9.38138158224
5.86203358703,5.40414571447
5.95185416068,9.11166833345
5.97723514241,7.57314222633
6.63989267354,10.0126850835
5.97482239525,9.38315634133
6.10728844055,8.50350341097
5.94675303758,8.41719834053
5.94896763149,5.8187087734
5.78904438478,7.48890127923
6.4437023006,9.73141213969
6.30987767433,9.0631604294
5.71002356976,9.30609811238
5.41842525443,7.74991832686
6.52437860089,7.18944584797
5.91863601522,9.00253313547
5.51246249462,9.7618385452
5.62486484876,7.61109768288
5.92297348665,6.22103731391
6.22590108754,10.1164064867
5.91714441859,6.63686353972
5.93180753677,9.93136283413
6.10106961829,10.1909678254
5.7498932731,6.70279272205
6.43939388157,8.51017838597
5.76539052759,5.71677209668
6.10310968252,9.46831228395
6.31512696466,7.41342346268
5.42925425557,6.27691225783
5.84566310211,6.96960954864
5.52670236442,7.40953894318
6.0373696187,6.0341800498
5.74060210298,5.66042537145
5.84634955473,9.89009432596
6.58428684612,8.00177429551
6.62358815432,9.23750286129
6.05005870433,9.41246336363
5.7273946301,8.49496064758
6.12751524816,6.05185607881
5.49440614645,9.99661972325
5.85572591651,7.4561666901
5.71547809914,8.81884861691
5.43503687412,9.16872469728
6.18610395027,6.13655705818
6.60226256726,9.47533284214
5.52384903693,9.84717756629
5.43695674566,7.25849071254
6.27513252361,9.28895457744
5.72342939996,9.8304261628
6.43820431384,6.60125188726
5.47342648791,8.52007811497
6.26709433288,5.82174899904
6.10871381559,10.0426706788
6.36477268235,7.47066657075
6.15511105619,7.34475327864
6.01146896315,6.64672704863
6.44760675081,6.42944337928
6.09137977687,5.97005935893
6.19595231236,7.78223584563
5.77596617182,10.0509123711
6.65444597709,5.47245299858
6.60644313894,7.94441666929
5.8774336026,8.61536198134
5.43396735763,9.81378242181
6.6488700608,8.60603882387
6.5146873416,7.96140660913
5.53296416558,6.25028067505
5.83609262187,5.95768319852
5.5045668369,8.35973297438
5.81375661993,9.45107966566
5.9313532333,6.72485073463
6.26405033854,8.45763958386
6.31518091738,10.1015060158
6.73736029157,7.00207472968
6.19732975676,8.5473655064
6.59526203052,9.56392855562
5.98927769317,8.05290363001
6.24530568762,7.18774483747
5.92237563076,8.14646593901
6.69206069676,5.55876434054
6.41975831537,7.17693044751
5.98556098335,8.59384611934
6.62041946311,7.54650126097
6.23766701873,5.59269626992
6.04791887544,9.31445109332
5.49009816184,9.5554576284
5.56557285043,10.030968782
6.09456162778,7.83035935431
6.23690534355,9.48770052445
5.64680245713,6.49116869684
5.63470063714,7.02944375155
5.42262357595,7.03628184884
5.84873136492,6.11936733942
5.99612571024,6.39209670152
6.70891316856,6.29800993513
6.52095232213,9.91839704538
6.62417965182,10.07697179
5.52395229287,8.16224372828
5.84700331422,5.7396384171
5.42029531922,8.47366069062
6.61879009271,6.29672586575
6.15787232769,9.50868564013
6.75822636175,8.89845480965
6.02024728283,7.04527737175
5.78793125756,10.10967755
6.51875351334,5.75505804555
6.46059132519,7.12279649394
5.60124090285,6.59548208177
5.506068885,8.86203821621
5.58956118927,10.1478262912
5.94039928829,5.45983646597
6.40428591244,5.9495736756
6.58398480799,8.30085998331
5.89826485306,5.94557138055
5.79022792739,10.274600125
5.93315628624,7.01183180786
5.93114971744,5.63963741917
6.37552522366,6.39449588464
5.6880483568,5.57438229165
5.68365633855,10.0514288111
6.51531053593,6.62790206347
5.53652960692,6.13937462355
5.45600568166,6.05797907447
6.43131509597,7.94257999406
5.53254995405,9.05346045852
6.32252087475,8.95627497051
6.22420876757,9.69292360483
6.3221929418,8.73077816651
6.1803352324,9.28262121445
5.76102995135,8.64563460309
6.39530329355,5.38317909822
6.15821027136,7.44468417801
6.39676693768,8.06496095526
5.53736627281,5.84096095519
6.28376600359,9.18352458942
6.06720001779,8.81014283176
6.2306664428,7.29609926499
6.65863642057,5.8602753835
5.44798165421,10.0746368892
6.59792425375,6.51049831698
6.39067007977,8.88500168947
6.30833789381,9.81745268948
6.01274270392,8.16739405184
5.94712162084,6.79581780354
6.10017321402,5.86103936632
5.5784526639,5.58887946059
6.02257234076,7.69792119684
6.66243535822,8.02652069183
6.10464684996,5.4840244898
5.64188011805,6.40001816743
6.40356675703,9.63141852336
6.19729327991,5.8796337066
5.5733678932,8.65238628329
6.16265927511,6.63246366267
6.46764122543,5.63739775264
5.72750996724,8.26466269993
5.78086034081,5.36146903322
6.6611152861,8.22771676726
6.0287778129,9.91260158103
5.73431261554,6.14867626453
5.4473789838,6.68916988746
5.82938963492,7.53396336032
5.43635648446,7.47340683107
5.77111776693,5.42816732218
6.13389867048,6.87889534349
5.43118893146,9.71264890679
5.82137581351,7.15420725202
5.57617166866,9.79700812609
5.87793721575,9.38473632185
6.38615569538,7.60031543706
6.12192753993,8.34157863348
5.66298923169,5.97994208302
6.71409521707,6.02990130026
5.81665789572,8.27172878593
5.45080625849,6.37421203579
6.46927959089,9.1914395627
6.55745923902,6.16453804917
6.51499852537,7.77715434273
6.3342146758,7.66351688608
6.72871519908,6.44066724312
6.24074033043,7.39564479344
6.55237962734,7.07422751438
5.90239476828,10.0133477506
6.08492995405,6.23694568221
5.49877087211,6.61077537109
6.36302875896,9.88032456463
5.96761481065,5.52417786316
5.6473226984,8.07019883721
5.60223526269,5.78915643543
5.90924013017,9.63908261503
5.55851550083,7.06878082207
6.12285069851,6.7175943964
6.34624384925,9.96462282141
6.58899807373,8.83246258754
6.10040659118,8.5821767535
6.38078599019,7.40204828895
6.58045580862,7.46188680899
5.69120164411,7.85435331034
5.4311403456,9.48957025052
5.65768305204,9.63996423127
6.52574419291,8.75705061674
6.71908422794,7.75320034686
6.37269157286,5.84311136965
5.94605386835,5.72234577802
5.88361176076,7.38548525332
5.57022587226,8.84089240087
6.46278171137,6.3449461644
5.58829537999,7.80855445197
6.66521025195,8.43071508556
6.12925512217,6.80764804965
6.6307751761,10.1565854982
6.02380570801,6.57789692482
5.73985110479,6.34449255679
5.45169524793,5.84953207956
5.78674351208,9.84296568682
5.43803814549,6.17603680459
5.72273274402,8.15856459185
5.99203084739,9.24323380944
6.36454784023,7.05673186165
5.42774047277,7.95433511709
6.26950465684,10.0264264167
6.34538457177,8.55098785022
6.34462085321,6.18211455038
5.86913318759,6.86352242317
5.62414345762,8.71781870457
5.60169241505,7.70643648964
6.62411169556,5.96966596322
6.28941258781,9.60345264388
5.69879764975,9.56555505074
5.4972377925,7.02223260792
6.64323576436,8.6930000439
5.77968344695,7.2458370591
6.17050661126,7.22959572763
6.34424534993,8.11804040414
5.75142342222,6.78233759337
6.61316692814,10.2973648139
5.43568604771,6.80562486821
6.47799511881,8.70435363002
6.11333022001,7.93243403096
6.36283356022,7.91109614885
5.66941964357,6.82748514896
6.05782312337,5.37726267221
6.2399607959,8.73328757199
5.87873490473,9.48355121811
5.77304325882,9.55254781453
6.39500375172,8.33391510739
5.7169325697,10.1783398406
5.69918896515,7.76066355658
5.63677678379,6.29612820455
5.68668891683,10.2799215197
5.88701646087,5.54814138834
5.7644347959,9.49516910947
6.73530104553,6.53132433513
6.60509605042,6.65800275372
5.4221982371,7.11505867584
5.87403445003,7.22347934635
5.63187385412,6.18707249046
5.84250010927,9.71340935054
5.54511999302,6.72410698995
5.66303162127,9.11450896533
6.59501041298,9.9583620453
6.64531894826,6.5687111247
6.18739354775,7.55618117131
5.76669701544,8.35415623371
5.43940095492,5.52986509889
6.44812618667,9.33349771966
6.54580752131,9.71991513406
5.58496410079,6.78863340788
5.83691703409,8.18299249993
6.29154243903,8.89065039856
5.55864386058,8.946590427
5.88662208938,8.07382696347
6.6684950268,6.8484098625
5.91037338345,9.19473885345
6.4067351067,7.11129950442
5.42505895377,7.67275834344
5.54034952135,6.44033297613
6.66882535725,9.76132348605
5.43363342383,5.94516096702
5.69274128039,9.70919056707
5.92957335304,6.86786712959
7.28641184622,5.37107130188
7.33373287992,8.33085513505
7.36715952235,9.71316579225
7.97529562839,6.00148405163
7.27388484376,7.70521259809
7.46989550523,8.15819302571
7.10669248034,9.78439686266
7.28132699254,6.53885254694
7.08216790891,6.64155228993
7.40913137685,8.29745693465
6.93572837747,5.99607277819
7.84182479681,8.00079552608
7.38397991905,6.35991413204
7.8932937392,6.35551831021
7.69755214949,10.1601650559
7.57749760692,7.09947070802
7.88283297272,8.77694397435
7.50812477647,8.08103996222
7.16433583583,9.72280428428
7.17430254999,6.9287523972
7.78248729622,5.93152328608
7.53489111182,9.43760843111
6.80131097287,9.29553182011
7.45898074922,9.27763078465
7.79219042128,5.65579107344
7.17532809923,7.25888988826
6.79175864478,9.51650150404
7.29969680114,8.99520120932
7.74654185039,8.49552687855
7.83730054117,8.45523528804
7.81963028935,9.23712426668
7.74435456067,9.29496555229
8.04780832788,8.65171418484
7.22769490678,9.90332205062
7.9187377528,9.06776022726
7.5255815391,7.82488487233
6.9013883009,7.30121223458
7.81636598333,6.10606466213
7.28355017409,7.61717818266
7.61822640332,8.22480325443
6.86132519255,9.60779867313
6.93166879814,8.66424178337
7.35790286692,8.40429006769
7.17275662506,9.62080490015
7.51920637314,5.35204912357
7.14175003941,8.34778606334
7.54069799942,5.72302298439
7.58645296061,7.62990659471
6.74546387943,9.59864124469
6.8336955457,8.89829427714
7.37880689694,10.1555060156
7.75163315041,8.82476287131
7.87966028793,6.18159457078
7.40257949479,6.57040050543
7.18810728896,6.60809346697
6.76927649326,7.50390933698
7.85244338858,5.61286466362
7.37931315784,8.53818884692
7.53824374074,8.17394048728
7.48915260784,9.68089471377
7.38952117272,6.88494790198
7.07125421224,9.69314847142
7.99799298443,5.5055255361
6.67955109865,9.04808827395
6.85085645742,8.01866584928
7.54135616962,8.53317010605
7.8231993749,8.3798851395
7.77480786657,5.76426246722
6.83674678907,5.4831066349
6.85532436622,6.8953554742
7.38469052651,8.1156537193
7.64728692061,5.79387676474
7.29796742435,6.15120751954
7.80564023094,9.12535715689
7.67450657162,5.90044596915
7.96779453374,8.60813748056
7.42901069565,7.53572211032
6.91170983995,6.21135414301
7.25749852864,8.65374072971
7.38104172463,8.80772356908
7.50133556436,9.87730359619
6.84932975742,6.18208690901
6.84332516038,6.99735228453
7.99674643832,10.163807081
6.94365871519,8.0550698323
7.48188868007,7.73971019082
6.94899521894,8.39491939119
7.04315111491,6.2862146579
7.36350597145,7.59022314356
7.056733319,7.28513787584
7.09386326602,8.05243493156
7.72694820588,9.52575383259
7.5776574512,7.20791088915
6.98810195694,9.72313835387
7.77358336989,8.61411248479
7.52127346251,9.20385197133
6.9908370859,7.32976006497
7.83613548098,6.01858639401
7.50322984641,5.44167429943
7.54933023373,6.9892989719
7.18822884442,6.71354173921
7.11821768855,9.06526961858
7.45034850169,5.3600824315
7.45325659755,5.64292018498
7.46022911661,8.4897478578
7.60009541445,6.79375748168
7.07727337345,8.58520243399
7.17980121776,8.61041880873
6.76611716494,6.84227235912
7.74639028196,6.03665463953
7.32438799989,8.22906558805
7.84565665477,6.64119894569
7.0166614644,9.16553944215
7.88844451893,5.69551200325
7.37286299582,8.94845864671
7.78261076335,6.82398336107
7.07575356822,7.00551289644
7.03397185402,8.10156681991
6.61720742498,9.38956785632
7.23177859247,9.31019250947
7.67818736025,8.91303857779
7.02523531774,8.93498845827
7.71509004703,10.0639503049
7.00776830727,9.81524019808
7.88432501897,6.7927146824
6.96469375587,7.77271965472
7.10702814214,8.8905076514
7.25739828775,7.11251221433
7.67230752041,5.98028216817
7.26458478787,6.72390666019
7.43367570785,8.8815945567
6.75058629068,9.19594497223
7.68317439357,7.13653364439
7.70285635247,5.45186789315
6.70501732487,10.0652882316
7.91848957855,8.3350820362
7.7848855263,9.62196151608
7.52799867118,6.4461711896
7.29771126649,5.89450953032
6.84220980982,9.20231602691
7.00553950205,9.91155821145
6.98360950262,8.26547176075
7.94854869519,7.97178065801
8.03841339444,8.93824487935
7.31992674539,7.0180846653
7.68454489493,5.66971871671
7.94305887523,6.25574707985
7.87197245442,6.88918656833
7.94695066399,8.46517506328
7.25398855567,9.70649045659
7.35476047774,7.76828536146
6.80769790649,7.25614839872
7.18011905797,6.36315384079
6.8872844371,5.80473914124
6.96635388769,9.62294697974
7.42701767868,8.99762729569
7.71716225971,10.2369541968
7.27817884183,10.1034035775
6.80039457553,7.35326812047
8.01213721472,9.20044738277
7.92301719705,5.84714890156
7.9057210678,9.17489333694
7.39903016155,8.74272715352
7.63061437678,9.57839349278
7.28958363399,6.34414977514
7.57171758183,5.90071625712
7.97325251692,9.47818565793
7.92410581504,10.1027623013
7.67010065958,9.28363426577
7.83637063661,5.84825202079
7.18539599409,9.82138929702
7.79870485166,9.83142905308
7.26436776825,9.62654367515
7.18334524225,6.48238203605
7.81446833776,7.11222655237
7.91767163036,9.28056961741
6.84688074477,9.95424437291
7.30915510393,8.87435351309
6.96932049049,6.82874661471
7.87155072769,7.50995781198
7.67929381302,9.67771260941
7.52405146562,8.8122554756
7.90925320138,7.27422064953
6.91714347017,8.13179504106
7.73379220547,9.76634398873
7.4750172639,5.89204135714
7.93175211605,6.47748557263
7.11214878363,5.75895902279
7.88631283545,7.1258525173
7.40038075406,7.38658878395
7.31448586178,6.70274081327
7.44686674964,8.77982099955
7.87823155338,9.54103151393
6.84997639704,8.34584973176
7.80979067883,5.461724895
7.55917184858,7.43410787677
6.79883260543,5.55823817958
7.13968859019,10.2850485693
6.98196523456,7.22916687403
6.77460751506,5.83066840714
6.6939830113,7.90785846035
7.61264323538,6.41731075399
7.14391090197,9.2730962925
7.01108535804,6.37386398582
7.20321807904,7.76320753836
7.96684483608,7.78000291357
8.10653600252,7.29480046242
7.47897518185,9.58355767062
6.9434949692,7.15518645319
7.42567967054,9.22665197551
7.06166050792,6.02092078959
7.70964522954,8.18519610699
7.27974676693,8.56007669859
7.46684392081,5.80996736944
7.0840426345,8.25979824708
7.7205918925,8.27791472815
7.11732765411,7.51391560211
7.33241944503,7.19231004136
6.91545667522,7.95742298206
6.91821464722,8.9445751621
6.78633401869,10.0890346801
7.18036941636,9.38310148086
6.78655212707,6.2918987171
7.70304470915,6.79791644448
6.85487655674,6.2613900635
7.98302561779,9.34431824895
8.03119179102,9.90888028023
8.00770283397,7.25157784866
7.76107244696,5.35301918498
7.61070643336,8.97229096775
8.04577770648,5.74119026834
7.09330233003,10.1615999913
7.05407860868,9.94779515434
7.05867747906,9.89178911475
6.73501087691,10.165255928
7.19935191018,5.71564997461
7.54133234534,8.89253558899
6.9103701998,6.8264828371
6.97294114272,10.105914117
7.21400416277,6.08983653246
7.37055367217,10.0103054368
7.88851504049,9.82837068657
7.92557224914,8.94231301551
6.94932287662,7.47914509778
7.92761332708,5.359873814
7.18006431955,7.93056217675
7.76325342507,5.55647544745
7.62809772961,8.02568481397
6.91407072422,9.82776757137
7.60420321083,5.38110637323
7.75683323515,7.47864590301
7.31641958102,7.8861592638
7.84228093036,9.92130373502
7.2310571404,10.2935465091
7.59037246337,8.73028194221
6.80660509005,7.63795865179
6.79800441762,5.7363270437
6.66991418762,10.2405299963
8.09319450751,7.82049187509
6.93049510285,10.2702202344
6.8899962569,5.54093583986
7.08937670519,5.9289506706
7.91626156832,7.60953956323
7.13778241042,5.5676459734
7.79328087881,6.3142873985
7.71956030466,7.74614167959
7.2299736834,8.16910457757
6.84697644782,7.45189477484
7.67795818227,8.78802289426
7.98812003696,9.83357802538
7.51391408586,9.33877720376
6.92762931251,6.4481304182
7.19586452896,8.53029331733
7.6115354528,7.96635740173
7.00506500574,10.2038589999
6.93693105206,5.59435414925
7.41603436173,9.63227331039
7.03336795376,7.51132462838
7.11167352497,9.16012979359
6.890453687,10.0492252911
7.56330629331,7.692868596
7.89340334078,8.40079468673
7.20040653528,8.93745981029
7.0588462409,7.34794116487
7.46803535969,9.49463831111
7.44772617539,8.38627114947
7.61187427283,8.86686310498
6.87406093464,9.86601153667
6.65931282171,7.58596504777
7.85308981273,7.67054793069
7.26615018063,9.57086794127
7.56514595372,9.74956246188
7.68258279076,8.58690247639
7.044693139,8.48563531815
7.33531097973,6.78748693938
7.13668341131,9.93914438465
7.59875527234,9.29258428437
6.79553353318,8.20254333938
7.43649846656,7.83473446393
7.78324114414,6.19574103198
7.06095331024,5.70304262975
7.54420460624,8.45831253512
7.24306436209,6.87162231023
6.91081929142,8.55791483568
7.16078096312,7.5701764497
7.65400282176,7.47745196448
7.98012265965,6.16373707858
7.23470889907,7.41459257034
7.58742599274,9.38402836111
7.60557734777,6.89847400135
7.73888192844,9.04955490771
7.6759409605,8.43328952291
7.11274596053,8.78773131337
7.37756966471,5.70444270061
7.8674983081,7.19064210049
6.67441400967,9.18699764619
7.72088096619,9.86996319685
6.83099055109,8.72974831318
7.99714906937,9.00332084115
7.72808705671,5.85309748821
7.19835914123,7.49720040011
7.69175165826,6.24002641019
7.90744661889,7.69670817887
7.84025178966,5.37101498993
7.72997346131,8.08164829168
8.04837696466,5.57820561354
7.03470603114,6.89168625099
7.09746848393,7.96767756277
7.27597560085,5.81489126033
8.02793970188,9.08812526835
7.19056457201,8.71238113397
7.88455628621,9.64390787405
6.83567543231,5.38229282492
7.29751489194,9.81475815939
7.9585832056,9.63781123957
7.956509588,5.58002529452
8.04459244987,7.99265402726
7.83885269357,8.86793261617
7.35071821499,6.2639790599
7.83640056985,6.81159662349
6.9879093587,7.98669846276
7.0166994568,6.74366464185
6.86495217439,5.64794576742
8.00675540235,7.34622297463
7.76771071536,6.267818426
7.25647871996,6.66430827667
7.22776619456,10.0069663274
6.78041616077,8.43113384307
7.7811085733,6.88109781042
6.74304830267,5.46354909261
7.21401491368,8.79494341954
7.95385056604,9.72972508681
7.92427034617,6.71159407231
7.29768185677,7.50326636329
8.03264792882,8.57888898902
7.51749617892,8.27669466408
6.82402390373,6.48994199436
7.53183863136,6.20551485725
6.73698786916,5.36140906129
7.29982497589,8.7448486466
6.98008776973,5.88433642671
7.1961484551,7.32924588905
6.92139358163,9.12010518573
7.11035523231,6.72053465269
6.73244449726,5.92784546245
6.83801281712,8.82455558724
7.01090547396,5.77840289623
7.10489470465,8.98030894289
7.79906291403,6.73196753194
7.35284347125,5.97520866595
7.75465706785,8.91412883498
7.56356424837,5.59433184538
7.16903551911,10.0923332329
7.61106513588,10.0844852497
7.42999652119,10.0577072943
7.18602494681,5.83328647311
7.83977241553,6.26435831028
6.82563016718,5.90325599734
7.62015890933,8.1159069783
7.11311210045,5.35489354916
7.87618950936,9.4465681312
7.08838520483,5.51737252287
7.80609975778,8.23217653277
7.46678470254,7.44857875083
7.58106161675,9.65763687118
7.03162661969,7.79602306305
7.95420220783,7.52827536311
7.37918122117,9.45245170548
6.77991557521,7.81926585731
7.39265057409,7.46681651068
7.09324465885,6.43768057788
6.93543602622,10.1894658779
7.48177474898,7.05440495769
7.76718676036,7.82317069588
6.90552615525,9.49643940381
6.93331320348,9.22930002003
8.00080383671,5.66124191202
7.78296569615,7.68968843111
7.33467791523,8.00257782001
6.81999190164,10.2500244324
7.39743937333,5.89611000468
7.21551610598,9.06835957794
7.55720121939,9.83950353855
7.51697467122,7.2832264978
6.78457850208,7.72126818222
7.46461053904,7.3885900966
7.10552914095,8.63964655241
7.12709880188,9.48216352308
7.01183018557,7.41761723808
7.03522008017,8.65895288297
7.47902555992,6.9482215357
7.78861441963,10.2164557199
6.86345400145,10.1384284781
7.97079327125,6.95658366312
7.06043912202,6.53425332491
7.8723810774,10.2933570756
7.12913004894,8.53614096502
7.32230701378,9.93673211434
7.12370838914,6.22800231402
7.9729499056,7.68370799509
7.30432135751,10.2505665199
7.01925940042,9.04215493205
7.66231482439,9.35759853507
8.03558997916,8.85037837295
7.88796274989,7.8782040582
7.59096858324,7.32379763347
6.78081908026,9.68348427298
7.37348123783,6.06724636015
6.93571366451,9.89449014175
7.51067103374,7.14147068088
6.95906406194,5.50824900603
6.77770109178,9.87455107282
7.49097338386,7.50966049348
7.27517898215,6.03778274333
7.12192426438,7.84974242208
7.28875730302,6.9365263956
7.33820736002,5.53479558903
7.57244238663,6.00732504939
7.38322586052,8.46708254464
7.23872139786,6.25542681327
7.64586878081,7.0118608285
7.60593928237,7.77520302063
7.29623044117,6.85614279275
7.63265027916,8.33453880974
7.64314992252,10.2693337328
7.65132902105,7.68033485961
6.72212220365,9.73709359875
7.79720712605,6.93344212911
6.65279429906,9.13058583938
7.02758736543,9.25974711757
6.99671342666,5.46093072721
6.91815783074,6.75667330951
7.36427195289,6.45837304826
7.51758810444,10.0302688302
8.0552254398,8.42051555173
7.42119210654,7.92825538694
7.94040372419,8.07667122173
7.82535670591,6.54109192297
6.7367918446,8.31448944125
6.82579787277,7.92114011587
7.42201767597,6.79479763068
6.86189141181,9.69809963975
7.01107084124,6.05644964904
7.97577521939,9.56752254747
7.18850195056,7.18583534057
7.3967082917,6.99187572771
7.94827683721,7.06932865192
7.49769081119,5.54864574871
6.85937981538,6.71133449483
7.93947821288,8.84435667857
7.24376433681,7.93460027019
7.47387606205,9.09259734451
7.00035765006,8.76016985435
7.12446615983,7.41356496515
6.83163113383,9.40205818997
6.70717559863,6.13024509164
7.12731156734,6.81099442799
7.50692350621,8.95850796117
7.79761220743,7.59709604486
6.9259180657,6.36178509662
7.95902645317,7.17769158357
7.31716881604,9.64122895856
7.53895497681,10.2809981157
6.89679367493,7.0903750226
7.71278020951,8.86314548594
6.8232426807,8.5100184767
6.93696048058,8.33381211555
7.67161716959,7.3866440421
6.80659180389,7.14937751
7.24470426672,7.01810208049
7.5700069758,8.02438539843
7.69565286483,9.1167929516
7.1287539202,6.01475906798
6.978269907,9.5482399218
7.37349679094,5.35958813965
7.49384379384,7.87979046937
7.57932762235,7.88932831979
6.8316982923,9.78681193799
7.09288421787,7.2052736984
7.41015687231,5.55161924686
7.17046495544,7.02531169732
7.36735225963,5.45121918627
6.99877684611,8.5807619857
6.70788359258,9.13333106382
7.73942513036,9.20648192052
7.07601596222,10.0392581366
7.9694992317,5.42665579161
7.21540924727,9.52651630923
7.08796290774,5.8363605239
7.59494667823,6.70288309043
6.93728439909,9.33901727679
6.94638689966,6.88669276293
7.3595224027,10.0667889639
6.80092230894,8.98119177892
6.77375707741,10.0210912237
7.73348339248,9.42418804216
6.96497806366,6.59798741607
8.00325268927,10.2941787695
7.71341136671,6.57951281294
7.44972449627,7.31724306765
6.91895731456,9.76109587015
7.46230450966,6.28982723532
7.40308437089,9.34123759205
7.15111522253,5.64299276498
7.69822150847,7.97557982015
7.4674877273,10.2194937802
6.93319373397,9.03014011618
7.79126367292,7.38915517692
7.54003818073,8.38043529336
6.72694492422,9.80822362103
7.67579017096,9.81275669741
7.0121175054,6.19353993573
7.48024698568,7.61231290948
6.74043149173,9.95547902114
7.74639395225,6.97908383485
7.88124208432,10.1755731632
7.37238936679,9.06930980424
7.03297742742,5.50810192435
7.91751183705,8.24541408536
6.95645735715,5.38132804178
7.64358090628,9.2039306222
6.92160014441,5.71893374621
7.97838215712,5.74922066165
7.63276009153,9.46716640776
7.58533766752,8.62000635395
6.94672349467,7.58581630585
7.07217266171,7.61825275732
7.88012965879,8.54867187957
7.77961245705,7.19955618203
7.05977717645,9.57719448758
6.80525898727,7.06901005172
7.2097563893,10.1858544876
7.85199738091,8.31273725037
7.52040441225,6.37351701483
7.46085670424,9.79556023898
8.06852033946,7.71044924509
6.84716716458,8.11030638312
7.56788245401,7.54592502538
7.09265488682,8.16110863323
7.12531087688,7.29557113783
7.89696997674,5.44044797439
7.01627223874,9.47898907239
6.9768415817,8.87685079172
7.03273954141,8.0234525578
7.34088315016,9.17826717827
7.66996570227,5.57103800454
7.99453065161,8.52917573932
7.56207554706,9.93786783801
6.99708953595,5.56813171387
6.85124712431,6.79240202865
7.77275039376,9.99992068864
7.54889209643,9.51996272159
7.63455028157,9.87108871228
8.0368856698,9.66498703394
7.2329818176,8.47979712706
6.7210237961,7.42569678076
7.77814752964,7.90760290886
6.69946115851,9.88662654367
6.91285862684,8.75264088917
7.07975234552,5.43686467221
8.01352771493,6.07485061496
7.05928841184,10.2426396072
7.29275501387,9.37908067199
7.44934630736,6.4152752866
7.61699597496,6.5277254844
7.26680368821,7.34907204953
7.43170317105,9.16373712861
6.87202330077,9.0337065889
7.19668740028,7.65423872858
7.01474595539,6.46163773089
7.28333720986,5.75044287714
6.90243098935,5.46063667068
7.50337489846,6.84400132726
7.95016192425,9.93833173045
7.46004365012,6.48937338316
7.27136889156,9.25617066982
6.63627367196,7.36895227799
7.55136158568,9.58760411665
7.29810753386,5.68152786246
7.52305646225,6.09541306858
6.92861283077,9.6978015325
7.40574522854,6.69781933332
7.02442731371,5.97979854547
7.59246667861,6.29877846743
7.92975657027,9.39510210903
7.68843828921,7.26659984708
8.04583123215,7.02686900493
7.92450046521,5.7732408738
7.91083403697,8.1599840322
7.23847843046,5.60441317971
7.16016117969,5.48159611723
7.75794882928,9.93166087116
6.74362928256,9.41828332425
7.04609112538,5.35494131334
7.89912025504,5.94685591391
7.21211266313,8.27049562268
7.00568230247,6.11314373781
7.15188516754,8.44895053003
7.03669172177,8.84663041498
7.84129613465,6.45225261782
6.82060507867,8.61339199178
7.3535566898,9.56221955465
7.0649181363,5.56610296429
7.99989575941,6.38917779556
7.78462348733,8.74397566088
7.83568500123,9.73341561654
7.70695026167,6.35001485638
7.02313476552,8.18897152154
7.86931049726,5.78694460338
7.64485839854,9.76096466928
6.68885782575,7.52576919877
6.96026479322,9.42639580669
6.89861600326,5.90400061309
7.06879857164,8.71671451035
8.03306775783,7.46933210441
7.37776204887,9.26188032244
7.13831607827,6.54512298403
7.48493250101,8.70599653273
6.70219178964,9.27368660913
7.81006387778,9.46719366405
7.55784693185,5.81010978143
7.32770152146,9.29339957334
6.74819309362,8.09767712935
7.79471002689,6.39637507038
7.77568804317,6.64236765893
7.52630253744,6.52413471887
7.3732660796,7.090489152
7.72012502144,6.46367275824
7.51592779072,7.96897099524
7.8462496233,7.00945590886
7.68469552739,7.86434668079
6.89487597067,7.70612343326
6.92193067349,8.82604380575
6.88181975005,7.19073338741
7.36915547197,8.64107814644
6.70816121723,7.30529232152
7.15659958361,8.10278346728
7.25861321121,5.48358011227
7.09321595834,6.10795895969
7.63310994058,8.51375344082
6.70238350423,7.66120521901
7.47421914248,8.59465677568
7.42756552547,8.21507451699
7.34753679493,7.30805273827
7.59341239742,5.64740803329
6.89647637956,7.83180633606
7.30961488763,8.46606298655
7.42353193507,6.1694552856
7.07817201674,5.63442750384
7.96574654545,8.38592352706
7.72548777618,7.65968013615
7.24798628687,8.38444817496
7.11570794845,8.69327611545
7.74823484914,10.3098180477
7.38524445301,9.86521582136
7.88391035609,8.67234804069
7.51624638218,6.62543319934
7.32362840433,6.63664939925
7.6947936473,5.3561464302
6.98447873783,5.66374634066
6.83983473912,6.60914221573
7.67373868476,7.5784347569
6.93015785861,7.38726931653
8.01485676286,7.11834720458
7.2514448743,7.25494334247
7.40306990388,10.2884380074
7.2165172007,9.45747259042
7.33353716017,7.67138471609
7.03135489216,8.36320109804
7.97224151912,10.0398155578
7.88019063536,5.53327740859
6.93060663511,6.68817179588
7.70851021515,6.8992247932
7.81940753841,8.99223901474
7.69035525559,6.69038420848
7.31438992089,10.0337913983
6.84339230637,7.55874290589
6.73444510721,9.3523877744
6.94602594779,8.1904930923
6.91863160388,6.1220264346
7.49870728989,10.1276293737
6.83234531099,6.37081740391
6.6879599085,5.75533267518
7.18783587157,5.39677920081
7.44273153844,9.94926421737
7.43553037933,5.49196100846
6.96495038331,9.98981182279
6.76632879115,6.21797393656
7.20250738437,5.95344620856
6.88109463255,8.17635531109
7.06329104956,9.37302149482
7.82920211312,9.36536378448
7.99748678124,7.626566686
7.44367669373,5.72560796383
7.46123634739,5.98699032915
7.45975998125,9.414284401
7.5141254047,7.34944043594
7.44815370935,7.21362428126
7.02186848056,7.11708558238
7.00204195452,7.89582142358
7.21477915091,8.0135998923
6.79375332425,6.10769518183
7.27863168937,8.090568871
7.67572901318,9.9660699032
6.96018717259,8.50543163263
8.0491568416,6.21958150218
6.81824642686,5.99419331448
6.94940045441,6.98255664485
7.27093971966,7.81144333675
7.2674410243,6.43264245978
7.5910350026,9.09746698644
7.73772756851,8.37562197003
7.8899811208,7.3934070223
7.10789136216,9.8566090614
7.64375067485,6.0805938006
7.91515396373,6.07484782858
7.43257863694,8.02264147353
7.71027498416,8.9790653373
7.95819391488,10.2497772839
6.89321926123,8.45632506946
8.0081971007,8.14347899951
7.51073853578,6.7358367381
7.32186476551,7.40977254153
7.8078364782,7.29368283749
7.92519910117,6.59394789194
7.75165310785,7.05843770221
6.82760069402,10.0433515303
7.61874564692,6.17940369939
7.21997813381,9.18086584956
7.66969248121,9.04225874099
7.23804554788,6.7976070583
7.00193968209,7.69761812642
7.5784579824,10.1892403786
7.1895561916,6.03947831992
6.79432810501,9.09876868215
7.6214634135,6.62191019509
7.35186145893,5.61741357906
6.89017491271,8.25445316644
7.15224678081,8.20087168521
7.86670810293,10.0337253333
7.74473203803,7.34381219029
7.40227146088,7.67472525975
7.13468504345,7.10399380553
7.10042417438,7.732590714
6.76097565916,7.99739072814
7.84216617021,7.76035143512
7.59815000108,5.51074927344
7.8330936422,8.12269531052
7.22402624557,7.8592112539
6.74407183407,5.64735352206
7.97533178671,6.32061176616
7.18407785863,6.14602351855
7.36002971323,5.80075106101
6.75622427213,7.56999945457
7.2864301569,9.48321354424
7.2368198824,7.57051150816
7.67969723884,8.6805934526
8.07374571964,7.58799844675
7.79513617666,10.1167494585
6.95299721949,6.28344113468
7.60817016628,8.4276955204
7.73216544656,6.126967612
8.44125917965,6.85136813107
8.37264232928,6.34884112132
8.15013769139,10.04954762
8.42273989373,9.9469384977
8.16248593601,8.37001685977
9.05825605609,6.68502605653
9.09665940696,9.42753194213
8.64022623347,6.77373898831
8.95448611054,5.8527524407
8.20114563119,10.1193735896
8.56844260353,6.45315282885
8.68754827308,5.88457709636
8.80663867031,7.00070701905
8.23528637889,8.88263797984
8.25972002124,8.45090518742
9.16295370761,7.78442132397
8.55289535444,9.65516475672
8.02624339499,6.86841405697
8.19552177717,7.19697014719
8.61498797261,6.89742909595
8.19081804386,9.02775584983
8.96744782966,9.03387593959
9.09265752296,7.6726622261
8.86436680923,5.87622082941
9.07478312365,6.03024903491
8.41918834958,5.61814668306
8.15273175362,8.00714928311
9.19965370802,7.58312101509
9.0809011147,7.45149186609
8.48283289511,5.47900835701
9.23804558433,9.25438730831
8.87159387216,5.53240647515
9.05861011851,9.02354941084
8.33742165255,6.16624348378
8.01893384567,6.28247727887
9.35764787758,5.51742660608
8.38440197018,6.45862247395
8.59687786722,8.38241292888
9.38374532996,8.24857406857
8.38703120415,8.85185035564
9.1263985964,5.64922713447
8.02838488876,6.64166151626
8.57796991414,9.26624127369
8.23515460502,5.65742832549
8.97869969846,8.43900017526
8.6639203703,9.44498523738
8.46054009475,6.28921663524
7.95115526222,6.81867231189
8.53419960131,9.46847247227
9.3003773292,10.0571129325
9.31938477655,9.09801792413
8.74922280235,6.80396603981
8.59480686115,7.91211091711
9.08739674957,8.68441836598
8.256523648,8.22957887196
8.26087744627,5.7603587946
9.17305745952,9.56722996346
8.0114170565,9.29230524771
8.25002659125,6.36654758018
8.92784420181,5.92317759709
8.75767193856,8.86637128849
8.30929898074,7.31307071711
8.5936765585,9.42596190151
9.06504816677,6.8989627474
9.04036227248,8.60146466519
9.010053866,7.09776235975
8.72793710471,9.06115939417
8.42085953872,6.08800001632
8.37768083015,9.2645115281
8.8729224179,9.42465984513
9.07334465387,9.92470938888
8.22944661864,6.00274843707
9.28182956464,7.94001844613
9.2205736688,5.35457929723
8.78856695028,9.50786387052
8.63495983894,7.00163003404
8.57669891001,5.49821462257
8.2853632856,8.80854899157
9.32683222785,6.01333162423
8.5672563345,6.5655242419
8.35684214064,7.68703235743
8.40685626485,9.59507389079
9.04710432633,5.68642816144
8.82373951942,6.39643952829
8.84648985155,7.66942294637
9.06734112234,8.9523888462
8.50073297047,7.93535472792
8.93448823329,6.850501984
8.20920778862,6.7393114848
8.17205048775,6.98296786369
8.52477820819,5.97182717863
8.55966908966,8.52535774138
8.25364469621,8.07968645436
9.2718030962,6.70197368472
8.41259185444,7.90055675869
8.1497813833,8.54952458155
8.1135021404,10.1613497312
8.42528763279,8.34358406108
8.32937958635,5.37545003491
9.00215107597,7.40934544973
8.51368588394,7.76595639943
8.10376870481,9.84427311197
9.18262899388,5.76823478188
9.25917015787,9.12380025365
8.96100581128,8.12481877833
8.40720560918,6.6588760993
8.22001184521,6.11266517422
8.93664768079,10.2457143558
9.26820271626,6.10034813938
8.17294247734,5.93584169557
8.76579994531,7.20987002604
8.37796019447,7.59419731241
9.26499538093,7.23623660084
8.84238813544,8.81798470141
8.95520253347,6.69797602697
8.70593290224,8.41850512295
9.34290326242,6.71385558059
8.96832979424,8.53625470266
9.12409370177,8.00393284746
8.87534828101,8.28875543024
8.93457875359,9.14056964653
8.10579864173,5.85547474069
8.26402856913,10.2790820397
9.23382033816,5.97124437567
8.68572080666,6.60569728931
8.5168526245,5.57968276288
8.88363272176,6.72969296366
8.81102653054,6.89703441285
9.18769935573,8.6848386629
8.07114131071,8.52104641337
8.84582642827,8.09910678671
9.35149669746,8.04202346037
8.07949464457,6.33601045422
8.44522292584,6.1804741715
8.27926460747,8.33657022942
8.13609423516,8.12314589211
8.52239584351,7.63696439599
8.52181368952,5.78640161008
8.83795703194,9.96917010719
8.06305896468,7.09395968584
8.23623781408,10.0281734188
8.46782002363,7.01988910389
8.67799235918,5.68350363785
8.94453751371,7.04586145464
8.80775983466,7.11514826936
8.42430103012,8.55509187697
8.56776275186,8.95917681571
9.09885783605,7.55788823564
8.32314076123,8.9692083669
9.01443033284,9.9967068116
9.28048813432,8.93381150562
9.3914764661,7.7461896457
8.77064736299,5.37542261096
8.39843263053,8.92459391988
8.49396137261,7.20444304166
9.09340940451,10.0597262543
9.30771870796,9.19417392798
8.40668539058,7.24908065895
8.24440087437,7.45608503829
9.13469312311,6.8992196623
8.60622921659,7.80270496128
8.94389282903,6.77230163112
8.76401151854,9.57250564816
8.47954458333,8.87201526471
8.87832964503,8.99767296572
8.04830247656,8.08165985335
8.50477955183,6.07796307961
8.21188745421,5.3852586066
8.44173941984,7.13483434444
8.34585049387,7.43374729225
8.07470191511,6.94414024878
8.84360207137,10.1425199359
8.70053735023,9.51818803612
8.82592141417,6.16200749883
9.08643148752,9.32237588657
9.12043944484,5.73677424022
8.21882382414,6.86621204539
8.17146966993,10.239483179
8.06211945,10.0733448082
9.41265254718,7.3936813168
8.10229334544,9.28869934757
8.81021118911,6.74005926718
8.03657488926,9.74696898582
8.92786262668,5.59357912856
8.8933833157,7.56492659243
9.05146888867,8.00668915301
8.7610812247,5.81845265891
8.6905309445,8.69896224966
8.71313361493,5.78268447246
8.64984548584,6.13672998862
8.81493542181,8.67340347153
8.79217824333,10.2030306781
8.81810705236,7.91699004485
8.01956759598,5.81718100527
8.68773461858,7.14999296607
8.40788685814,5.80948504176
8.77463853564,5.72897297831
8.63074903194,5.5860813288
8.8406738189,9.62853584411
8.63381144728,5.77834561339
9.0082473506,5.97718415591
8.23802846238,7.57175246771
8.25529431394,9.95132245183
8.07003478954,6.13805685621
8.92894763097,9.34450393396
9.01137845789,6.30977529321
8.40910505545,10.0594745993
9.00066767306,8.04251623001
8.9374243324,8.31592604297
8.0821560289,9.01032440592
9.18950172943,8.07855538885
9.34762505149,10.1917806361
8.96682176994,9.73857187384
9.16054821399,6.05740390176
9.00372561571,5.89246469454
8.46010949094,9.48364247305
8.29193849726,5.91424311221
8.58724970573,9.58853702333
9.0620711747,9.70944580436
9.08240021984,10.2077572605
8.09453182591,10.0007214652
9.19552466626,5.82184513015
8.86925243313,6.23335866281
8.93070277686,7.29808351407
8.78777941981,5.52951888051
8.18516261847,7.88403148252
9.20890664619,5.42523018335
9.20703123107,6.19661182208
8.92184725433,10.1491871067
9.35001575305,5.73422472572
8.22439408095,9.87961840542
9.06061212654,8.39012980432
8.71755802476,7.65486204359
8.43340220908,5.5433624038
8.163866703,6.03257199879
8.88143344396,5.72381802966
8.96298838157,6.20561404723
9.23017181445,5.5695344031
9.26534269991,5.40403944654
9.25172774243,5.49166924276
8.26899410835,7.15838715407
9.23125540936,8.18029905058
8.57536239852,8.77735227775
9.27199192846,8.30524379266
9.05113734726,8.50391270111
8.75400329498,6.10303777217
8.25928547914,7.67773859281
8.95544768713,8.6694653673
8.3146268758,6.88396736833
8.41074735385,8.65889110151
8.49198556801,5.88657241042
9.21544788517,10.1792410204
9.22653913772,7.15574967788
8.60528382791,10.0603899822
9.01900116972,9.46419904739
8.30436205375,9.79205867216
8.29227362734,7.37567711308
9.42136344932,6.93538846327
9.27654380162,8.77869775507
8.97126411708,6.5170234155
8.88883585904,8.72928775985
9.10968509838,9.59887458094
8.2931100017,9.0228092736
8.19330463443,8.45202225964
8.95044383035,7.15101342141
9.15965261208,9.72119318151
8.38671699895,9.41996538366
8.19439658311,9.50303549123
9.28173950934,10.2539449527
9.00443359297,7.71377533285
9.1077708088,9.15644898885
8.88348244311,5.46405058183
9.12464537029,8.61906877224
9.30118268318,8.22125961256
8.33634294062,7.14401042921
9.03301552348,8.85870858369
9.02027865155,9.3709427782
8.46752104558,6.01851123203
9.10996877408,7.35484141604
8.47975700848,10.1183311588
8.99907931181,9.27328961294
9.22267741643,6.83845848549
8.9201954749,7.85957820771
8.14590078182,8.24694542285
8.7048662491,7.43713250062
8.67280548129,5.36572196139
8.97946473442,8.73194433286
9.11373073449,9.67360981015
9.03701802591,6.98489625083
8.03044437362,9.97921093955
8.23922563204,9.58124009885
8.77614073471,9.25178570876
9.333113373,9.01854372768
8.49841511869,9.06838302906
8.44963138628,9.33368050363
8.96242181866,5.50191095406
8.23268768697,6.47474260471
8.20970224632,5.84048699984
8.32496235523,6.70660777261
8.75625343164,8.5107600122
9.09875956141,6.15696327774
8.82208228288,6.66550385213
8.40661314801,9.06983276994
8.5016632738,6.13764829578
8.02772838004,8.29971003215
8.89189780585,8.38131312746
8.5821507821,5.86094125978
8.13697983773,8.91578860828
9.3367638257,5.44077864109
8.47749317818,7.84466965132
8.36187438905,8.79223522237
8.28903594738,5.48211148078
9.30688518918,5.58161754497
8.94856642698,8.23461257465
8.82124120994,7.47565585465
8.15106158236,6.29758709662
8.27765389871,9.13319695663
8.05385732834,9.40152716151
8.89800463663,8.45761434772
8.68213495431,9.27997579803
9.28616458401,8.12424669642
8.01080992432,7.8893335466
8.16480226223,7.64999586274
8.20895640642,6.26967789995
9.01375097675,7.80243844421
8.10479667394,6.42075909251
8.90963842642,5.81545117606
8.30912422696,9.19917149309
9.05031603737,9.78234886988
8.67383329759,10.1013284603
9.18101695918,7.39779165778
8.31827695599,9.61019749325
8.86084992964,9.53534801541
9.27889096304,7.62790933733
8.30816882624,6.43836734449
8.11380095424,9.08488712494
9.22938657907,6.28458875641
9.07569753562,9.86007669097
8.99614965101,8.94222099641
8.59555152937,7.403427495
8.07735055156,7.18360793224
8.751805789,8.25281416083
8.10081060753,8.80772399224
8.75411891066,7.95096181374
8.3442904092,9.0715112744
9.05384297516,9.20542400422
9.20186943512,9.64969990715
8.70482438673,7.85078101826
9.19085619287,6.66374818069
8.73381982053,6.33841667232
8.57827970985,8.85239092619
8.43224183953,8.76012921235
8.94557184183,7.4758738293
8.50163577504,9.89737905337
8.0855747332,8.58838224723
8.13553610596,5.60879841017
8.56438186695,8.46320920827
8.6721338957,8.30465240677
9.20418744196,6.93739922527
8.32579193653,7.52096218096
8.41117886954,9.15980600303
8.91319076071,9.47768985569
9.27742478605,9.69657348784
8.48549820482,8.2140453841
8.50947469084,8.78503875299
8.50357279202,9.72764969757
8.34404981363,8.50004406348
9.06231596627,7.75423601443
8.98735633581,5.77142381403
9.30345273703,7.31555015514
8.29797767525,7.23146144538
8.74028829452,9.79358376457
9.1915711154,7.2806954306
9.01400883802,8.68169659469
8.71674821066,10.2514914187
8.69244782777,6.0138091048
9.23987747794,5.63184661643
8.3280725617,9.99961573188
8.67270320553,6.50814225054
9.05293062874,7.19408374157
8.20860881049,6.63430600972
8.91944178146,6.01557803888
8.79261260802,8.33812361556
8.98412097096,7.54887567707
8.65611814791,6.28209291767
8.93274456015,8.95295465099
9.05680507769,9.53863864337
9.26282515344,5.76986340687
9.20077767494,7.68059705734
8.22513272944,6.55543114092
8.95214954401,6.6032828107
8.52627212766,9.17217560371
8.13338713159,8.47443479552
8.64582278884,6.38817902979
8.61843643806,6.66281680887
8.87525987828,7.04203983752
8.56460165733,5.38748356097
9.01851346242,7.49934161422
8.50371506097,9.56241325066
8.87491307094,8.19062308844
8.13873582594,7.40185533334
8.46661351144,7.59023175435
8.1869884236,7.760167457
8.82354560204,9.85949481992
9.12620092227,9.25372448444
8.28671295206,6.96679542177
9.03247897781,9.12034437934
9.37006024229,8.44907522207
8.21767714067,8.5120040188
8.7341782054,9.35731563251
8.57390986565,9.72126270518
8.24215365371,6.20700019408
9.24919922215,9.31864107766
8.33608291196,6.26410468846
8.6514186225,8.54403113617
8.31920942069,8.89791767964
8.9125113991,6.95600626603
8.58146204736,6.04317089312
8.11180379378,6.86646677044
8.83742410146,6.06634997963
8.88914029342,7.17440164233
8.58526981633,8.25015075173
9.35967121939,7.02628058034
8.36781978628,6.8238681955
8.52559385132,8.68974914312
8.13919162133,9.45172690706
8.4764442752,9.41692040855
9.13258050296,7.16096415045
8.24394915376,9.3470900622
8.37784714115,9.70280825722
8.48213878159,7.37127798467
8.03694265943,5.43126087579
8.50278583119,6.91697416134
8.77454466064,7.74506908212
8.34667460276,7.9916816434
8.24270988817,10.1932979487
7.98690519699,8.74538403633
8.1591804158,9.38237074051
8.55720956869,6.98522847981
9.11590015632,8.55133800683
8.1291166193,6.67061323887
8.44322650423,7.98934382626
9.14569879774,8.18394092151
8.36014251219,7.04972920297
8.11483346633,9.72926131659
8.47625824253,9.24240665852
9.0156606098,10.1242000846
8.46229483025,8.96997103141
9.12422932132,9.53557362381
8.99799950044,6.0869667911
8.2986223455,7.76876550452
8.60975482539,9.51456822837
8.37068394589,8.09905710886
8.82172641934,9.46642983162
8.87296632859,6.50875268869
8.47943120314,8.61004248793
8.92522741624,9.97591684609
8.0655460945,10.2478444879
9.25088620991,8.47246702564
8.18172400575,8.80605676515
8.73926225837,6.20955276706
8.60993880825,10.2464726036
8.51296217236,10.0226657449
9.03573578503,6.81204276499
8.38220673172,9.00348179122
8.60712473775,8.03253390797
9.01456053122,9.63374035238
8.73074610552,5.59042420829
8.44108785059,5.37913641244
9.22938473331,7.0317429706
8.91150191821,10.0595466462
8.40819686102,7.78514120317
9.20597641981,9.07850781099
8.06180472759,8.19102051906
9.32381865665,8.48533057252
9.12296982833,5.95565413555
8.23640276272,8.60017251354
8.35622279707,8.72984756208
8.045452653,9.58338998902
8.73619971646,8.04118591219
8.58086402113,7.20385655322
8.61838592212,8.72390374437
9.12508851263,6.28218008231
8.32804069005,8.57552167807
9.334609089,7.85378496944
8.34515205225,10.2634762153
8.37673810987,7.34875828864
9.21641650665,8.24856311362
9.18009240461,7.48442231285
8.21815218372,7.31167906418
8.49897862858,8.49296121235
8.66632610695,9.60035866601
8.97487602303,8.36148081963
9.1531808335,9.8076599144
8.08576859626,5.67489880824
8.68655468123,7.94693889571
9.28011521322,6.35487125603
9.00145638944,5.38636757862
8.52875649332,8.31752486398
8.6171147295,9.08826007726
9.29821111856,6.6310809402
8.99000958818,7.95148831553
8.28219649715,8.52311640502
9.28119918686,7.7569165641
8.6859892219,7.75147665508
8.58954263635,10.3099623261
8.37742164663,5.5336592717
9.02194783558,7.60962048569
8.12706344123,9.17432888189
8.20283177629,9.78518605214
9.06019316678,7.87910992552
9.14300933557,8.32322469966
8.86568795493,6.60529742582
8.22348339241,9.1743700358
9.07934098847,7.80594843225
8.72652052272,6.69115878488
8.91627215007,9.66632327174
8.46533271767,6.39994043294
8.83142163997,5.96222742879
8.15238975608,6.36893776909
9.30051557199,6.93503022644
8.25871491035,8.95674833455
9.43376309534,7.21440411345
8.76902394983,7.36025767251
9.14278929789,6.59202299711
8.19331127468,9.31194691114
8.52277832537,6.80859483642
8.93511999164,8.60857533354
8.5065801271,8.55829097615
9.22322722089,6.56581971678
8.68375203438,9.73633342107
9.22662034221,6.74136047422
8.55310558757,6.34102985582
9.12894457341,7.22233722422
8.83723416341,5.80623112176
9.08974220177,5.84182305041
8.31270013577,8.65907285259
9.28585705318,6.7627568276
8.81560605859,5.45552723019
8.82275565801,8.44240610284
8.73866309515,10.155723874
8.90440742502,6.12119674616
8.9076745537,7.10296236994
9.33985768095,9.30791586845
8.62381235018,8.64487291385
8.75238433953,9.98482060116
8.39267256869,6.56709183488
8.88552488783,9.07371218479
8.81537273776,9.14654583474
9.17028784452,7.90910226798
8.86257788572,8.54314995765
9.17105340287,9.99588303726
8.85021600835,7.26383266863
9.12783514825,6.82807685883
8.62082116669,7.46815193526
8.24122720468,9.42124883672
8.56182527328,8.59438403336
9.13566186082,9.90201222881
8.95156352408,7.77056089072
8.56864601159,5.68504310858
8.18503145269,9.11559155191
9.40586067245,7.2949726536
8.31094652378,8.16562707862
8.79372579887,7.58006511898
9.43288046789,7.11087644584
9.37133134426,8.13285570585
9.3548358791,6.078612844
9.19794866758,5.69672647788
8.39746701242,6.2404673194
8.83396995852,9.3424891812
8.74544646544,8.61711296053
8.10857229931,8.7296437154
9.01184131965,7.31594514228
8.66595887232,8.10692952577
8.85566549878,6.80904513286
8.09627053873,7.90381626512
9.02635762434,8.30156193062
9.06892589129,5.48139572318
8.12905734068,5.48419384615
8.78200966167,6.57521334603
8.5905235386,8.15294146977
8.95524644561,8.90090612535
8.79757942574,5.87686096887
8.47618021438,6.50200906828
8.96013979728,5.67194267373
8.40143125276,9.51601879654
8.82079227127,8.24240190947
8.59686882161,10.0018612819
8.86855698448,8.63776721873
8.76135820244,8.13765229889
9.11710498716,9.07650923541
9.25687773744,9.02093161914
8.42829734285,10.2912791997
9.36007492621,6.82391386373
8.54205921706,9.36824414051
8.96176361476,9.53520211289
9.07744103688,7.95406563046
8.67180784461,8.79452365911
8.80181985471,7.83016950182
8.72600001771,6.41977835846
9.1855206285,9.47773023877
8.00677527203,5.36212387597
8.2128991761,8.70400825109
8.32883103007,9.12943457928
9.27219019941,5.87231365125
8.89429273817,7.37817580044
8.601764532,9.90956909516
8.29492248357,6.60417954541
9.34120302417,7.21020252581
8.63457550787,9.68773911622
9.23743393731,8.38657380686
8.91343897996,9.59651581841
9.28949888324,6.18460324692
8.80318513133,6.28722399344
8.86196507469,7.76863264154
9.04037367599,8.19845175292
9.33810625227,7.41525528111
8.56577477848,6.72785024394
8.35160757224,5.69932462092
9.31198630422,8.54871727601
8.52007307716,10.2349583435
9.32432404332,7.11389314548
8.65462215953,9.00651893704
8.88074390429,5.37747933154
8.60175937441,9.17544600209
9.3668756753,8.3504071319
8.74685314514,9.67648377874
8.42878725127,6.7443002633
9.19564288268,8.85995393035
8.91806860063,7.71979956522
8.00561869938,6.54630923616
9.14156161496,6.98232641336
9.0914851767,7.27273354565
8.50887963441,8.41055562376
9.04881601002,6.22957962885
8.24757795768,7.96966322569
8.43835024096,7.48783746207
8.13326367894,6.79542116282
8.77337272931,10.0672898017
8.24372311584,9.68176549209
8.07300409202,5.99244059657
8.4181773531,9.82560618648
8.33294379869,8.4239361188
9.1235212796,8.75402306367
9.33525025226,6.25912502601
9.05503737917,6.56207493025
8.92825846733,8.83056530549
9.27332300438,9.40355675992
9.1165182774,8.896960648
8.27121765515,6.27194129291
9.18462097415,5.88847529954
8.99225990034,6.89717667155
8.6530354946,7.06900440699
8.5314601248,9.81736315443
8.39049249781,5.46597938013
9.21112981906,7.99115106805
9.25156228342,7.42189512983
8.13914255196,9.61416807449
8.31680638041,6.04028615148
8.89545515155,6.66232204383
9.35471133264,10.1244802369
8.18545161408,9.23768975444
8.46147577599,5.70353844454
8.16453479181,9.95574238565
8.25828842059,9.27442507295
8.31351864268,10.205448048
9.11710088401,8.82121677183
8.69436335032,7.53535962572
8.64448070515,10.1859807771
8.83520924424,8.00110486939
8.21335571241,8.166492603
8.30654406737,9.50459492974
9.16786675513,8.97788373134
8.32198583334,5.59015020936
8.31380543609,5.8209446975
9.0736074427,8.09440783854
8.39560843738,6.92856820199
8.9231445284,9.89447377953
8.72456736526,9.90499768105
8.08699386901,9.50881631896
9.3074088681,8.4290810311
8.95675463404,7.22689450083
8.14000310545,7.08904827817
8.98627186798,8.78645952951
8.55388602916,6.11816415434
8.94940450045,9.42492499242
8.94883127725,7.64874805027
9.07823494683,6.39682865587
8.56501161148,7.08396024015
8.30786576515,10.1115154742
9.18502057828,6.38068181387
9.2150650343,10.0920130335
8.85033445186,9.74784456093
9.0560022712,10.2828299674
9.33834368116,7.67961009962
9.01369029752,9.89595324356
8.04387918936,6.76359925379
8.40714493761,5.95210058599
8.70156947265,5.46522127833
8.63212264024,9.79490310745
9.24275016485,9.55818630043
9.41931423813,7.48966043509
8.71938885619,6.89049959495
9.03914213881,5.58422029034
8.58511127181,7.31858855944
8.1071623272,6.07262223168
8.405304863,10.1884410002
9.21229264408,8.56687635954
9.129251884,5.38425593819
9.24514536039,6.46424118542
8.95959219185,6.41896978714
9.27622982636,9.4942587262
8.41999506517,8.45404883344
8.26253685634,9.0802927248
9.30854269825,8.65911382649
9.29041779356,10.1484716069
9.13123180221,10.1419689555
9.14801277985,5.55315023967
8.65659143885,8.89229221216
9.17057018516,5.46921650309
8.86343104063,8.90819685535
9.03455376371,6.47464815746
9.22220070599,9.74027522692
9.02529281398,10.2164862895
8.5064969128,6.66500007777
8.9248447012,9.80861484635
8.68558404905,7.26757985346
9.11505873646,7.07427675464
8.98895392579,9.19624246861
8.21899102811,5.55831768547
8.30874029821,6.51503798058
9.18733267516,8.77350462298
7.99741712073,8.20928292547
8.06547994691,6.56392969193
9.14119009115,6.48957026822
8.14371314701,6.20603541507
9.15527090206,10.2561467939
8.54335551493,7.45420444263
9.24208967705,9.88731587768
8.80892666905,8.17656348796
8.30368640673,7.8757183496
8.56944155994,7.55652218779
7.99852826814,5.91197435702
8.89190254239,9.24514721927
8.24885527045,7.07502242966
8.10775813391,6.59983482784
9.46083834616,7.66789015636
9.14954269195,8.45719293882
8.88889070293,7.95173279646
8.28943542598,6.79382886762
8.48520450645,6.5763121795
8.82945250825,5.62400238925
8.80974995745,9.41500752041
9.16826766732,9.35577104926
8.45834965041,7.68499070241
8.67529315335,10.0021605017
9.24948398,7.84809434405
8.53742665734,7.84763936949
8.79769784008,8.97414853538
8.71517634513,6.97387090523
9.27279842829,5.68631093523
8.59842212189,7.68741092307
8.50357056898,7.27053885255
8.1366317992,6.11937387195
9.1466759524,6.75384423387
9.2271589669,7.35785327043
8.14020391584,8.63680559978
8.77313501589,6.48505992935
8.82304446825,10.2893759738
8.29196246243,8.72891310059
8.08760472872,9.93403576855
9.04598256897,8.75698510817
8.66266480497,7.373859367
8.69513101774,9.17612756312
8.40306075106,8.17288332309
8.56929331211,10.13383354
9.19532759724,9.17616554395
8.35983398568,8.24727355461
8.4880126464,8.08420270688
8.15016332696,7.51025819927
8.14610164628,5.74821319168
8.46979131466,9.65197532975
8.32263434319,9.89481562712
8.32155172296,9.341284293
8.74974918686,9.44995076163
8.52389770728,7.99742560346
8.54821488837,6.21829182154
8.98642415844,9.83114614208
8.63627576025,9.35929875981
8.82172209976,9.04700937453
8.13607680765,6.51484962938
8.90517884986,6.31505771135
8.69346331522,8.19145960137
8.77300206941,8.75148142031
8.30970136584,7.61143603893
9.10782098656,9.73583127279
8.92348550159,8.02546134827
8.64343108604,7.61012075697
8.03989718565,6.47224703868
8.62552142247,8.45460145768
8.715802278,8.95942766178
8.72170938121,7.05790024983
8.60529038306,5.95265493898
8.09784961364,5.37233980993
9.37730386877,7.6016307798
9.29314542906,7.51988670641
9.26325848606,8.02341064286
10.5742969385,9.23078788374
10.5116785263,8.08659582916
9.70618325811,9.25163179351
10.0484132013,10.2838082387
10.3133503555,6.61920887182
9.81339558636,5.66522247121
10.7207118975,8.27034538251
9.87716019321,7.77254079274
10.3551835266,5.49057359509
9.34804710457,8.85597387098
10.4776860709,9.45855305307
9.71352113089,6.5603739592
9.41652713702,8.09069864417
9.50981842403,8.83548372252
9.89425037963,10.1094675598
9.97067970038,9.00955416708
9.58360859442,9.00847689373
9.73155030776,10.0726112467
10.2980990959,10.0860221681
10.2843635172,9.59044714798
9.73014844424,8.91373878124
9.76182283049,8.53387713561
9.60003409013,8.33323111705
10.780479491,7.59513645657
9.81499041588,6.27603888552
9.91003959201,9.50798839287
9.54131068344,7.75451994123
10.5246449164,5.93574474451
10.3276688088,8.3568100894
10.5553684275,6.36400504674
10.2746002869,5.78624135254
10.7358602422,7.81937207819
9.66673522502,8.86415409883
9.98434902794,8.72139104151
10.3945596834,9.66524888206
9.99555587376,9.47870682064
10.0099957417,8.77918945892
9.3463661024,6.43217896545
9.67168514098,5.58247995082
10.139491328,8.25120208147
9.43344027472,5.76347413908
9.66275004849,8.95596630018
10.3546372128,8.9409155513
10.3628149436,9.02067539365
10.3949600195,9.48435261252
9.41622130496,9.13495431037
10.5543415557,8.68921936984
9.99980865394,6.36062999771
9.48096044978,5.8533914664
9.72301114508,6.96394544429
10.7655803549,7.91072469449
9.81191248967,5.89616014718
10.1466101689,9.86610518346
10.2589345594,8.80050822928
10.4904430095,9.80685034434
9.91140289172,5.48569232219
10.3297915691,9.26736606255
10.1914405753,7.65742858698
10.6957695743,5.99902294664
9.97446277555,5.39666822512
9.81281048146,5.79646056518
10.6015907559,8.9275919747
10.4354445544,7.07847587304
10.0711290117,9.15225602312
10.5750908799,5.48128306906
9.65031669549,10.1505102209
10.1674500213,7.03696808106
10.2592397406,8.59190572364
9.71444454241,5.70012331451
10.2235486787,7.26253026335
9.50635905561,6.01671533587
9.66292832932,9.99185248137
10.0363544303,7.76202956312
9.50291733273,8.06460394161
9.60777165037,7.08715235215
9.67256962988,6.8639741459
9.41827738319,5.37770186273
10.6547130612,6.74867388156
10.6281521644,8.03538683046
10.3702686442,6.03161762663
9.75522292238,5.97375105946
10.5889054512,7.0727258412
10.3917224783,6.14647577353
10.2838344861,7.72128121392
10.1871292547,6.2123442413
9.70814109086,7.70202317891
9.99077096601,10.0416130232
9.69101443619,6.39007795055
10.5920428649,8.11704596568
9.6199379186,7.67191494328
10.3889648396,6.25195467619
9.46007100988,7.57907445904
10.1847807543,8.64292936999
10.1578489107,9.18379173666
9.65053811824,9.72574258643
10.100179954,7.1738225085
10.5157358165,5.47656881837
10.5468939355,5.82189036766
9.44467399515,9.91547021797
9.56696609544,7.96233750927
10.6130597845,9.30176603745
10.6753342441,7.99751500769
10.021574273,8.19873131667
9.97498646457,8.43920919512
9.64011382242,9.56721606757
9.70277636536,8.44341503879
9.51735845368,7.01575528118
10.107207002,10.2938338905
10.6764931649,8.94500242552
10.1840795641,5.56036827384
10.3002046695,8.51405705575
10.5646466716,9.60559638217
9.8652534226,9.40182945538
10.4434584987,7.1853514557
9.79106989916,9.65506496849
9.66056095348,8.01770313591
9.75465123805,6.44281606653
9.79357811728,5.37812736437
9.94543648437,7.91050579431
10.4084816713,7.42338563274
10.4401062762,8.94404403679
9.65017011383,7.74804689769
9.57410685058,8.17865676687
9.81355775428,7.40965840559
9.29591689124,9.62364700174
9.66336068019,9.46407261966
10.614915759,6.39884968721
10.2235359446,8.08056843556
10.3886765783,5.5675598559
9.67368673156,6.47205888177
10.6518395376,6.343136791
10.6023466344,6.16933837917
9.84400599865,6.34492244005
9.3919555528,5.92550517403
9.85054692945,6.78568506819
10.0346901973,9.72739117316
10.5098884866,8.91708441348
10.4689769354,6.3675270647
10.2851253394,7.39155943816
10.546252993,5.34733446145
10.2283136691,10.3118569997
10.0718536566,7.51048303415
9.42903281404,9.75549992235
10.1501391611,8.03749583032
9.81114340414,7.85783305467
10.4336628696,6.42110488484
9.73182401258,5.47562035333
9.92238195783,8.81444105701
9.57272597146,9.42396468812
10.4902131273,10.0083622262
10.4999832718,6.1807756976
9.65245282155,6.76250140356
10.498294741,9.55602305878
10.2542633673,10.2261140219
10.6714617378,6.8343562261
10.094590894,6.23668975534
10.4295120616,8.66599241614
10.5036263121,10.1200598812
9.51704628764,9.76430929943
9.40849657261,5.67544609828
10.21500283,5.78056168459
10.3380940392,6.56477171988
10.559388127,8.02397529594
10.6924028571,7.14216150981
9.59180918903,9.6514211022
10.3846613244,8.51029368253
10.2008012957,9.00059798037
10.5233770997,7.38276896872
9.98805410213,8.10090399259
9.43199930226,8.87352359102
10.3354068288,8.84314070442
9.84087632146,8.25526232807
9.67528065561,6.03139454951
10.1550588811,5.93216790447
9.73086134393,7.7868587433
9.77412429008,8.13254454193
9.85896138144,7.94368398587
9.39809235902,6.63480301489
9.35803074584,6.34591099504
9.75095667811,8.05527696548
9.90545057821,9.10663504334
10.3745529113,5.63170982877
9.68495274803,7.52486356171
10.5203179591,7.64095635796
9.54262346891,7.66377742926
10.5902517901,8.81587258407
9.65607817346,7.15832519257
9.74970173247,8.28324128765
10.5429398418,5.56174333559
10.1879655678,7.16037089552
10.392633341,8.26311035832
10.0462803536,9.64051944815
9.42469757109,8.42349626935
10.4358489413,5.951194201
10.1777464383,7.35455195081
10.5216490919,6.44649087188
9.78462279524,8.60057535595
10.0499043424,10.0551578353
9.6667954644,8.65997598634
9.84355697924,10.0386517691
9.63477023938,5.76290342829
10.268823658,9.36552449011
9.74010072316,10.1777562001
10.2468306105,9.75129724096
10.1238442832,9.06821765522
10.3848789359,5.4086199375
10.2272514653,6.80723564597
9.95338470622,7.79230481341
9.79971075042,8.34789677192
10.6317225439,5.89639944095
9.4141030443,10.0561993484
9.75563892251,5.62144997487
10.1680562333,5.35809293208
9.92019334734,6.7723032885
10.0824621857,8.71868717063
10.6134431431,7.44800934674
9.55002109817,6.29897457054
10.4798988774,6.01086690391
10.3001075385,9.48890448027
9.79631385906,9.47682201703
10.025895525,8.9476668173
9.85671154252,8.62429384018
10.2580442251,5.71076107255
9.6652462673,8.24382938415
9.86746962676,5.73469383467
9.85692591286,8.09010860762
10.3105175177,8.11850319946
9.8512483782,9.28994594639
9.8745669202,5.4202976088
10.4116997897,8.44992929862
10.3209782135,6.93296466018
10.3915688243,10.0887631252
9.41409482053,9.03010646077
9.95157898484,9.9898898986
10.3236551085,5.41574314092
10.1755116236,6.48813079823
10.0707903394,6.0367718056
9.95839081278,9.42771385819
9.45885779291,9.50677772027
9.81147803676,7.01428527618
10.3174167961,8.0145093686
9.47108509571,9.97835767541
10.6768622043,7.54300515018
9.73622077309,6.22498546253
10.3642291531,8.1698121415
9.4399244514,9.65408244177
9.67785540152,6.67788375348
9.75117454211,7.32021642535
10.3690887686,9.57702498232
10.2936170745,5.58479284732
9.73030871258,9.54853429304
9.35988381554,8.7425336431
10.5203466579,5.65436255024
10.1503586068,8.57003166139
9.42570724975,8.78761182555
10.6152372759,7.84375968496
10.4336359842,7.30672880747
10.7089989801,8.37032691739
10.1836925038,9.93561095721
9.83096339332,6.00219815227
10.6133225595,10.2959192446
9.70144500796,8.33442413322
9.50836562408,5.63328408566
9.58354037241,6.81928449076
10.3368468484,7.11229954902
10.0329666483,9.98697944911
10.5062199564,7.89628471506
10.6520945201,7.73840658942
10.3810762805,5.35198584073
10.4033276312,6.88239329973
10.6359863945,7.2308568307
10.2414944483,7.58069950054
9.6513209311,7.35656322771
9.50014680333,5.9268172428
10.3456793602,7.24799225779
10.5754214017,9.12984277217
9.31035763612,9.784512736
9.44843739708,6.55761091189
9.50195043763,10.0275879558
10.1377779179,9.31587799328
10.3884593841,9.10301885811
10.6495133929,7.33431120622
9.43579504015,8.67851114375
10.0286258341,7.39117837744
9.70850194532,7.43067356084
10.4433423952,7.81586346909
10.1247578541,9.69964685383
9.59884256375,8.79652473228
9.90124735857,6.5461766386
9.80702773161,9.17146158634
9.92522783067,7.16163928692
9.44967406191,9.29180710612
9.51589922648,7.28199823731
9.89298955323,6.27753719065
10.0983434677,10.1314715708
10.5038823596,8.30589061634
9.68415050034,10.2196689871
10.4743937344,6.27331140881
10.0579456309,5.69258781599
10.2248944267,5.96603543271
10.4887515177,8.74757997371
9.7715769303,8.69125670722
9.44330755413,6.2920078385
9.53809808353,5.74899003709
9.42917919477,5.49114935475
9.49104038503,8.36952527396
9.60636332282,6.52077439825
9.89237784672,7.85657018319
10.168800697,10.1896317335
10.2326913943,5.86906130483
9.98539405782,5.67101847776
10.2186716359,7.98794189984
9.98174835258,6.08730406159
10.5806674648,6.76790782882
9.32600027343,9.86946491304
9.85978084077,7.54374422828
10.0849032275,6.44391770466
9.86693635253,8.41063595504
10.4078241888,7.69104329166
10.2521718103,6.17112572587
10.1775753668,9.78948815797
10.3408817993,10.2020245089
10.4478404608,5.51300347928
9.47710728111,5.54621368026
10.0093763061,9.0892024615
10.0480655099,9.40725511566
9.50462166467,9.43899558465
9.51046282247,6.22551049529
10.0455009207,9.01120476918
9.52359746669,6.54344193168
9.39186017579,9.23030968012
9.51357617886,9.69643167665
10.5983140916,7.67670518361
10.6880583113,8.17829403412
10.4668479449,5.38157824469
10.2925831356,9.04860802551
9.62235753811,5.43183564999
10.3725948149,8.76344241923
10.0549511402,6.32265697736
9.35593869405,9.94804204192
10.1164961212,8.42479081004
9.42293559787,5.83866637261
10.319230416,6.18549760609
9.98816225092,6.5823754012
10.0695608272,5.95973041543
10.0000607285,5.51041609528
10.6112351851,7.1508610332
10.572051094,7.55021181166
9.92809708036,10.0557908581
10.4821101052,9.19222031406
10.1143549239,8.94963719698
10.6135615502,7.61788571829
10.6075690357,5.99069132995
10.246681015,5.36354904967
9.93452053507,9.71147015378
9.38778513995,9.57761035579
10.4171734482,6.51245093947
9.57547665159,6.0834397423
10.6884649421,7.90389903555
10.0557189481,8.03639033739
10.0380868894,7.30791428426
9.77370310519,6.66327374279
10.5067943179,6.69843740242
9.75578194731,7.5496115477
10.4407738224,9.90106145604
10.3143969657,7.50696258903
10.0816397148,5.37230510942
10.5013570253,7.48864507419
9.89391841826,7.66262341058
10.6857630887,7.64578847973
9.62054521208,7.79835698997
9.87295397844,7.45466317234
10.39972846,6.75144526325
9.7527581214,9.00011158226
9.57863907159,8.90733574239
10.5957682792,8.47657226197
9.98526980412,6.98556899106
9.45536493716,8.1815823319
10.0306302424,8.86128092214
10.5006408247,9.6926828333
10.3491242552,7.33002058293
9.56152869189,6.90989823138
9.64811068412,5.48246195543
9.81443808151,8.0108264854
9.72406570898,7.08443531419
9.93283687638,6.20874197421
10.5621350584,9.40719600604
9.82295559293,5.55778286184
10.2960357272,9.68405417409
9.94648964889,8.01078792038
9.75225503713,6.33617542091
9.93285929253,8.15390321595
10.5932961511,6.27366924496
10.6521555282,9.02266640955
9.58595308215,5.96170698409
10.0546961863,8.63143452399
9.44997328591,7.84622278904
9.98737658569,7.67914895119
10.1032171112,5.48535722863
10.0048539436,7.22770788522
10.2417755159,6.5812071619
10.4141391898,9.27326642756
10.051659642,5.59752547723
10.1736820684,6.29193457781
9.45354209929,6.12088039517
10.1105625051,5.8379606506
9.50141203632,6.3742041582
10.2186194902,8.44209742709
9.9029153482,10.1863966738
9.51869887596,8.26835109804
9.9834276936,9.8913162914
10.3576979716,8.6020138148
9.4155167049,6.375319751
10.2958457165,9.17034897629
9.86046273814,6.6270619588
10.4539059774,5.59993014527
10.1591838082,7.57145696075
10.2797889189,8.88895433688
10.1302316074,7.82428343967
10.1666299394,5.42096376328
10.2144097086,8.34857490074
9.44584913138,10.3065428945
10.577879264,10.0913050644
9.59970108532,6.69612089382
10.6859615688,9.12906316874
10.6992124778,5.73683167492
10.210533454,8.52124446587
9.87833957239,9.93907386231
9.6087549178,6.18871498327
10.2520331739,9.90512629157
10.2119900672,6.66744945048
9.4816916786,7.95276849719
10.7249039628,6.29280140292
9.99061146019,6.87090045113
9.61026336328,5.67490428241
10.5578025628,10.2174312775
9.60740116225,7.46735535497
10.0452319156,6.63253218035
10.1967956763,7.86996218177
10.0724190088,9.53236861463
10.0563065503,8.54038464602
9.39265496558,10.2278997057
10.0343250987,8.32462969592
10.3875112797,9.19982568467
9.91206635985,5.67089466051
9.5273718798,6.1459323166
10.6357102344,9.57643191784
10.702501882,6.58276801957
9.60489919774,7.56954985179
9.94572849213,7.32383041616
9.98336065928,10.1240622555
10.4721308799,8.49589041941
9.731057893,8.61361881233
9.82245348884,9.7578382728
9.59870308656,9.25354041295
10.2403427387,9.84637187481
9.97811618023,9.25719408425
9.37340140425,10.2911230653
10.7045035463,8.0826510904
10.5145193869,6.32213459258
10.6121346718,5.75933445677
9.53567061658,6.47481462403
10.6101541308,7.94937604336
9.35403658222,9.48360549422
9.49792621467,10.1334262052
9.60023205976,10.253310292
10.4613360189,6.08577103211
9.97543136249,7.57512547632
10.2463044078,7.08738147881
10.6977733748,9.5100862902
9.95214297899,9.34625696964
9.38310500852,7.94077753996
10.4240598057,8.37364818291
9.76013615543,8.21059719742
9.69933963076,9.63623307303
10.3752948972,7.90126239104
9.77997198396,6.08974151648
10.259233518,6.04035247169
9.88634838241,9.00716852325
10.620834984,6.65905946078
9.68467198045,8.74013519241
10.1154302744,7.25757403126
10.2734255397,6.26685047751
9.73120715847,5.80251575887
10.6254448901,6.99610189456
9.698395613,7.60896417494
10.7321552285,7.27460281656
9.3833125418,8.94453000618
10.6434270918,8.70305349213
9.56704428491,7.86843441866
10.434030457,6.31753126104
9.68270185026,8.12104684266
9.48594982588,8.96490513268
9.87796343827,6.08032817715
9.90043398774,7.03478505064
9.52417442236,7.60433329451
9.90123001693,6.84457642939
10.3874616517,6.99458152474
9.5090983004,5.35803702351
10.4581448077,8.58752853895
9.83147392506,5.46032540725
10.2231093074,9.1035858348
9.87633904789,8.18228648028
9.51294120155,6.64232928903
10.3421959489,6.81720969303
10.1417697049,6.62213344319
10.2060630216,8.92118276002
9.99076062409,9.17856082247
10.630786754,10.1530648916
10.2693481453,6.65895713536
10.3151303016,6.76133270267
10.0149071632,5.76866747341
10.2064868009,9.71052630945
10.3394391899,5.69112370156
10.139409714,5.62693688391
10.3099925912,10.148295025
9.80214771384,6.9407742198
9.83011441468,8.90718771254
9.92471936778,9.79911630636
9.48387048686,6.83412039047
10.5384826187,7.02375702925
10.2695462851,8.96723779715
9.43772349106,6.72887085126
10.1112423768,10.229687503
10.235609699,6.38269241404
10.3220525109,9.79876388184
9.89685970677,8.70813633063
9.94933320385,7.73378246018
9.85051626374,6.18210637823
9.74544518817,7.94492064038
9.51444944271,7.40855754606
9.91335784749,8.3285202459
9.95629608267,6.66472388751
9.40711403628,5.58341504699
10.6328203082,10.0908623596
10.2802608782,7.0109500659
10.3449366643,10.2876644702
9.41435887576,6.03522930895
10.323921262,7.61768049036
9.82052310231,9.0668355324
9.59838847488,9.82308224575
9.77515400376,7.20077501976
10.4993780195,8.84289603212
9.92312463664,8.23085252069
9.73145443695,9.71483453533
9.61815599476,6.61513147879
10.5621877868,9.89714907645
9.66479232676,8.56007281413
9.57135431692,10.1642768572
10.3944781424,9.37324810894
9.66302650492,9.90215146294
10.2658972572,10.0047126725
9.51406555284,10.2908019235
10.3249538711,6.69546531706
10.5404500643,8.55697724007
10.4164983091,8.85995509329
10.067710238,6.53753895299
9.57845787782,8.44760158318
9.71164300576,9.80954871742
9.42892531498,8.00553896862
9.80172467988,8.43794352681
9.51353808712,9.37211649313
9.5353413093,9.30023904405
9.6707039656,9.14598643283
9.66746074147,9.05046713673
9.58437102725,8.02569684548
9.32400225456,5.35597154089
10.5169796728,8.40877864433
10.0367306532,9.3088570841
10.1463340617,8.83268778366
9.81811713899,10.2259374818
9.82013327203,9.56931004346
10.6702520055,5.57269530325
10.5161070188,6.92447733709
10.496854099,8.19010892989
9.49202639361,9.84191810586
10.1102137522,8.61793313966
10.476548292,5.77899039488
10.6708473843,9.2342618516
9.33227510512,5.66206312687
9.92713986303,6.35808843646
9.55830300379,8.6468035145
9.83498391611,6.84618947696
9.49834415099,5.4378110988
10.6908383025,6.115592785
9.51381260564,9.20410833619
9.36352775443,6.15324803614
10.5275426286,7.7645370002
10.0198119949,6.03654254069
9.53598039583,6.74710815393
10.2413778767,8.1871843352
9.75392641299,9.37030374082
9.58886429244,5.36482707261
9.98878102806,9.79038402731
9.81185772396,6.58011479473
10.4927535783,8.03405827448
10.5427366889,7.26494113849
10.4114269197,9.74872485767
9.83671410638,8.76163302289
9.68430932558,5.37501910078
10.4807043979,9.10181399794
9.52871802514,7.11526780559
10.3920412522,9.98369377207
9.77023216431,6.88188294751
9.88574264585,5.35884612257
9.86563298569,6.7033098799
10.1416294943,8.51295658704
10.1805461362,6.72836582562
10.53179004,9.01847233875
10.1421889431,7.74142868606
9.44180740402,8.28760306225
9.36023144712,6.53453673045
10.1190409805,9.61657565181
10.0685194738,9.23297996964
9.92587003538,6.1337763202
10.0908635062,7.34493771068
10.6655111636,6.20903848943
10.293123585,6.86592846351
9.76326337999,9.94946420828
10.1885758646,8.73328220192
9.87398947289,9.8472545066
9.43260028238,6.20370230777
9.78175834132,7.48528075278
10.0804383184,6.12156586692
9.69521462283,6.13402716642
9.98814704433,7.8459194448
10.1217906938,8.12791480053
10.4192026391,8.09008927183
10.5529353763,5.42209823585
9.64792361486,6.30160303543
10.2838165484,7.83153225684
9.76007228447,6.78024364811
9.94273165742,5.72820239816
10.0751996982,9.81574934295
10.7228537437,7.43370476889
9.59653138434,9.17701969853
10.2099289752,5.6410905639
9.41699603979,9.39986234612
9.89622960139,5.82395884235
10.6954558329,8.86600669269
10.2848417019,8.2758678807
9.80165220338,7.78587891415
9.73089086387,10.2987488003
10.2684908387,7.92073415349
9.5585580205,9.936997099
10.645894422,9.66416522024
9.37224953307,8.51113380135
9.4678001671,8.50692754528
10.2877893269,7.3041769321
9.61658396128,8.71682343166
9.95646774944,10.2761705131
10.6091112054,8.34934741161
10.4888595303,6.81203357124
10.4113374869,9.81967145583
10.1723294274,9.54516324922
9.94481121815,8.92733717775
9.52092017584,8.74354057299
9.84740023188,7.32298215588
9.57050295331,5.85706757934
10.5350898744,5.7313269654
10.4513160939,5.86123630693
9.89440808365,7.40062417059
9.51146637192,9.59359941493
10.5163596976,7.10341513832
10.6207309952,5.65564194042
9.45055046741,7.34990213978
10.3642456777,5.79071184078
10.531090843,6.57347822173
9.9724056893,9.61699408767
9.98867519769,6.1685518649
9.35154736995,5.82039341236
9.96645142979,8.62812695785
9.86296296408,6.43821786798
9.6235458087,6.98445949888
9.91174662021,9.20344151941
9.57427355475,9.73585529794
10.4224961991,7.56758020786
10.1700852948,10.2774690281
10.6296630513,6.4968391052
9.56708406977,8.54731323658
10.3581783599,6.36623814615
10.5074985522,9.31573856873
10.5626829065,6.07494693687
10.3317789514,9.91322636249
10.3648615507,8.42205222907
9.9843430767,9.55968015197
10.3661658764,7.79094718632
9.31369468203,9.5501198921
10.4319915444,10.2131961392
9.26766784518,9.97915672077
9.97470854748,7.08188193653
10.2898296865,8.43236188959
10.4013078155,6.63602691829
10.1089890688,7.10620207327
10.1266583543,7.94763750564
9.64232450204,7.92745838389
9.81019532936,6.50993492587
9.64378598964,7.25705475951
9.8176111405,10.1334263051
10.7011150454,6.39777329566
10.0336597873,10.2095750199
9.44863055383,6.46286733745
10.0787590161,7.639475694
10.4328222236,9.53242312111
10.6162676831,6.90494747265
10.1501886877,5.71981831382
9.79846938494,7.71204412853
10.4449523725,9.605735641
10.4354057179,5.69777304319
9.96015650715,8.53529526157
10.3192474961,5.35266244206
10.7375436697,6.48567711207
10.4419409781,7.98552225105
10.0061000395,6.7675273935
10.1061013799,7.4038443601
10.0401329406,7.13837916109
9.79586105109,9.85280548855
10.60921546,8.23160629353
9.86957529168,10.2820531458
9.56424052059,7.1834498544
9.63358130689,9.34921663423
10.280048388,7.19301428122
10.1288076706,6.36852064885
9.755015877,8.80819495596
10.2446155143,5.46907873828
10.2582824709,6.72531061814
9.60470470979,8.08631939196
9.86698679203,8.51184854449
9.39475672263,9.85073672678
9.83905677361,7.10803572785
10.5626824634,8.63039673752
10.5014492716,8.6488930461
10.720287748,7.02261387924
10.3479058051,5.9082709467
9.5636139795,5.51979787683
9.90722668401,5.89935569011
9.52555140816,7.51314525906
10.0486262518,6.38839698535
9.68454028352,5.90171028751
10.5725273471,6.84320310271
10.0232228176,7.94339624488
10.2054995613,6.91753222567
10.1941329229,7.47301735414
9.99211567001,5.87857885202
10.2345444398,9.25801828801
9.4705788635,10.2267742943
10.1251084893,10.0206067598
9.89669043543,9.61493898927
10.0883406798,6.94786692621
10.1147635945,6.83036328853
9.58284746654,10.0607948501
10.5811069674,9.50577715743
9.78691121992,7.62198585326
9.94127934547,5.99305472063
9.82316560648,8.17139684166
10.0909564029,9.91944711924
9.58566651845,7.34888585794
9.41130818764,10.1612604475
10.2970419358,6.48426936416
10.0638036602,7.86646377532
10.3198855146,8.20675128932
10.5389965535,7.17364852468
9.59138553717,9.10110080209
9.5067836778,9.067795571
10.0875287443,6.7165182812
9.98193147817,6.45208577213
9.66867514759,7.84750791354
10.059640674,7.05152838352
10.2016181975,9.628066163
9.60425877003,6.41073245997
9.7389786502,9.0927569167
10.2115967997,7.78968764384
10.1548739605,6.02940594886
9.98691848487,6.26363275524
9.35478074005,9.68821491518
10.1690489584,9.44510435603
9.93838404478,5.58674460681
10.7010148175,8.49218254194
10.2135076872,10.110323401
10.4301167196,9.01623821972
10.3043869363,6.11514288295
9.56314358145,9.5117535664
9.88701726622,6.93320993996
10.1846305196,6.12837600968
10.2818783614,8.69150609975
9.95601789474,7.46746527774
9.87434357194,7.24454180032
9.79492908573,5.73365749931
9.38784065204,8.58325040351
10.8134640555,7.00178061913
10.7014224278,6.92907319321
12.0152420741,8.39116216125
11.2683163437,9.60193930447
11.1648237353,6.8133582744
11.2815935264,8.24537095504
11.2644890176,10.0399886269
11.8345264994,7.35765730092
10.7944817097,6.16039022654
11.9730650349,6.62312097941
11.3054552256,7.64949348941
11.3089461469,10.2949877818
11.1400070101,9.49781458909
11.7687003526,9.59461701752
11.8854351869,9.01198824442
11.2578447332,8.04504872423
11.4261708246,7.89522012395
11.1690751852,6.00695408641
12.0278862827,7.44586893666
11.5699093799,6.60081617301
11.5304539465,9.34814282934
11.9659983036,8.78233280215
11.4443395894,5.88274682251
10.8287546334,6.485916772
11.7373267097,8.87223544514
11.6218415829,9.53813588616
11.4955950123,8.28508608784
11.2234746873,7.12765287629
10.8687857187,9.56037633889
11.460910449,9.94870961503
11.8849943488,6.3235405643
10.7768292128,7.34436770627
11.2412359219,5.81205324428
10.841135002,10.2909548487
10.8215524332,5.96648632096
11.970949449,8.46001591182
10.8825864552,6.92407051789
11.4006760623,9.50711159695
10.7728625881,9.1388512449
11.8372010219,5.85459740692
11.0864926527,7.59138702376
11.4967164001,8.48254099322
10.8162850103,9.8624037655
10.9123159911,5.35533697632
10.6689645875,9.38853251161
11.5979151142,6.95931086862
11.7411255081,6.49759101573
11.8425218717,5.96132123551
11.2758626943,6.26825288287
10.8439615628,7.77491449196
11.9488593344,5.38288215237
11.1522027101,6.45642214028
11.3271851368,6.08233034661
10.8455239043,8.79143917948
11.9256693276,9.28906108641
10.9262307576,7.5079787108
11.4616941666,9.16824473965
11.5812892412,5.8571062575
11.7064528152,5.73950154511
11.1195510765,7.49403765667
11.2415164738,9.4608877472
11.9771513111,10.1747066307
11.8037876698,9.44212133684
11.6594817039,7.3455441658
11.4642218251,6.67029845482
11.3233462779,8.40822072481
11.7503877009,7.40973935562
11.1527470418,7.741886416
11.9678828451,8.61921339775
11.3113785254,6.40383611764
10.7976691432,6.05346489107
11.8728729248,8.06919704627
11.4157531374,9.69501405087
11.0424156158,6.61602471511
11.3780289386,7.58837812956
11.0702440786,7.72437419975
11.1509265497,7.34011862794
10.7954658541,7.24805867998
11.9167438256,9.96725305278
11.5324496612,7.9043349508
11.8346667602,9.34227942668
11.0459656278,7.88847627307
11.171254193,8.64776445805
11.9791150637,8.17987501531
11.4375555836,7.41098115885
11.7087859901,10.2615103599
11.0826842077,6.03465144271
10.8538869003,7.08259827013
11.9300866198,9.85662769014
11.610433152,7.76713228151
11.1340322462,6.71859844637
11.7476547103,10.1448190894
10.7881859954,8.89688146637
11.9427928587,10.0623801451
11.0057363486,5.38743272135
10.8704429152,6.73991776026
11.8035167168,8.43659149537
11.899793614,8.73348968037
11.8706704127,6.63122877673
10.8655326491,5.52648435741
11.8860124381,5.78192289785
11.3228200276,9.98527903518
11.1242800442,9.79480332699
11.1277170451,6.07672159369
11.0867723931,7.0583092879
11.7499492609,8.25338641622
11.8182136883,6.71492426134
11.172629702,9.89342488674
10.6396760506,8.58042415994
11.249133297,8.15243723813
10.8473060298,8.18315256856
10.9578710543,7.68524522624
10.7269824654,8.63435901528
11.7659332415,9.0316659489
11.2205749284,6.88736618895
10.7303642,9.59098888863
11.689374094,6.71399749177
11.7230316764,6.55936453296
10.758990736,9.06116556465
11.5945482734,7.63951509299
10.9083417544,8.53510354239
11.7901592244,7.13707468196
11.859518534,8.65093509972
11.411397868,8.15200052264
11.2509019121,9.09989654563
10.9741641348,8.40733708153
10.927538434,7.74738878343
11.2285092233,9.18406784498
11.9021439677,8.43269357667
10.9942652533,6.99876680601
11.0596153404,9.35389136053
11.0577774686,6.30569994018
11.456966191,7.31201989658
11.4840617622,9.42554211622
11.8952992895,9.3808351
11.6644567969,6.84784239255
11.851640536,6.06269904955
11.4402773138,9.87975929752
11.4123634526,10.2451680069
11.0578576377,9.05422855426
10.9725632532,6.08451200178
11.464461822,8.80021818518
11.6267912101,9.14491804965
11.198761756,9.37363517704
10.7715855941,7.18956881377
11.4231368399,8.68198731784
10.9587634129,10.2087068198
10.8698568326,7.66770201147
10.8032313675,6.74946159392
11.3432458281,8.68411441078
11.7219838795,9.40574311618
11.8182968859,8.10029209841
11.9560098996,9.09388232632
10.7496297598,10.2772694143
11.3625949309,6.65271243998
11.9821128589,7.22300718639
11.415078084,6.59662785212
10.7794005364,8.81333803894
11.9227463672,10.1351793455
10.8666008416,7.57340208028
11.4440441599,9.46417962775
11.0788811692,8.93616248907
11.9727484574,7.60372211153
11.4767381249,9.82426048489
11.0485283515,8.47881308863
10.9637152096,6.5632551363
11.0078611214,7.80248945305
11.9278332601,7.68660916814
11.352743549,6.74542313804
10.6920853981,5.82017213044
11.5533990345,9.23895589915
10.7439701135,5.37604625003
11.0085156955,8.55950558248
11.9675384418,9.2053654167
11.5307480697,6.95297948443
11.5930060339,10.2736240775
11.4804263836,6.5771429863
10.9945304503,10.3016163722
11.4408555718,7.78328976048
12.046957907,8.71051266482
11.433380489,8.5802110155
11.0900179611,8.05099882905
11.6951471111,6.78678124931
11.4763867222,7.96327700203
11.0508709652,6.50029166729
11.3061746265,7.90396247337
11.8066118129,9.83366808146
11.4555182569,6.28285560816
11.7581083002,8.15637232146
11.7460154971,6.66767263993
11.8232621706,7.2379589244
11.1782501294,9.01230962342
11.7169113543,5.55810433393
11.9578391469,7.93097158317
10.8448242837,5.67397551075
11.1646396324,5.734442791
11.1964255957,8.3243903627
11.52513052,6.39017762827
10.8811596144,6.36051210232
11.4260872128,7.13429056116
11.3523746084,7.25930907629
11.4877799525,6.47422009946
11.6700093972,9.99784481531
10.8656422667,6.20915572852
11.9815828112,9.66299416148
10.8058084177,8.35254686712
11.1949568615,7.2124314581
11.0305684458,7.97162038986
11.069478309,5.47008203316
11.5250078428,7.14261115413
10.7962229434,5.55120184508
10.7748618181,6.41633691241
11.8240662528,6.5137302154
10.863812206,9.09971398882
11.8571482768,7.96934832926
10.8382773721,9.94945852115
10.7441163057,9.70950526833
10.6933646996,9.77516513427
10.8886167106,8.37817067373
11.8275778967,6.41313936792
11.2621825756,5.4765407412
10.7435099512,6.86453799096
11.1278883251,10.1899268407
11.6150588064,8.05448900985
10.7887890919,6.55222012744
11.4083767569,8.47655569278
11.6609705002,5.35468560855
11.0299104916,5.88197817255
11.5696952685,5.69474746756
10.9567873311,8.01978264029
11.4904872182,8.17777957496
11.9326730509,6.68546947533
11.0902008065,10.1327457623
11.3417966527,9.08962603732
10.9434977767,7.59221235028
11.1370681233,8.78733955879
11.0373185803,9.4466959138
11.2516215907,7.58398860447
11.6543019973,8.60581195485
11.7925338841,8.84078935584
11.6403836236,8.514348254
11.466896235,6.99081719247
11.5550537682,8.00537872008
11.8289871459,5.60467925932
11.6872537376,9.48420051344
11.7643479886,9.52475344366
10.6576274521,5.48600234785
11.7186482701,7.21756283001
11.3954557091,9.82834542383
11.6789704512,8.02334663576
10.7660686898,7.10750913483
11.4689884489,7.06677803422
11.1041318471,9.28266138521
11.2462202567,7.41179211573
11.347568417,9.76650280466
11.1192705272,9.21297860961
10.7928352237,9.43023514736
11.8041965168,6.94858900091
11.0094772748,8.23611999574
11.262760125,9.93528865371
11.5555763979,8.10728915858
11.5802362542,8.47463497982
10.754626658,8.42807230599
11.3848549712,5.36528668201
11.6325604131,8.41531587056
10.8433802451,7.38844163311
11.1769996393,8.03090274591
11.1220601293,8.16450074953
11.74836039,5.37882210896
11.7115210663,9.75307140666
10.9822529878,6.75304873807
10.7597313424,9.8885662786
11.5835406482,10.1601907501
11.3585802952,10.0701567423
11.6058140061,9.90747806464
11.6656131254,6.3727917915
11.9032302603,6.74069003528
11.1502447762,9.13382446692
11.9341743237,8.52967276195
11.4440253154,9.37555820743
11.378946336,9.15073646777
11.6598566121,9.04837445049
11.5286115077,8.67955919511
10.87150607,6.56646873518
10.8737532701,8.09727237465
11.9391434911,7.07836615739
11.9205968968,7.44569252652
10.9160137222,10.3097739805
11.4283872624,9.78407130821
11.0956928915,9.42105866346
10.9726425605,5.49533158711
11.2949982491,9.00743311975
11.8478109858,8.86636222307
11.474789169,6.12376551306
11.6496804078,8.11550838687
11.3086850681,9.17407818651
11.2484657821,6.48381336278
10.7239281287,7.96308772199
10.742714879,8.56066908512
11.5175019548,7.7144705894
10.9012110229,7.0168844314
11.3262238537,6.86159339756
11.1182248091,9.6922746971
10.9312522281,6.27040356776
11.0087499327,5.97367025679
11.7556162446,10.0460855262
11.6419216757,9.37149405017
11.3222442016,9.52200356885
10.9703682789,5.81458726599
11.8072219707,9.74086993879
10.9776504443,9.59594569404
10.9551397769,9.16815520028
11.3214418905,9.67760942669
11.6921009332,7.56976080755
11.6494818215,6.16625147615
11.6779846868,9.24884213586
11.1943588492,8.5839468751
10.8066902716,8.70873165749
11.2988753729,10.1640283119
11.1191984208,5.51285005395
11.1137484328,7.82920688934
11.8468900679,5.36371127706
10.8868017684,8.27017312479
10.7582079238,5.89917520194
11.6757461234,9.6017248871
11.828489791,6.87833884292
11.934066886,5.92947571116
11.7355040934,5.93081646959
11.8264219095,7.02039596996
11.3320520445,7.45785841115
11.6126664307,5.55271602285
11.7060615307,7.67635041255
10.9452177678,6.67078358889
11.0704490892,9.55801510926
11.5501974156,9.99318059985
11.347272488,9.26223620594
11.4644020514,5.35747231592
10.9983332124,9.27462120751
11.8507119031,8.38452204812
11.4519831024,8.05876599937
11.6459601896,8.84976230243
10.632918937,5.37784376
11.6090547281,8.93235367836
11.4801965349,10.129433689
11.1313755587,6.9011369032
10.8783066202,6.12375460116
11.7412315687,8.68272777385
11.212005606,10.2289626503
10.7670892315,9.80719495545
10.9781615609,7.36606647521
11.0221537471,9.72332687367
12.0507114168,7.32896616629
10.7292579167,6.20058815539
10.8313752942,6.41694322664
11.0412709818,10.2582044982
11.9101963376,9.56658951939
11.0087201584,6.27631859063
10.6478417048,9.93347343075
11.6200491946,7.26063980795
10.9645116309,7.20684181763
11.8986596846,7.87769615911
11.7400025888,7.94368990942
11.286085454,5.59451592366
11.647799054,6.65679468513
10.9884640535,9.84659298422
11.9328191687,5.71887571232
11.3288175493,8.51937727827
11.8774875793,8.16983872647
11.5324384211,5.3534443544
10.7863102167,5.72806211885
11.7597258406,6.85026541038
10.8087500128,9.63477153597
11.9278637179,9.69335820089
11.6166558178,6.81791685138
11.5764619125,8.2472107904
11.545030179,8.79595841836
11.807444041,5.7556215357
11.7087659986,5.46075924114
11.7409320869,7.03548912979
11.9237057108,6.54298043219
11.2142564901,6.68100642478
11.6131340751,5.44626043682
11.1049906498,8.28703706259
10.8045330354,8.50071119934
11.5337428175,5.94529835103
11.5004710985,9.73958365494
10.8064635156,8.59866378335
12.0204467351,5.88740932456
11.113350805,5.36624174026
11.0279482541,7.52555852168
10.9319798782,5.711875753
10.9322611532,9.93780131942
11.3770874542,5.65633094841
11.7741910395,6.77720063095
10.9273006349,6.82106631508
11.584336522,6.42453093315
11.5396679478,6.0401123153
11.1990417072,8.73034657277
11.4086516326,7.51447633552
11.288855032,5.72156874103
11.5183879415,6.20508757912
11.6489427856,5.79425291203
11.2937994869,5.37041241525
11.2024179403,5.36563491022
10.7508499,9.20214266749
11.2793512239,7.05987739919
11.266791132,6.59753602749
11.8931884375,5.49612117028
11.8856727878,8.57115260633
10.9055708766,9.88692588433
11.3259798579,5.84712446159
11.8697787757,7.51371566802
10.9145326929,9.47350414573
10.7977972204,6.355767212
11.4386169674,5.61222594224
11.9027030364,7.59009566153
11.843776501,9.65263378602
11.5700915752,6.88099424697
10.790921835,8.03846085263
11.5337296413,8.98048362015
11.3940534055,9.97860367111
11.1901150741,10.116119886
10.8381085423,5.3619652698
11.8115079011,7.71156986768
12.0053732638,8.53259729612
10.6588532804,10.2335742216
11.224790068,5.66054901105
10.6098247484,10.0105716123
11.8472100987,5.43785062263
11.6876804753,6.92935151623
11.2324101401,5.91323539125
11.7474876009,9.33803372506
11.135700269,9.35832192641
11.5454058605,8.56429614156
11.2211376234,9.71074028665
11.0106021202,5.66133340807
10.7678569328,9.30175501915
11.5265328405,7.8181415319
11.9324790776,9.62788733296
10.9602806512,9.06331692372
11.679553534,6.26132450808
11.1251937477,7.65310762838
10.7210517445,9.97226489973
11.7658323163,5.66326767743
10.9754865386,6.90571525353
11.9510421637,7.34136070691
12.0011590824,9.56335314498
11.4922669385,7.57171128738
11.7849144895,6.59858798374
10.7408413545,6.78702496401
11.1269544463,8.5229168341
11.6649604947,5.86508750224
10.8948228982,10.1024175688
11.4284102836,7.66812644889
11.3527159519,9.89757178417
11.3452364164,8.19862604461
11.9728765259,9.38522130599
11.5530866844,7.03814799402
11.716878204,8.46518511452
11.1352080625,7.55932760099
12.0551187467,5.36733128135
11.1782899351,5.52780108049
10.8903272188,5.43849434427
11.3559865285,7.73423539819
10.9327132835,6.18006643267
11.1088400422,9.96189730856
11.9527502588,6.09909845573
11.1706545036,7.08150946913
10.9494092418,8.30574558813
11.1316512568,7.14417914996
10.9527471246,7.90945267444
10.7770259852,6.61392437636
11.3831661808,7.04172268968
10.8385722264,6.65686656193
11.902279599,6.22683077083
11.89734573,10.2248422381
11.0812595773,7.23892765585
10.8564670611,5.7956768081
11.4011551579,5.76629781661
11.7933144629,9.95436319293
10.9866811204,8.66224669245
10.8883736631,8.63365335094
11.8880024136,9.76549083573
11.107106497,5.91951618943
11.0220284022,8.32601782698
11.6014245063,10.0605455594
11.0552739709,8.75265298833
11.4787026381,9.64434977568
10.9890465406,9.39622968343
11.7138707361,8.08888944364
11.4597866804,8.88594183311
11.3475448279,5.43223681863
11.2673747192,7.30318862022
11.3871043139,6.94619039263
11.4781928155,10.2999238042
11.6134098144,8.32370299787
11.8551658546,8.49797571548
10.8365005631,10.2010379748
11.5446358106,9.13277907725
11.6392413373,7.20966188956
11.3413651556,8.90095958329
11.0682601202,6.11230466093
11.1939446387,6.23759652635
11.0830710713,6.3841201438
11.4222977295,5.48075040012
11.5171814732,6.78372434017
11.6441116089,5.64725090781
11.504021427,10.2229200579
10.9225923418,10.0094868482
11.2075496468,6.36024970528
11.892517658,6.8988931979
11.927646361,6.43689672437
11.6924867976,8.95623123793
11.76403421,8.34555047747
11.6948775845,6.0768587609
11.4453343799,9.28052089555
11.4956730667,9.07436825269
11.3842781695,9.20861015112
11.9281593067,5.60256787421
11.3939284473,10.1582594795
11.454696434,10.0340393907
11.1981261962,7.80925454192
11.1841419192,7.87091649704
11.4536927117,5.56024018548
11.5144188994,5.78415540749
11.5937132148,7.5396820519
11.8593065181,7.07670475608
10.9241999167,8.7588371816
11.411754173,9.0049101222
10.87848842,7.2968469934
11.2659762157,7.75237504699
11.6570302759,8.21752061325
11.3666762394,9.33265049149
11.1724717339,8.90234213016
11.757238566,7.30517516856
11.2551224207,9.83301717582
10.6929353707,10.0634299855
11.5699199738,6.11383292816
11.2301208043,8.48756627298
11.2699850775,8.76171609216
11.9009703122,6.99194172389
11.7679462347,6.33374505944
10.8272681956,7.48773207801
11.0006606942,8.12381221424
10.8895153211,9.62524457715
10.7468178284,5.63329533565
10.6790463345,9.858534325
11.5980814815,6.2149229713
11.7706344184,8.04236870368
11.1646542397,7.43574920365
11.0527966783,5.56938494351
11.5953243774,9.81090939166
11.0919686564,8.84018790617
11.910023269,8.34071140015
10.846929003,8.9766414244
10.7888756795,6.91684169392
11.6561259407,7.84818496396
10.6615540036,8.42310508396
11.8565348416,5.68050641125
11.6394356274,8.7313854171
10.9287275675,9.68611293098
11.222706514,7.50893773388
11.1936691723,10.3118909421
11.0510767415,6.92503114288
11.8682330422,6.15051345519
11.8050500265,7.5926949314
11.5572088014,8.88747992854
11.9545206811,8.11979656018
11.6524625132,6.56633646308
11.0923410114,8.62072776445
11.0731882085,5.69806830542
10.8577782154,7.17852363313
11.0588589029,10.1953753931
11.1772651362,6.52931221029
10.8809039222,8.86675560571
11.3192160642,7.16841297992
11.1549054569,5.44862450405
11.8291428645,7.44645931071
10.970746217,7.45233473389
11.123550716,6.30273864218
11.7435289042,6.42828946868
11.1290922171,8.40902250744
11.9563136371,8.70352846173
10.7843166683,9.55346893748
10.8164794172,6.82824883467
10.9191738469,8.199942316
11.8006792654,7.50454978338
11.1286470449,7.94192891642
11.2966142715,6.96682359776
11.4294659586,8.37824531457
11.255230117,6.7684945226
11.4275597931,7.23036236427
10.7277118338,10.158190074
10.7062285097,7.20781284235
11.4520976696,6.02047090955
10.7916130776,5.47148276774
11.2971214003,6.32483159686
11.1835565416,9.98728744956
11.3754876576,8.78115336968
11.598880241,7.85883314891
11.9343120007,5.84242488943
11.95784808,8.27115078324
11.3102541687,7.54900280283
11.3798851197,7.32461937155
11.0112115584,9.50550010218
11.3374022414,6.26380570101
11.0405326837,6.70992577556
11.0172100261,5.73621186886
11.1580051845,9.60452121951
11.829345494,9.1258008012
11.3858190672,9.60271183757
11.7414507832,6.73627367433
10.7743790646,8.16606725163
10.8199526612,8.24523941285
11.5259242701,9.89015020426
11.7352918754,8.78642490126
11.8190073824,8.74163766824
10.9487833913,7.09809246773
11.3477111082,7.98434397672
11.8805435138,9.21018937554
10.9642821838,8.96664871751
11.2874125811,6.18815325414
12.0183863873,5.67585110755
11.1633929566,9.42011740451
11.6625307444,6.47973603756
11.3976137326,6.41681916108
10.7609011626,7.70884463089
11.7849343991,6.12842145058
11.3457307685,8.09668573176
11.2531072786,8.84653869692
11.3303122255,7.37530344676
10.8329049349,9.51213507439
11.2278064811,8.39216028042
11.1614462156,5.84247876998
10.7360290423,6.69309529186
11.8135635302,10.2436691437
11.5539289788,5.61449831523
11.5725524792,8.18745975357
10.8465183227,7.87548845803
11.5329076916,7.25438351676
11.5556975164,6.69176459024
11.2462819931,8.9306666485
12.0820935411,5.58407121246
11.099519866,10.0478586818
11.6324792823,7.93496241552
11.3386190696,7.82969934929
11.2010875192,8.79032280485
11.462266954,6.37159420622
11.5798037596,9.06792328435
12.014601771,9.47469207787
11.6490000506,7.46652752581
10.7226464618,8.76090288187
11.8375655993,8.80984495212
11.3450993145,5.52630170467
11.195680591,8.24273910524
11.9523089925,6.82030876048
10.895742101,6.02036246242
11.4168584794,6.80914214108
11.5658301443,6.30977119458
11.2918331914,6.68972553361
11.7402538625,5.82512044075
11.833952475,9.54759358999
10.7795276346,7.97443763025
11.363164423,6.51546753983
11.2095055683,7.67807142559
11.7002008995,6.61721940609
11.7077449131,7.86907628155
11.204823695,6.11788953122
11.7825341182,5.47094710922
11.363539149,8.29692148536
11.1907486483,7.60156474647
11.803656662,9.24725858467
10.7865674361,6.23133759636
11.180150858,9.24205572194
11.9236091749,9.47450658782
11.7185795857,9.11495648669
11.1662395603,8.83747120947
11.9379758821,8.89690469875
10.8401022112,5.5969714747
11.4257581932,6.74381133969
11.3746210555,6.33385950036
11.4629078025,8.74459362439
11.6058328866,9.69608692954
11.6638942162,10.1772257106
10.8472378886,9.72743014059
10.8737083206,9.82194973286
11.3442078842,5.9557881339
10.7323361025,5.53497241217
10.9959277311,6.16930497506
11.959834435,8.03545135901
11.4795381831,5.68037796557
11.5293069779,8.39410770554
11.0074260968,10.0983091144
11.9024926538,7.2542568923
10.7428831775,8.97084643511
11.0272415251,7.64202352878
11.9194309267,6.00891200686
11.6897164021,8.37369492906
10.9986147004,7.2838568288
11.7276540142,7.78947883166
10.7892761554,10.059527129
11.6727622714,5.99164499824
11.6297456418,5.72968990064
11.809855849,7.86103932362
10.9153124263,7.82107663547
11.5899738549,7.19022459618
11.8432554325,8.28700320607
11.6244159507,5.93659927786
11.1010586404,6.96833535966
11.0683539587,9.6359955402
11.5626741576,9.47032622875
10.9305702478,9.76238740141
11.701013532,8.30857316741
11.2399697911,7.95391527681
11.7480230622,9.66285163611
11.5921480536,5.77412138038
11.0757857867,6.21663932908
10.8612033146,7.97944135647
11.5809959405,6.51159952003
10.9305717346,6.46025784984
10.8807734436,8.44557308603
10.8841316499,8.32452017738
11.2515991055,8.66459643375
11.3632172455,9.42865774174
11.0161006651,9.97387274642
11.5461932142,10.0804474931
11.2508820505,7.8658764632
11.3389937648,8.6069662937
11.5072285891,5.42597113072
10.9352762481,5.59644815808
11.0760251148,5.80857876826
11.7735981539,8.57336114219
11.1922391183,6.98998724329
11.8951309342,8.81165174642
11.5253579428,5.5214211592
11.2782357769,9.35595416799
11.6500530743,7.12021567804
11.7455295219,9.18341095452
11.2596054551,6.00195243323
11.5960941684,5.35302682593
11.7992686454,8.93515532546
11.8878640954,7.79112270701
11.9197721969,9.16500671622
11.3924476202,5.57348170133
11.5386723747,7.47050835897
11.9970692852,5.4959789259
10.8644662158,9.22389990228
11.8929750202,7.1603281425
10.8298119459,6.28466868203
10.8924910156,9.3450722842
11.8484496671,10.1649120431
11.4715111261,9.53782021193
11.5441250106,7.36460946011
11.6196685715,6.74221549102
11.2719564504,8.57438694701
11.8485582987,10.0660490961
11.7732443706,6.01845095398
11.6946772736,9.87495713471
10.9060241717,7.42772219141
11.149998867,6.6120299752
10.9811981857,6.35786352875
11.6070419169,6.02311306701
11.8083281792,6.22793350834
11.052050996,9.1782726702
12.0250958476,6.72199996497
11.8250541033,5.53500092218
11.7235714206,6.17731365516
11.1379789809,8.70329421632
11.2663534225,9.25661062186
10.7600822313,5.79860002642
11.9457185672,8.38879885167
12.0526239657,8.8452371318
11.0508072516,6.82085181173
11.7382745422,7.49152255859
11.2734265794,8.32238556205
11.1831610921,5.60363549982
11.3957653757,6.18968827609
11.0867312418,9.89507123539
11.4200752422,8.22442559933
11.6444665639,7.01704220479
11.845787462,6.80401914713
10.6583826175,7.08092399616
11.2029053734,9.31275912779
11.049798867,7.32522359532
11.9552521517,7.52699213919
11.1201561433,10.2730977321
10.8989992425,5.91281589082
11.6559533876,10.0987788271
11.4667168828,6.89210455771
11.1164511688,5.6438213192
11.0036545867,7.71695200191
11.5609409473,9.59069815739
10.9957049453,8.85235114538
10.5988336166,9.77429093512
11.0736529103,7.41929995535
11.034440011,7.13789570126
12.766922556,8.77578433505
13.4225695653,8.6610732764
12.5909953498,9.95401102318
12.7415199668,6.53379577085
12.0105497761,5.78062915866
12.2925485381,5.80241884027
12.5064430506,5.80959652244
12.3843331925,9.07901169517
12.3315454968,6.6523492065
12.8155424621,8.56182834497
12.2542771675,10.3006807876
12.4856013713,9.38048085832
12.26937469,9.45731202591
12.8762270758,6.1440235761
12.0523487117,10.1825791069
12.4373210752,10.2581516578
12.5388502631,6.99475778412
12.9797788824,7.54721287168
12.7863142668,6.02131956889
12.9228709303,6.40871238123
13.0520809804,6.05006304767
13.104792658,7.24743774747
12.0151981904,7.65503214348
12.3023399868,7.94944148698
12.4967267964,7.11168612077
12.8993537944,7.48295037146
12.2733479038,8.44638230849
13.281782784,7.78816645772
12.4050813689,7.28755496778
13.0222384524,8.0970789068
12.9759783572,9.02530793618
12.7653705158,7.02236301454
12.5887832457,8.25170999905
12.9956983014,9.32953219962
13.2162434104,6.6320648197
12.3886058161,6.31106910727
13.1171072431,7.4053793175
12.1705146466,8.1704930361
12.6069417251,6.9319481098
13.1578561519,7.20386623584
12.211321338,8.92348077331
12.5411665389,9.28783683465
12.2581937398,8.53666125546
13.0080795505,6.75418971286
12.8283630925,7.50126681473
11.9685430775,7.7694408618
12.7752203129,7.09899127509
13.1727756186,8.53306114851
12.8281318103,9.41689690433
12.1745340644,8.2856852978
12.6266253423,6.66112793681
12.9443983304,8.00514732774
12.3214961377,6.80934130357
12.9250851524,9.40999409875
13.1262762709,6.21341442438
13.2354417441,8.36398864186
13.2463824312,9.65060835222
12.7039655925,8.80429730937
12.2409141531,8.02531968118
13.289249325,9.70907780598
13.3590796939,10.1194880793
12.6967464391,8.30983200087
12.5443475055,6.93195176759
12.2100644735,9.53820583137
12.8520751809,10.2135277477
13.3415079956,10.251430037
12.0158438228,9.32499925247
13.3411885522,9.13242451416
12.3830945002,8.62429192854
12.0760013456,6.61201880216
12.208450938,7.95776612401
12.8388237251,7.24933714498
12.8091906626,9.74699866561
12.7819835228,5.47633452169
12.3486203396,6.37478763342
11.9736075249,6.26610285894
13.1699550936,9.62633256209
13.3074596566,9.95548286397
12.8390110426,6.37948036115
12.4779547004,8.02833067172
12.6158152509,6.09318851612
13.1307246056,5.57682204622
12.4359380614,7.3909434234
13.226412927,8.70923793548
12.6467827068,7.19141974421
12.4310452196,5.90079808672
13.079921932,7.16407135188
12.5792730275,5.80077000746
13.0043972079,8.76641129028
12.863851352,8.29043396122
13.1933141674,10.0796432207
12.1780244798,7.59622335388
13.2476656256,7.46177844013
12.0375842908,7.59278263579
12.4406053313,5.62881792374
12.8420709779,9.33466924662
12.7308381805,9.72345592696
12.1717262661,6.61437636236
12.9629805378,7.45177040142
12.4988195615,6.88434929518
12.7631815271,7.56431406046
13.1052393936,8.47070477134
12.155619876,8.08419061971
12.8198847192,6.88499380631
12.675055216,9.65204173961
12.3188801017,8.67087190003
12.3423651145,5.34809350394
12.2937199512,6.72368975579
12.5242992489,10.1917714697
12.262764432,7.62808431795
12.2860471803,9.56063739364
12.901513987,5.81372562874
12.3942636843,8.81406642494
12.6832886705,8.10355941753
12.1235956862,5.81611806375
12.7734096734,9.14033138128
12.8294375538,7.95268897965
12.9745233409,5.86946076399
12.5500526078,8.46000905671
12.6345620148,6.23591529864
12.1113090011,7.08303686127
12.1590358536,8.39000486666
12.5112736768,7.44305339711
12.4291713059,8.29456942238
12.2734516242,9.11857285836
13.0165113554,6.66481481434
12.5891905208,7.15363220808
12.8261327084,6.98984774647
12.2442039341,8.11485691606
12.7745118832,6.66967595876
12.1151755645,8.90724427612
12.1123396552,5.7048810606
12.6570268549,5.83575162583
12.6837629274,7.11535361206
12.5557837843,8.33530021481
12.7523300064,8.15279849774
12.0724798075,6.28904004608
13.0166171093,7.08125214848
13.180483486,8.23052022437
12.8390233124,8.05780738146
12.2100145819,8.77009804609
12.8098057948,6.46091294925
12.4451571454,6.49715596429
12.7019064138,6.61839430459
13.0941361843,5.85658686211
12.363656435,8.23884923485
12.398415062,5.81289458417
12.7502378005,10.0842978479
13.0931137459,8.63433797504
12.4753517713,7.34211786278
12.0706597153,8.46710742621
12.9306864683,6.24166786129
12.5889467,10.2553040943
12.7664026867,9.31131980244
13.0402853023,8.39729286056
12.9225461477,9.71649949576
12.2196895619,7.03650787587
12.1978340057,9.31948608239
12.9943565341,9.6854275808
13.1677930364,10.1523433089
12.0432797338,6.12497168187
12.8752521556,7.61332272861
12.302255736,9.2894314384
12.1076571045,6.78599904105
12.697774279,9.41481714537
13.0453237445,10.2790029859
12.9029396133,9.17846816881
12.9168401325,7.40795375344
12.6322575983,8.50584505549
12.9499688466,6.68767990591
13.2447418906,8.27337807244
12.736355781,5.82319936927
12.4422547751,6.06704331171
13.0114363557,8.65404592935
12.5541057146,6.62461953736
12.4750697281,7.56882797388
12.3284684014,5.60897964944
12.9169938425,7.1140138659
12.861912746,10.3018538903
12.1731081431,8.85551516554
12.261147858,7.20426756026
12.9977252711,7.36175216395
13.0606364486,8.8992117831
12.7026523893,5.74677088665
12.8059792129,5.55929188459
12.4900200191,7.27835715174
12.4645692116,8.36615321318
12.5409205895,6.54850824577
12.7852275841,8.34321900761
12.7810251278,5.68525451575
12.3407509059,8.14582113633
12.7728726636,9.66617792148
13.3084775879,10.1973649017
13.1841468606,8.89384822142
12.7341838265,6.42208746379
12.4577846482,7.06593851546
12.1536449677,7.92196725882
13.4258106135,8.80928117719
13.1418329548,6.54744585377
13.0877140563,7.32030492105
13.3127115324,7.171628253
13.1733323342,7.03576604168
13.3357431104,9.63980370817
12.0702811006,8.30785362935
13.1158478885,9.76255943219
12.8724601588,5.88793062351
12.1366639514,9.87576242041
12.1050816872,10.0944691533
13.1287921563,6.40722757512
13.0100938986,8.26553903755
12.3897468572,6.41819692979
12.2186589891,9.21996893948
12.6832767661,8.71097892879
12.8118731386,9.0170975071
13.0579315583,6.97242137537
12.2073966517,8.59770745636
12.5674993131,10.0452600023
13.0558495042,6.85553740017
12.5893785243,9.08191408583
12.20489925,7.13822705014
12.9322800404,9.96666714314
12.9103798694,9.56181776597
12.7052933685,7.39403148355
12.4906316164,9.05441521464
12.7284653307,8.98437459442
12.9957676165,5.70011263038
12.3983460315,5.94729711393
13.0075625361,5.36933989578
12.10504091,5.92567413878
12.0778431712,9.48619482725
13.0820803841,9.66626747088
12.3009457027,7.08565407082
13.2609272382,10.2894520114
12.776670525,8.10020123309
12.2859200988,8.81890516218
12.6097018509,7.43243002216
13.1774454367,6.24271727177
12.3564500833,8.4478482404
12.1584389722,8.94772543135
12.6917401232,9.9811044246
12.9280175459,6.96206584745
12.5377049537,8.96044172976
12.3867711634,6.12952742415
13.0891411463,6.69975508755
12.1008972498,9.99538812552
12.0802298881,9.14130613581
12.0537973379,8.00845770031
12.6911168568,6.8916089762
12.6363981502,5.69341250198
13.0774422948,6.47545630635
13.0825869644,5.6674780173
12.276271703,6.10224268131
12.3527229877,7.37265654223
13.2436959528,6.47146617245
12.34091498,10.2193643775
12.1457557359,6.85136034084
12.2559184994,8.70187310486
12.9135911363,8.11724111917
12.4000216055,6.74110657015
13.0219139505,7.92837678605
13.1693373141,5.73747537277
13.1660415427,9.02937817406
12.4561809456,8.66899182901
12.5332969844,7.15653179521
13.2203030247,10.2047792203
12.6961696298,9.33708130159
12.5036528293,5.38423220092
13.350466682,9.2937326476
12.4519711844,7.19010276866
12.5629341339,7.63566115936
13.1119453933,6.03284467634
13.2411549804,5.77699204657
12.0058118553,9.82312444875
12.8428355883,5.81403029104
12.3969276709,9.77311561841
12.2939035788,8.6036035636
12.9933549823,8.32693792258
12.6368245288,8.29353555678
13.2105120359,6.98072045216
12.5976337763,7.74015092962
12.3502395975,8.52657453344
13.2237284816,9.06506359279
12.9549113106,6.47575733261
12.2204335082,7.52675432519
12.9617502413,5.77417030055
12.4217283578,10.0719827248
13.0401201238,10.1707246234
12.3156251587,5.91003752577
12.320202969,7.84230339992
12.6942550526,7.64032078155
13.2514690379,6.2478678353
12.5030126126,5.48641347957
12.9026200965,6.74448042204
12.4735413473,5.71164097906
12.4981210694,7.81295639672
13.2857704928,9.4337970379
12.3337966583,6.4256779813
13.1963369281,5.85329497683
12.1966655568,5.90823756996
12.1114859565,7.37829387133
13.3494588946,9.00069224105
12.2299392574,9.68465193973
12.1898875415,9.03123402266
12.5452055461,6.05627806124
12.8601505405,8.79915012995
12.6300592338,9.28962739168
12.1545412706,9.64953825379
12.5173446417,7.05253459145
12.6278406045,5.76260597625
12.5890278289,7.53049419995
13.281668688,9.2641586239
13.2166177991,9.94368847311
12.1890596914,10.0497157859
12.3633380881,7.67510517488
12.4010503678,7.87918839048
12.9373544627,7.05817328141
13.1494493189,6.98408603805
12.2205935082,5.82646531161
12.5097752062,7.93878719094
13.2036515103,7.74798297765
13.2771085448,7.88509428019
13.3506172255,9.37026286861
12.4745171208,5.98098412952
12.1877448161,7.4352125837
12.2648899386,9.37701344136
12.872281152,7.81196057001
12.4725996486,5.54492111557
12.080605206,10.2725908351
12.7602747182,6.30685260891
12.8809661687,9.89168944692
12.4654350845,8.96375071303
12.3659488965,7.02912367109
12.7531793723,8.02729341988
12.0949364495,9.31516346268
12.7864555476,5.77573709482
12.13852644,7.9962996832
12.7625790679,6.1328756904
12.2259522871,7.29289443746
13.2058409957,8.44944929587
12.7802437555,8.897601579
13.1209569669,8.86735586631
12.603887166,5.99158133382
12.6427736928,7.36956390758
12.9943991798,5.60132356245
12.1641581052,9.45877524716
12.2434860225,6.43958672799
13.0487052622,9.4231685719
12.149588199,10.3120422379
13.1255614299,6.30067315489
12.0570373715,7.75142608611
11.995228775,9.74249027112
13.2232992863,6.3500006687
12.2944337568,7.53987680647
13.2023067723,7.12046343084
13.0452160718,6.2266283783
12.9184918694,6.3383053381
12.6350932424,6.56227822544
12.1201363692,9.22292152643
13.2558686366,10.1312094693
13.0367482996,7.45769067337
13.4390516713,9.43436903035
12.9207224124,5.36072994968
13.2538574097,9.16026481422
13.2374066929,5.94504858037
12.8815085107,6.46737711049
13.080784394,8.81003819783
12.1051134024,6.06990895402
12.9665349854,8.44176409601
11.9868473818,10.2592056744
12.3964044556,7.10362326064
12.2458384277,5.99469006307
12.2924190751,9.76075260149
12.7820426589,10.1625345185
12.6280187797,7.02258223367
12.9279097482,8.22700707375
12.625302168,6.48553295958
12.5921273491,8.58893099662
12.1144098898,7.53653289402
12.5003716168,8.13277807489
12.4205089329,8.0839968146
13.0364827678,9.75960240847
12.9252023519,7.88412389669
12.3900515888,7.77139319256
12.1958892272,7.7082420992
13.1264474035,9.96856855327
12.2909266689,9.89356994782
12.6695755156,9.05973930891
12.4772579502,5.86724483645
13.2037947573,9.30543534221
12.5504813961,6.166487307
12.3522632919,6.56898348555
12.7218860588,9.09327125199
13.3156352436,8.63747552261
12.0037380568,10.1105501719
12.3578139101,10.3065187167
13.2509758024,10.0375850669
12.7064210526,10.1597216208
12.4714195192,8.55884513934
12.3063357144,7.28168936
12.4888201268,6.68059116252
12.418367889,10.1545590405
12.0907492385,8.58891311124
12.3769428123,10.0028471789
12.6629513731,10.2364619624
12.5632458021,7.22961909054
13.1618764748,8.9667495984
12.6671873496,8.88457627315
12.0676251435,8.93364331843
12.0085728291,9.0006003064
12.1875840195,6.05462788804
12.4125927702,5.57125367759
12.3408536559,6.2196399037
12.4060148309,5.35934165241
12.671369007,9.88075621344
12.8900752495,9.80256385848
12.5772488241,8.69748043613
12.2152848063,5.74053205498
13.0251842914,8.19411374539
12.0292294809,9.24775417552
12.8544750328,9.66597006951
12.5762649616,6.37213380112
13.3881364534,9.05697851125
13.2382761094,8.60943661018
13.3499319057,9.52483805673
12.3623242147,8.36662499192
12.7599854344,6.7836190657
12.0343797294,6.20099914051
12.1654490133,6.98596616348
12.7824296617,9.91403719541
12.0608909709,7.90446218585
12.8133839633,9.82728796609
12.2116385983,9.6039490652
12.9282523532,7.68514623512
13.0718793429,9.00596513694
12.809790045,6.59202577389
12.15982937,9.13338149479
12.9348960013,10.1685866648
12.4243794992,9.276290001
12.2867683332,5.41587089567
12.4906502968,6.10073543418
12.3847843649,5.65973665514
12.0643862059,9.66415699943
12.6309185116,6.42274292361
13.1406849123,8.38056879327
13.1444866967,10.2433480569
12.7614018189,9.4642641062
12.8337553857,5.3694857023
12.8544400554,9.08546100189
12.7345357793,5.60172340302
12.3374097422,5.72689384453
13.1790747211,9.40620408926
13.0184071613,7.75508313656
13.3068362554,9.06579946273
12.1132679638,7.00983604728
12.0444794599,9.90927203869
12.9178214483,8.71541814471
12.4994444615,6.60613770878
12.5395297362,9.47925921845
12.9763214288,5.98841223295
12.0537327242,7.26687553296
12.5834170743,8.91422888519
12.2344282985,6.21398276422
12.9791554603,9.50236360379
12.3644721037,7.57632659972
12.8568843347,10.103112062
12.5604822186,5.89600928862
12.6018471131,9.38203008182
12.2350485189,6.67408819212
12.8155000122,6.22166528222
12.9808809063,8.56642165935
12.3227236738,8.91538485551
12.5050303863,8.23292124134
12.6081259322,9.56277790788
12.1818571312,9.74900080529
12.552377739,6.45022901258
12.364974075,6.02135499881
13.0917199707,5.35832346328
12.7487661626,8.83771812635
12.2576349826,8.33693577865
13.2909767124,7.06970554522
12.2257009405,6.91094765903
12.1221216313,6.39633065536
12.1050526468,8.99067194281
12.1364082753,6.21515357045
12.6609849518,7.2861009019
13.2759982715,9.79734249643
12.6453556443,9.76797294149
12.2225888761,7.86650799102
12.8847878981,8.40879514227
12.3266614711,8.74028489129
13.3698947556,10.1995958394
13.2772047219,9.59084780485
12.8593446849,5.51018438592
12.5398075284,5.55908170715
12.9754352436,10.0715934184
12.6490040367,9.47499467208
12.2934866627,6.99402755885
12.3258923458,10.120178272
12.5614266858,7.33863755755
12.8431301852,7.86570545941
12.4292507505,9.14929225469
12.3382593721,7.1817659496
12.6996074058,5.66477477209
13.0666813456,6.6286427702
13.3670337264,8.90682105477
13.1943946823,9.72607676833
12.1276349101,8.77548340016
12.6142271424,7.86436147443
12.562652265,6.71629193624
12.105081151,5.47735137077
12.6210710998,10.1592556535
12.8930550163,7.32295475583
12.8570261162,5.63014108172
12.9290176037,9.06282229382
12.6561772155,6.33798799814
12.9491087908,5.46480771256
12.4473564248,6.22600785836
12.6022258932,5.47390193675
12.9896014525,6.12467620629
13.1392764897,7.63310265101
12.7934868283,8.45803554729
12.3237390183,8.29509661701
12.9421800947,10.2620157962
12.643833523,6.77275682157
12.8106978828,9.57946109809
13.1100137615,7.52169418429
13.2583508205,8.96948889996
12.1208015107,7.29123699989
12.1148122387,9.56600795485
12.859465871,5.98914208513
12.1707581894,5.98877951967
12.877997175,6.64750663764
13.23020612,7.6810589539
13.1879094555,8.08003089721
12.9080779656,8.61867815931
12.1789216645,7.34221278356
13.0219185925,6.54868867421
13.0828613977,5.96514091412
12.3619140386,9.18457989982
12.5665299261,9.65562726061
12.1871770341,5.6341392115
12.0750187093,6.84403931946
12.0120611795,7.12564594121
12.497508675,8.74557383047
12.9062310114,5.56125879125
13.2505763139,8.1633431137
12.3513812508,9.49097897747
12.5436167103,6.29013938661
13.367754403,9.2126231603
12.4524312995,9.66825112911
12.4494535636,6.97536239048
12.0291056065,9.10240361999
13.1413134129,6.78268424358
12.666216033,7.97332220729
12.3314228721,9.83127808747
12.6615158535,8.39549909549
12.1669177194,5.53554579196
12.1615982508,5.38311616441
13.2282224036,7.03928261418
13.0039275107,9.5968544684
12.7588342568,6.9611760052
12.6538645629,10.0693752835
12.1620043189,8.68629876639
13.1108125155,7.07309808717
12.7670379762,9.37905527991
12.3301814353,9.65817726759
12.2906325375,7.45727565265
13.4286715695,9.29655484555
12.7669999363,10.005449361
13.0651717335,8.56027783588
11.9943986605,6.35439416676
12.8527161998,5.44904446235
12.0242793869,7.02420950429
12.9317648495,6.84137036791
12.0628075891,9.40843159115
12.7016531867,5.51309551287
12.5938964148,8.79520770217
13.2662760801,9.35522657716
12.7132423005,6.99697746908
12.1722847835,6.13501678924
13.1644749472,7.99823656494
12.3983033548,9.89136098876
12.4030390436,5.4610944082
13.1733559883,7.46514267052
12.4132094475,8.91131091516
12.9691330755,7.16409880395
13.1058756541,9.53599251853
13.2138161148,5.55838120922
12.7226689194,6.20615326079
13.410492238,9.12785263054
13.1626504058,8.62114407403
13.3418516741,8.74369940716
12.4276922428,8.17680021021
12.2308626048,10.1221332591
11.9613061955,6.1902351538
12.8716677829,5.73722537113
12.3379035575,6.49516348877
12.6783753551,6.48168057499
12.2552983753,7.36402075233
12.5797462948,5.66618877968
12.8546369084,9.49065026034
12.9278672603,9.64001467253
13.1525202964,7.92526400898
12.9425379474,7.76635459539
12.8330555884,8.13459733297
13.1664254277,9.22450770313
13.10795142,7.75614672604
12.5655598346,10.1120990769
12.7050884694,8.4947374965
12.5923553851,8.16770018829
12.2571198245,10.2015395751
12.637354683,7.62833646689
13.268286953,8.83321167088
13.0919248925,9.8945794095
12.2768221125,10.0331519343
13.0606623783,7.58562628905
12.7782389436,7.32743073141
12.8035564763,7.8160810349
13.1004247494,8.27718283358
13.2190340392,7.93020994826
13.1623656359,5.94818534626
12.7066569501,9.24794635455
12.7713230303,9.0643881159
12.7647910224,7.66665692402
12.3342532178,8.03828812825
12.1619735479,7.77766345655
12.0953164283,7.1899991129
13.0895903056,9.82037164148
12.4685835926,7.69012843963
13.2270152975,9.51564659414
12.3269113952,6.90890584821
13.1050064286,8.05572874016
12.5841800409,6.86107348266
12.293826655,9.20643503199
13.0211478606,7.83295106409
12.7445712119,10.2294321997
12.5221990062,9.17161835888
13.1028315244,10.0685729496
12.1758660484,8.50295232396
12.6112685298,5.36749316338
12.7346374735,7.88266003973
13.2256619926,7.20946123381
12.9153071005,6.55061920168
12.5653741877,7.09662941925
12.9609740746,8.37907124833
13.0882910714,5.43140163826
12.2773668617,5.66777911704
12.8531108717,7.16176645278
12.1009145278,6.15331666002
12.1777935762,7.65824086318
13.1224017238,8.15686290014
12.9132331866,8.51224768645
12.1390412428,7.86046320018
12.095581001,9.79410019342
12.6683603348,6.15245336023
13.035426901,9.97250577571
12.6886150539,7.48159410185
12.7213367357,5.3871364845
12.5018248942,8.87079130896
12.7885471824,10.2923196221
12.0334022586,6.41859168862
13.0172134933,6.33720893094
12.4004630056,8.71686232388
12.8095298165,8.6818299734
13.1864938304,7.84753524033
12.7099781349,9.54792022506
12.9882090282,8.96520942253
12.6648583577,9.1540335839
13.2889518661,7.96797076786
13.3683150568,9.84508349365
12.0214853089,6.00134016756
13.1042671046,8.71666383302
12.5264442047,10.2785828672
12.7158433173,7.05026686631
12.5120693123,9.57578964975
12.4047044365,7.985299809
13.1470434659,5.48632887427
13.0729208028,9.20713634005
12.8570038237,8.90036039
11.9803035027,6.92550703107
12.2598045726,6.56548986127
12.9201769513,9.27884247372
12.1391178458,6.69969520867
12.0349873634,6.81116588201
12.8071692783,9.23510305666
13.057706757,5.77185840961
13.1333610775,6.6437746582
12.8425337074,7.72802402215
12.6700115534,7.57772551401
13.1618807266,8.80434167901
12.4622237214,6.14477437934
12.4394129745,9.46983734541
12.0254575452,7.5361411684
12.9052012829,6.06482968185
12.9547576206,8.8775013774
13.1803840294,10.0185139737
12.1572427078,10.2061480579
12.4859298548,9.99040385101
13.1692285649,6.6966303458
13.0545690268,5.51270505672
12.5303810781,5.63329329299
12.1328230766,9.71082489115
12.7928965549,5.85108911485
13.2864038938,7.60939012402
13.0516844502,6.42077879696
12.5079275819,6.79321903518
12.1000950426,7.64928897479
12.052219627,8.11157279758
13.0164276376,7.25056449647
12.6716645309,5.93307292723
13.1000540068,9.31106882387
12.0904334133,6.92843577086
12.9804358801,6.4204758465
12.3097647728,9.01620489748
13.2701046389,7.25334385399
13.1757099223,9.8388497612
12.8943760248,8.98523511088
12.8501523755,7.39748740631
12.3467568423,5.54063064674
12.101210458,7.82389215964
12.6352693221,5.59667146735
12.2057531097,5.47209680046
12.1841728026,7.2364504142
12.2131362809,9.83116600632
13.3355147579,10.0270583094
13.2082477293,7.39865391399
13.0465455015,5.90457141243
12.2466023694,8.88400297418
13.2149208306,7.54250809625
12.4002374029,7.47504705362
12.4948886641,9.89866775068
12.0991467411,8.21107540901
13.0961111965,7.95444821116
12.810195893,8.22129309683
13.2060438044,6.04045105255
13.1879311838,7.2960701291
12.0920778159,9.06882472894
12.8622562295,7.06640737354
12.2809946525,6.31956501132
12.0248184386,6.50703732634
12.843292358,9.99979215058
13.2396492511,8.02714147666
13.0237045762,8.48316864719
12.4679626163,6.37921759487
12.7719564714,5.94717657538
12.9879375354,9.22287907131
12.0307846828,8.22424350541
12.6975283964,6.69619009998
12.7484802857,7.20689554172
12.5731604468,8.05077009656
12.9663193154,6.62459014128
12.852064155,6.29389671901
13.0475472684,8.0086309442
13.1358827198,9.11768204743
12.4103304805,6.86062728538
12.4154369575,9.56027745325
12.3670708205,9.38390764229
12.7306292245,5.88253595987
12.5209337174,8.65181406964
12.2511445068,8.96616268288
12.4952037741,10.0941074183
12.4332691997,8.44930173992
12.4234583505,6.60881387832
13.1147475442,6.12294294034
12.5728114109,5.72921239398
13.2798376525,7.31433438398
12.9286964747,5.66643583825
12.9871076408,9.86415415302
12.1750267475,6.29850679417
12.1450759742,6.51817147951
13.2776145766,8.52508103889
12.7793653569,7.43789274356
12.9153875884,7.23073135356
13.187359564,6.18083406378
12.5676732644,9.85034585502
12.3889521038,8.98473683547
12.8332503028,6.5264167025
12.2581135326,5.54898984256
12.6967037759,6.03981752584
12.1949544172,9.94884018296
12.7403307932,9.80663405693
12.2737723561,7.75609595659
12.8269123117,6.73320521496
12.9905486021,6.89653264245
13.0163597349,6.46320141298
12.8296695325,6.0730412774
12.2593566886,8.22356008538
12.6927991056,8.22032251627
12.3631173527,6.96028202884
12.141707498,9.37284570955
12.0140854103,10.0179159184
13.0989167386,7.86823129931
12.7196712245,7.76285624117
12.8431727542,6.79248823206
12.6061360857,9.22377578927
12.6183200564,8.98845377287
12.7103569258,8.59443110496
12.2179377241,6.78365375163
12.4824047596,5.59767345997
12.1109671013,5.99415309274
12.9222335039,8.32520007557
13.2876940777,9.88485720425
12.5346518023,9.75139505725
11.9712379336,7.84528430925
12.4767593908,9.82450873089
13.006870615,9.11846778481
13.0158498587,7.66602602466
12.0187067608,9.16572039559
14.1644617371,9.17186528838
14.1866754893,9.00600507875
13.8985031051,9.79980961603
13.7775554229,6.03320756798
13.6411274886,9.6136383777
13.7739475823,8.35164204175
14.054226573,6.95570378109
13.4783222152,8.74211976614
14.5509921848,8.72189569668
13.5440451472,9.12326761708
13.6356166077,7.70058063547
13.3892983874,8.26299206201
14.4903463462,7.87145630643
13.6837922201,10.2712803489
13.6933501649,9.45478854227
13.9559132684,8.12470340027
13.4454149783,8.17261121377
13.961111912,8.65735335476
14.0821298422,5.99853552219
14.3384215684,5.57138720455
13.9254042246,7.42009129899
13.3507391525,8.13515467187
14.137208585,10.138948257
13.6593870273,9.17985756768
14.4900308183,6.95323775474
14.5024412128,6.54327685081
14.6618828445,6.59706279432
13.6348537081,5.84428852886
14.4134729705,5.64849256021
14.4772748412,8.3923824757
13.8517717189,6.08709875866
13.5746789993,7.4640835997
14.174587897,6.99069110577
13.5549533236,6.54525302515
13.4780019142,9.19665028668
14.2236837186,6.19362215214
13.7809404772,8.43706286297
14.1297469917,8.23729580485
14.1605840777,7.95754850412
14.3072556964,7.01817233794
14.4273793992,7.33943188394
13.9326793627,5.60993084904
14.5107030793,7.3329109305
14.0636831265,9.53577620495
14.310375424,8.1803229442
13.6531149981,6.40689917379
14.5996912779,5.37139035551
13.4205818578,6.79186068863
13.8127825739,7.93588588385
13.7297442481,7.84774636636
14.4856749932,10.0615064628
13.3844575362,8.45168185582
13.9313885842,8.83287494261
14.051445633,8.28544615222
14.274335009,9.17622492871
13.3859852531,9.73224128212
14.4441427924,7.91404578991
13.717855927,5.97295855092
13.9956085343,8.97769332827
14.4109526523,7.63915338766
14.2252793748,9.76760165882
14.29204921,7.76901937664
13.5527354437,6.33156670812
13.9551734773,9.90509730053
14.2061963737,5.63536166986
14.6727523839,7.71330591823
13.7001681947,10.1313127373
14.1563603716,8.63927942459
13.7444475295,9.37295459662
13.5296404067,9.05038060494
14.1372955647,8.92856782648
13.8985729063,8.90508023131
13.9858242918,7.58223354402
13.8116288793,5.94856232241
13.4637816336,6.56895717792
13.736524706,5.87843938327
14.1626036451,9.78942398119
14.2843902836,9.08668908965
13.7193465024,9.79138992004
14.5811691615,6.53885268116
13.9672592035,9.47132082178
14.3563308213,7.48934321845
14.0784569843,7.76312188249
14.0503018292,8.12387844339
13.7124509032,8.16710390315
14.4491918539,6.36524188249
13.562691893,7.9818602645
13.4124096723,6.87614667992
13.972490648,9.82790223293
13.5756165279,9.19737226843
13.9453618965,9.07555783829
14.7169885948,8.61595025495
13.8374684686,10.2349091597
13.6095019857,9.89440579507
14.1721650687,6.52749314589
14.0969582653,10.0954322478
13.4703359228,7.07942128602
13.3538394962,7.30949731487
14.0680490658,7.9110059319
13.5374198989,10.1337687127
13.892990972,7.97344326707
13.4762142649,9.69700866321
13.4811278447,8.89711043255
14.358696074,10.0254480705
14.0940337165,5.8737407536
14.3902875143,8.91247652869
13.9743553674,5.37780706808
13.543533779,7.72743626855
14.0118029659,8.49087349788
14.5263517838,8.10365517229
13.6468462568,7.28250477747
13.8024676838,6.73892881039
14.1388664934,5.6697831391
13.8844119179,6.66795587456
14.2608180934,7.3393227719
14.324913122,9.28226801954
13.9123967709,7.63460268743
14.0605099507,7.57908146356
13.189378244,5.38604885851
14.0844284455,7.51480744019
13.8845056461,9.39927861691
14.2943042628,8.97117878671
14.3487483679,5.48430802112
14.1058175225,7.24669072891
14.2454282653,8.59731681246
13.6810240686,9.09447036718
13.4666066481,9.78299237605
14.2678464622,6.82495169425
13.4057952185,6.64606779308
13.7418314615,5.37198527321
14.2807372058,8.85567632129
14.4445548156,6.17346870532
14.0269496574,9.91724688087
13.2923581488,6.00038154499
14.5164235913,5.71377753744
13.3361955453,8.34755262417
14.405900001,9.56380449595
14.3155615912,7.57727177353
14.5114373224,6.75217021705
13.6011133998,9.28467934299
14.4905106948,7.67600664605
13.481037884,5.96355170615
13.6814003947,5.76257383026
13.9250778892,9.97041540727
14.0160402192,7.81915055863
13.9753919773,6.47582248779
14.3299176435,5.82856443634
14.1195237193,9.71362528634
14.4966333282,8.78124143426
13.496219493,6.06842970101
13.3409157096,6.22290034562
13.9110900715,10.0439833886
14.5984152172,9.74011920469
13.9530402305,7.94699157069
13.6179147214,6.86655572973
14.340663884,10.1769507357
13.8306570483,7.36329978508
14.3671645042,5.92107103909
14.3007849065,7.22354534852
14.2136875205,8.19878917544
13.8887420301,8.42793563597
13.3704863566,7.7579678285
13.4387326955,5.45853261391
13.4613815094,7.93129023524
13.4576908233,10.0916209392
14.4090089544,7.99143776929
13.4052515695,10.260602006
13.7559257604,7.09999898775
13.9932756896,8.76579149031
14.4988005962,7.50896520443
13.6141428732,8.76495681787
14.5307546824,8.89990220549
13.6753958331,8.72302680956
14.1396092737,8.32886905321
13.9396483816,10.2730602512
14.4365139697,10.2955644216
13.8779083205,6.95464883413
14.1091689842,7.67402748007
14.3775748564,9.76206870216
13.6784024523,5.49345550549
13.4787856816,8.00602424036
14.3495879476,7.29845897028
13.770803168,10.187139264
13.4601314385,6.40387438542
13.7668183155,6.63059084292
14.3232493059,6.92484012046
13.7123391043,9.27238187559
14.3286266164,8.67991128962
14.2869446965,8.48966996285
13.6073172855,7.8633083119
14.2769908022,8.35469888594
13.8431408966,8.65319677393
13.5494598083,9.65722018922
14.4851795048,5.38698639819
14.1187536639,8.81649934167
13.9808974221,6.68457424575
14.0676449903,9.19412455108
13.9960938582,9.98450278259
14.3055596093,8.08313804163
13.9666164382,6.19442750757
13.3174452113,5.82144580446
13.7218864811,7.38221415802
13.9589120053,5.70086407197
14.082300485,9.78636677261
13.9391626614,6.89467277434
13.5678653543,6.13851056028
14.3451124326,5.72451266538
13.4838720478,8.54667535953
14.4449055419,6.82423173088
14.001738732,10.0836434751
14.4152143857,6.91272895801
13.9096683182,7.23456080809
13.636472783,8.07767642995
14.6433917235,5.98302279549
14.5400066094,8.59859307287
13.9292928034,7.5223010088
13.4335266195,9.61481433004
13.6200146109,8.88676058242
13.6203678842,6.27149123113
14.1891563155,9.490082746
14.6855821889,8.45715320021
14.083511686,8.40368559575
14.456398706,5.9523309931
14.5157936755,7.12907597085
13.7090192068,8.66195464234
14.0809765168,8.7016337057
13.5780913594,7.61287122255
14.097941423,6.12183393611
14.0010681226,5.54864381714
13.9057250516,6.3003047346
13.2841960593,5.70283817211
13.6760489177,9.95049672876
14.1567645755,6.44261725173
14.1915201341,9.09650721882
13.3048184423,7.39634675003
13.5797134513,5.59610930283
14.225884125,8.29210787462
13.8613801414,6.20616918308
14.4193618997,7.5434045596
13.4126297004,5.61401576078
14.5288328067,9.60333762612
14.5910280992,7.86874139965
14.7403899876,9.12810846407
14.5214115339,8.27024988759
14.4974416042,7.27530341104
14.3311709449,7.9722961409
13.6707137242,6.06499586173
14.0404156434,7.43638451308
14.6038254941,5.90745739395
14.2203810714,6.80338218332
13.5545385655,6.88419814513
14.1416339417,5.73945598425
14.0787904465,8.91164022619
13.2721067428,6.14381541605
14.5821047296,9.67269258443
13.4228337301,7.56427988864
14.6538006248,8.87753850909
14.2223942555,9.31423738802
14.1827961573,6.14902644423
14.669106205,8.31697345293
13.2471248096,6.73358252415
13.6611990546,8.93606249379
14.5524506813,9.42939395761
13.4301349227,6.28921169256
13.5883900259,7.3500482677
14.2744090555,5.49583184713
13.7075818642,6.56172645252
14.5591836902,5.94794563843
13.9948478813,9.33278920909
14.1937201548,9.94990762262
13.3399392943,6.71815989917
14.6367982236,6.77758003446
13.7443542887,9.72675201407
14.4282342829,8.18322874833
13.5151974053,7.17558034003
13.6846087294,8.78536236008
14.6833520133,6.2614161269
13.9199446605,9.70038970419
13.6548409332,8.27406037181
13.8201487276,8.95057277411
14.2715825211,10.3157134749
13.8258351086,9.67204392076
13.4459193454,10.1818645367
14.2127208943,5.71680699021
14.2796494247,6.73492989509
14.4373837435,7.44796832792
13.4533576001,8.34573045939
13.7119403101,8.47512598572
14.5712449764,7.30490767019
13.5258082881,8.09014895497
14.4313905159,9.45900156344
14.6418097075,6.48693624727
14.2681957192,9.57616234124
13.4851500342,5.42021010223
13.3137461582,6.29451145744
14.3280634043,7.67290632287
13.654911937,9.36457227
13.400217291,5.52752243249
13.8444182807,7.81785651313
13.9054187287,6.38773321549
14.6164636094,8.12067206806
14.0352862567,6.89008546964
14.7259566632,5.81779935319
14.1964076593,6.87869174333
13.9274442698,6.12038094533
14.5528642512,6.93852312115
14.0177940785,7.72743857292
14.6068161521,6.2450614869
14.1840370697,5.47795757515
13.580060078,6.7023640686
13.4909281456,7.82671825494
13.3640267126,5.45451001118
13.6705727489,7.36065140497
13.8045759623,7.18567463884
13.5626804909,6.80030690632
14.3419700121,8.02654379431
13.7415810913,6.36717029185
14.4990899112,7.5916343695
13.8935202162,8.59601621441
14.5903731931,9.89997889425
14.0943616178,9.99692361009
13.4457083019,7.74139055535
14.3604292617,7.84399893121
13.5592563093,7.25430701406
13.3697695155,7.08786355923
14.182047127,10.3103652362
13.5926984088,8.82890491945
13.7730878311,8.74618412027
13.7284271641,8.94742407865
13.3053999974,6.64760944578
14.2848651797,9.37372339093
13.4807215561,6.80886356225
13.1608631312,6.89955522225
13.6707904027,7.78738309396
13.5139012859,9.28345926709
14.4429390737,8.72572071646
13.8620310316,9.89451241015
13.3133828084,5.49765879183
14.6872384616,8.69033687995
13.8296383884,7.70752367779
14.4015230526,6.73680807392
14.1252885553,7.83987406183
13.6611384488,9.01298400272
14.0833397399,7.33484714634
14.1467185339,9.250880523
14.4300263972,8.272263173
13.6593191197,7.53408694098
13.8401057585,9.99973740937
14.1130916349,6.92391196375
14.1077474044,6.83690417984
14.4698015528,7.21221613646
14.0989308367,9.09414721502
13.4596615334,10.023896101
13.4928622311,9.35308076233
13.7952901575,10.1336427352
13.3730664603,7.23998056407
14.3757538181,9.37539694813
14.0146932799,9.03893508197
14.4277098572,5.76266726279
14.6783494638,9.38560089572
14.190067989,8.05514794622
13.7220289516,9.64515165319
14.4556078975,9.99883141112
14.3579008777,8.56919851191
14.2754950573,6.87665268056
13.3285615362,6.81284042645
14.001868485,9.13800099465
14.5707195933,6.29206352501
14.5809048831,8.99304176668
13.915698194,10.2010936641
14.5974442706,9.19614220674
14.5579013982,6.10139432876
13.5295968686,5.36418127144
13.7488816646,9.02459050775
13.3070341868,8.06573781256
14.2274115238,9.15670031096
13.4043055268,10.0465378612
13.3166932568,5.9286080566
13.9588395001,7.87797660736
14.6753186158,8.39352817045
13.6690066035,5.58858515917
13.6706094541,6.82840657258
14.726229354,5.50651530311
14.5050008714,6.28414610912
13.9817448581,8.01758722116
13.4999951393,8.62455549648
14.5523204393,6.36065125052
14.2573607568,6.10176912891
13.6113651101,10.2202707942
13.5980770911,10.0031500054
13.4092980604,8.05539605227
14.2739106944,7.89705942418
13.4855719248,6.73223190799
13.7259189445,7.72920192721
13.8051956011,6.95439387359
14.1367113965,9.33276277126
14.2495870267,6.95032327115
13.5877804417,10.3053165435
13.2313971504,6.82977583454
14.2245593694,10.2594023657
13.4147097025,5.37592369434
14.2235830878,10.161466397
14.2814734239,5.74085296233
13.756608274,6.22913861503
14.6311473937,6.39877483871
14.3718031009,7.91484458996
14.3026616848,8.26563684492
13.7484716872,10.0294822757
14.0587460163,7.03964713798
13.3726215978,7.96058649173
13.5904507234,9.81320467682
14.2879259554,5.65360488796
13.8228933472,6.40131023624
14.4294089797,7.12371257344
14.5001383668,9.7095670775
14.6633711454,9.09883088075
13.528800476,10.040554653
14.7107673247,6.05627237852
13.8475901311,8.18320617753
14.2945975949,9.7777943331
13.5614674595,8.87579948099
13.6259018475,7.22393772875
13.3299406717,7.00320490377
13.3410288755,8.20523422552
13.8276054892,9.31029088571
13.6652247118,10.0362367466
14.3848061456,8.79036636839
14.5858948077,9.51321447244
13.8987056616,7.89177322318
13.7523006286,8.51974918571
14.5536524422,6.60680933072
13.9745960436,9.23607415655
13.9393992423,8.55630828988
13.4698085474,9.52785323918
13.3680928018,6.94536250984
14.21038533,6.27911070469
13.9965533022,6.95505387231
13.7884457131,5.47693956349
13.879751149,10.1271994343
14.5923020437,5.66701930715
13.7236707753,9.14854787478
13.6189952321,6.48901253021
14.5327386006,5.87599461577
13.7682623829,5.78136680002
13.9330825348,7.82489283739
14.5436611673,9.80910019145
13.4011514019,7.00849235249
13.5553935655,5.47925416558
13.8157940703,10.0738966357
13.7350659662,10.3019127572
14.4103583678,8.48269737331
14.3910997674,8.08366817828
14.3478159153,6.83209669234
14.4451189891,9.81849032391
13.6121705915,7.13785548601
14.2598974507,8.00738509098
13.657255762,5.92786493773
14.0249685671,8.93366813281
14.3207209255,9.47133918295
13.9738117206,6.60991857426
14.5927220498,8.18827098805
14.1165058883,9.87458882802
14.4562761426,9.63851978558
13.2884880704,8.42697973064
13.7554217926,6.82900844891
14.7148454841,5.5661575056
13.8776902393,9.74443430999
13.7433851961,8.06449102327
13.700569905,10.2212230515
13.6097782559,8.17811619758
14.5236433602,7.44861611304
13.5303085731,5.87998074963
13.4555746718,7.28550286635
14.5428016354,9.09234255755
13.422924435,7.17993144039
13.6165987074,9.52344181527
13.7978648635,10.3099196887
13.4821389987,6.95714916575
14.3165495999,6.22548710541
14.636956461,8.7391167338
13.5682066624,8.49220687463
14.4054755521,7.17665025796
13.5630790062,9.42302060393
13.4528324467,9.86929600459
14.6113297504,8.50619967906
13.4736074177,6.49445264085
13.8319428639,6.8890208917
14.4159837888,9.93830794215
13.7441139908,7.50214079528
14.3647471501,6.12602795886
14.6517624679,9.48190400765
13.6092766834,9.13005089367
13.466216826,7.6511224666
14.0537408911,6.73218314526
13.2621454314,5.51788073568
13.8916089172,5.91674263544
13.2675763611,7.00373608008
14.5737932642,7.70483817724
14.2021179403,6.64432082499
13.8970869037,6.00738050853
14.4307992645,7.71674694776
13.3901694072,5.73466591351
13.9389434354,7.02921796907
14.2953249708,8.76151063814
14.6547244812,5.86961923926
13.2644805133,5.45497406925
13.2788038731,6.91795145077
13.9274340275,5.86304737453
14.140512641,8.13372133996
14.6711164554,7.80732356741
13.9815318177,6.27492117959
14.0082843992,7.90709736793
13.9652015174,8.91803513951
14.3133227855,10.1155344074
14.5072949861,5.79782731445
14.3501099158,6.01644748511
14.170912961,7.55309013005
13.5389831235,8.16809104326
13.3907332877,7.69105025875
14.0106693875,9.7290743699
14.3453878422,7.11884409541
14.5517897665,7.22363377431
14.0580983168,6.56685987615
13.4899432349,6.18571418013
14.4936672597,9.89740288101
14.346630231,5.38103865212
13.7493799805,9.86596938261
13.4615031857,5.8033693168
14.6851220142,8.98148256916
14.501998483,7.77838488959
13.8554277934,8.05513531085
14.3904928743,10.2372906458
14.009570079,7.64894665129
13.5181255515,9.58005241118
13.7990625212,7.59121644456
13.7654654777,6.13045471316
13.6180338495,7.76890407963
14.2217066477,6.44345311355
14.1436022075,7.06228562811
14.4194945897,10.1332398243
14.4624697237,9.38070812097
14.3411886795,10.2982672916
13.516315157,9.8338772393
13.1992135227,5.63994872107
13.7275298924,5.66848184921
14.4580554397,6.0710184781
13.9833280078,7.33163634514
13.9281197461,7.74411329404
13.3096920995,6.05585330936
14.6996502411,8.79159103102
13.9552538875,8.24291136485
14.2990099797,10.2376996808
14.5143366317,6.87511640766
13.9233761604,8.49658164645
13.6923306725,7.62934543073
13.8636119339,8.31945755738
13.9314030687,8.0082999742
14.4496135598,5.85152960077
14.5914067018,8.36325944218
13.3424278663,6.38676869
13.6904358057,6.90877988947
13.5496281987,8.73852030523
14.3669625128,6.5519394063
13.7623477532,7.42767756519
13.4755168063,9.09047534954
14.6461320295,8.61513522501
13.6312775015,5.38180944872
13.7598984495,9.10295571365
13.612332908,5.7016694107
13.8097017386,9.7902128092
13.7530528377,10.2413535729
14.0660573903,9.40940629958
14.3447068715,9.17853203065
14.5364824119,9.3094590523
14.0809624555,8.98795591699
14.4472755506,8.55808739865
13.6798566657,7.44143634484
14.396409529,7.77605731718
13.3140209479,7.69289035506
13.404508867,7.38277500645
14.2804356287,5.93058981006
14.4093596159,5.44425008548
14.4583769969,6.63606344391
14.2633887209,6.5703530601
13.894977383,5.49941527139
13.3294783471,7.51177310062
13.805363402,9.18781259897
13.3909891244,6.13076480607
13.7514864434,6.48338625281
13.9041459809,6.5625588125
13.9915135968,5.47414122253
14.5643793559,8.44858681088
14.2680251133,6.36562491381
13.9955558484,5.84188278459
13.9575477959,9.39086970387
14.349508487,6.65554948878
13.4939431098,5.68275606725
14.2656595304,5.42958897103
14.1830181198,5.9489062424
13.8630399113,6.47498648017
14.2268826267,9.22480586633
13.4827163458,5.56156027686
13.8528755206,5.70295231651
13.7640698616,8.26523451981
14.6330138702,6.0713323225
13.831352243,7.02144768453
13.8805206392,9.47878819664
14.3625530508,8.24400535726
14.1681384284,10.0725800263
14.2467676092,9.6871130408
13.7051779825,7.20552898206
13.8447799699,6.81090547925
13.4107594783,5.89463892663
14.0200328744,8.85855917573
13.6883341777,6.73330652344
14.1864451256,8.88405578095
14.5468014483,6.45847577327
14.6681200603,8.23364632088
14.1116756112,7.14360575745
14.5322665709,9.98288474053
13.6447243751,6.61827247454
14.1545806918,6.20214205075
14.0165832257,7.23865263314
13.5367477088,9.74876746023
14.5381979846,6.01457191108
13.3151401422,5.58590882074
13.8456162098,9.07034100181
14.3535534945,6.42866717808
14.0844037504,8.04371750029
13.6938741018,6.30038180596
14.2032188437,8.50727943417
14.5381427147,6.19701433076
13.3667986597,7.62455360826
13.5840260266,5.98135713842
13.6885767158,7.96460095898
14.5558844375,5.47698533727
13.4968551082,7.38982154069
14.6050970965,8.68348009233
14.4323231482,9.30023440527
14.1212008884,7.47883151901
13.3172275824,8.260450849
14.1338582487,6.60289912394
14.0490131375,5.62697678987
13.4587071606,9.00157114574
13.5754918266,8.37745070954
14.0481362586,10.2937986039
13.533016832,9.50989002276
13.979175838,8.36114303678
14.4539829312,5.52716410965
13.8437009442,8.52791581854
14.3657757183,8.33259757253
13.502284188,10.2820569339
14.4849259607,9.20443167489
13.5667357244,6.23243255678
13.995012087,10.2157857621
13.8363599734,8.84463403282
14.3242242104,9.7168965871
14.3375297605,9.64572822559
14.0100610461,7.52597813222
13.5993253307,9.06551991937
14.544308822,7.02208362819
13.8549277181,5.3846204651
13.9812069029,5.93715473309
14.1609204242,9.61141651669
13.8887677068,8.74854845303
14.3490951286,8.4276717408
14.1935149505,7.21203498885
14.5943180712,8.03446856301
13.992396597,7.13774368647
14.2056396543,5.37069211521
14.2901415998,8.40981064895
13.9043236324,7.32228854595
13.6436369467,9.72221056272
13.7737162353,9.94328398212
14.0022738302,6.13057194042
13.5664096069,7.05097363252
13.376174178,7.85740575697
14.4183183238,9.10398012187
13.6574561901,6.18787015346
13.5550134594,6.43757732506
13.3810195553,8.55946015603
14.1537097389,6.36468158441
13.5033235318,7.53778305134
13.7980171731,9.45331166805
14.2271984754,7.10385863619
14.5224557481,5.61662520874
14.6066468981,5.78434166859
13.7891925699,9.56005319884
14.1591286515,7.4043538242
14.4531404478,8.84808872879
14.5910306227,6.68569908666
14.7529840971,8.88563831294
13.281951044,6.56947393264
14.1581781515,6.74764725821
14.430675076,7.84717687843
14.0571145078,8.59299292406
14.2420247391,5.56690572989
13.2161912497,5.49527229849
14.6647033219,5.65379316565
14.4101413594,9.68754395877
13.8058289715,6.31279918832
13.5238566808,8.80812218156
14.2596367668,7.46652365094
14.2134832428,7.82315876557
14.2041288513,8.72748401749
14.595501738,8.80461663239
13.5862301887,6.07705016783
13.8229177913,6.54965375934
13.963436904,10.1663591808
14.1087880611,6.66325518394
14.6130748221,8.27925171076
14.4204470703,6.2631854301
13.5975538317,6.96211843788
14.1462202768,10.2401709478
13.8856829986,9.23981177452
14.0319347556,6.81216801653
14.0379556383,6.36392552609
14.1634088454,7.30824876556
13.9637422759,9.65277723227
14.523000266,7.97493161728
13.9198008776,8.98834538669
14.4459798088,6.47228594403
14.2313028642,7.65997007035
14.19621391,5.86150677235
14.7630520363,5.65078803835
14.4990834733,7.390639574
14.2017078134,8.41295828752
14.4251465981,7.02884767017
13.764902664,8.59678792854
14.2831151006,9.94142653886
13.7428765206,6.9913243887
13.6663004631,6.5228178313
14.2319514691,5.79753113058
14.094105943,5.39214359105
14.0772028965,5.51034833029
14.2828683479,6.49158782201
14.0659996229,9.2836004735
13.5698219036,8.96720859318
14.1740090676,6.04078765796
13.5773198121,9.58895868125
14.4529530348,8.0530323427
14.3551376016,6.325992368
14.4661391034,9.0001810547
14.0685309796,10.1776563796
14.2295795503,8.92921074568
14.5049137389,8.68579885628
13.5167250738,8.68360862405
13.6661350314,9.84909347785
13.6108561423,10.0789070954
14.1452261271,8.55885864108
13.36228641,5.66121691424
14.6418039758,6.16225803365
13.6918547477,8.37587183162
14.1833286295,7.75329824917
13.9084074908,9.57388349072
14.6494663939,9.81906465449
13.5110012911,6.63863937976
13.6466494847,8.45569397761
14.1604743054,5.79975344407
14.0392604487,6.65157772886
14.0451053064,6.21029374604
13.9381021238,6.77920591865
13.4047596312,9.95276779057
13.9201004125,9.30798900956
14.2458796646,5.99653976788
13.4919468622,6.86586317053
13.5536466168,5.78264291245
14.3497796124,9.86252229516
13.8494321182,5.84276149476
14.0480395708,5.75117361329
13.7327474916,5.56989025314
13.8358545016,7.47588143257
14.1284110944,8.47877291685
14.3736108814,9.01402046027
13.9297216078,5.7850755186
13.6098233268,8.66418095155
13.5374020932,8.25638348434
14.4959296093,9.51774224303
13.7278910928,7.30692827752
14.2321050005,9.85428205355
14.6950333005,5.7278235407
14.1881142886,9.389781733
14.6415383608,9.28912082251
14.1086590304,6.27369309613
13.9095671306,9.14872690548
13.8205189436,5.58664689734
13.5271630637,9.93361633362
13.3854602007,6.009742947
14.0626720989,9.64097392048
14.1484850297,5.58051491798
13.7007514668,9.54236278103
13.3721640118,6.51416369895
14.6199013436,5.56884907239
13.8087208464,7.2639964406
13.870831449,7.12342670237
14.6037437613,7.77198408119
14.2460917011,10.0280239666
14.6314012407,8.44399886724
13.4886347206,8.44652724328
14.2331293425,8.11905280466
13.4444655317,7.46857099718
13.6480351778,8.83494240727
14.4998779652,8.49820702792
13.6651617245,8.55666256101
13.987095032,6.05140880934
13.3068321349,5.37477188135
14.0285483058,7.97158873127
13.7302591089,8.85930370392
14.0860240069,6.46459422645
13.6624481154,7.0427586413
14.348506131,7.40502852612
14.0463310736,8.20130282965
14.3984405311,9.23013906093
14.6591175438,5.45905100767
14.4319070461,8.64675550501
14.3984189326,7.24616274667
13.9995059904,9.60408694739
14.6242837928,9.98736466455
15.2669408726,6.63591090054
15.4235912947,10.0333142679
15.5355411238,5.37407534297
15.4318293588,9.80113485686
15.100289323,8.29437061929
14.7302902353,10.1756052617
15.3643914966,9.17051831764
15.2170886827,6.22896262751
15.8295667717,9.63175271475
15.1194286348,8.64137523408
15.0151996102,10.0751912342
15.8665998589,9.83380909051
15.5998304209,8.60330464022
15.1474930989,7.94206970107
15.7654387046,9.0640652237
14.9216545665,8.29573211367
15.7860455754,10.092748226
15.1535768811,6.33230097337
15.797339725,8.70873150583
15.2919599963,8.23165817045
14.6106482103,6.96276471225
14.7778236922,7.40367594604
15.3663696626,5.92918439666
14.9543746367,7.20129874698
15.7392706281,5.46416738492
15.8521369189,9.52914582841
15.3470634248,8.16168988035
14.5008524399,10.2347252256
15.7345074833,5.76215688135
15.77509428,8.60067107839
14.7814937708,9.05086203715
15.0795761723,9.35480634736
15.6709710312,5.44128235036
15.853443433,7.76633867078
15.5385853946,6.7381354832
15.7915158948,9.59061862163
15.5455953214,6.91543607636
15.1566041889,6.07216971254
15.4492630247,10.3067419416
15.8549217657,7.67159218854
15.8255703106,10.0006565683
14.9972399623,9.65363548349
15.5158663609,6.20553551347
14.9870545695,8.73965729961
15.6809781048,6.59312626337
15.5864209206,8.6952206555
14.7009674274,6.6845506494
14.6265042129,6.31908854762
15.8339954981,8.1617380872
15.9324876157,5.66876641849
15.2030513364,9.09489613692
14.7016097459,10.27340623
15.7354999036,9.3742016086
15.5256839595,7.66568131113
15.0148265454,9.9104914346
15.4791957616,6.68984239273
15.927367282,7.48041715116
14.9124036277,9.62662417427
15.3165628983,7.94318269759
15.9048180837,6.28301909864
15.4908080768,5.46181077113
15.5789047664,6.51148986223
15.0311919264,7.47765881026
15.0506087164,5.64882602671
15.2388272867,7.95530797643
15.5337675981,5.64057901997
14.7813127467,6.23693519984
15.79427817,7.94186161522
14.8907191186,8.3548194324
14.9318491588,10.2473156635
15.9653395245,9.55314434176
15.0799356946,8.71725790813
15.7276957915,8.22964901562
15.0337988561,8.48447108883
15.0826230965,6.35604021859
15.77574441,5.84292821783
14.9878129437,7.70710330066
14.8978891276,9.16469870203
15.6644785835,9.13287533403
15.5259056634,5.55313837053
15.3334595948,9.77875121842
15.746837653,7.24559936144
15.5690292458,9.07940815177
15.3394375968,6.97153419584
15.6296498386,8.37129696822
15.1593329491,6.6392365354
15.3549750963,6.64799304098
15.1977656516,9.51408544964
15.7268250116,7.786050308
14.6924865138,6.43546763833
15.6048125224,9.55806589187
15.4082629299,6.91565867356
14.9785294061,6.5622386685
14.7654718579,8.45081673287
15.8608716014,9.41515096289
15.745720985,10.0095251323
15.3589493442,6.48731742983
15.017444211,5.45882470853
14.7790615504,5.74622882298
15.2549336272,9.29448073291
15.2767186723,5.70137007204
15.8899841346,6.70373119238
15.645277069,7.23391138063
15.8436380912,8.25821836941
15.9002724745,10.2018215472
15.0514002246,6.11094860439
15.01414885,9.29731405346
15.901760121,10.0254913752
15.6707062374,6.18559957557
15.4155224222,8.96844422028
15.4709660615,9.69740265443
14.8612793578,7.38952200725
15.5511523458,6.40497858673
14.7494516571,7.01675618924
15.870289477,5.63496371511
14.8062985678,10.0839056931
15.4422815678,7.63789553882
15.7140762149,8.6571687234
15.0281088791,10.2879602753
15.4069912874,9.73240086884
14.9713408114,6.95125295698
15.2032474858,7.79119019922
15.9279303289,8.47242923232
15.237987957,8.14743573251
15.6246814386,9.79946496325
15.8482913983,6.06767000339
15.4065186661,10.2655679811
15.5761096764,5.91143352694
15.9042299441,9.19562279943
14.9703648095,8.54689595114
15.899547903,5.98711281932
15.6565700414,8.06493892535
15.6986569924,7.71576470792
15.0714075679,8.56623988297
15.3187728856,9.86542189378
14.74040358,9.30510563283
15.0595479359,7.36301835482
15.6797100884,9.88342672301
16.0118570474,10.2953767494
15.0137179596,9.98320272466
15.2352129847,8.61060541165
14.806539716,9.22912218903
15.3368452623,5.83288667459
15.604349328,7.97918820155
15.0994617323,6.80305569885
15.4896242482,10.0510222721
15.5460530999,8.39521335063
15.5514069579,8.18893354368
15.6354200423,5.91034959153
15.4266536326,5.66297592892
14.8648506883,9.35888868792
15.8844732821,9.0996168552
15.7122832845,6.11445529079
15.1599357566,9.81804648837
15.7425180834,6.4834900252
15.6132814268,8.45195597643
15.5495439233,7.24047011694
15.7648108959,9.28513559289
14.9290551185,5.68397725156
15.7091559933,8.42506358452
14.9043106106,9.68889282821
15.4058550202,8.73979162851
14.9461897143,9.86416905708
15.7048204505,10.1628882882
14.8196248479,6.75814350768
15.9841552224,9.05831954397
15.5802314567,5.46429795879
14.5748615734,10.0718007245
15.6700863788,8.81626766836
15.3047100719,5.61648208057
14.9308516519,6.32927423239
15.0437252223,8.01429182364
15.3737244308,9.26480905452
15.5507584092,7.16530278349
15.9083680757,8.08731664929
15.1927959486,7.63413007724
15.1168577204,9.69689080339
15.2129711001,7.36250174719
15.0490223739,8.84339186624
14.9642795309,5.64684225716
14.9783291998,9.0878729763
15.8481642997,9.90363672565
15.5432913825,10.1328047496
14.8838214187,9.44175457353
15.2286220268,10.2201102641
14.7655156777,7.59797126194
15.3955473908,7.72648072051
15.7693065982,8.27372709702
15.3738407572,8.88925164528
15.1973985263,9.62077453661
15.4648274922,6.75494389071
14.8002342238,7.89796285783
15.1549141494,6.16532117828
15.0613639013,7.04516945816
15.1359660426,8.2082013233
15.4795299947,7.35748687785
15.7952196091,9.44340120772
15.9537676206,9.2577616094
15.4962163539,6.79989719662
15.2830618062,6.16740649964
15.2308716745,6.32982933229
14.9829770945,8.34662321576
15.9253495383,6.16462442983
15.9111538479,9.35042113716
14.7509961363,5.97990208095
15.4878721023,5.67815830305
15.6550119092,7.56557418379
15.6887414659,8.72985823192
15.7832892044,6.54622052751
15.7004246605,7.40729427666
15.7955839387,6.64145410173
15.4427135546,6.62505772365
15.3626857748,7.22306245505
15.5361728958,8.9724343162
15.1400067148,6.87581846327
15.4051360546,8.63298280898
15.3125477854,9.20542649464
15.5144795499,9.24281348201
15.1138213039,7.82593768808
14.8033821528,9.14043185345
15.6395161458,6.80826812977
15.4878446743,9.42610391002
15.352964836,9.57235902842
16.0000920364,8.05586975358
15.7745175771,8.50040260291
15.2491099454,7.2498256859
14.5783926205,7.39181647246
14.5155470888,10.1372593149
15.7045468136,9.24228628895
15.600430186,9.68741122008
14.9574604928,7.02873151445
15.5662040582,6.83202896634
15.5781893325,9.36460216924
15.3152765638,6.27784247358
14.9887856638,5.56673228042
15.0076096846,7.5852543349
15.4586578419,9.06689975924
15.381059578,9.43705189086
15.1881159122,5.73215603855
14.7028604029,9.91699302424
15.2616222957,5.79319509864
14.916935899,8.68717781278
14.7320878061,7.20738691202
15.1175848387,8.48000502732
15.0812435484,6.01161020951
15.1116290459,9.79057867413
15.7069593085,5.92307458319
14.7873631715,7.53380255223
15.2059458535,8.92606303983
15.47076088,6.00050030147
15.1199418283,6.96099425512
15.1540380261,6.57869275082
15.3565942524,5.67879856114
16.022312333,7.70389511942
14.7968962567,9.56778051502
14.6809525462,8.14153045265
15.4786736163,6.96523709427
15.997709934,7.63106043636
15.7494256201,6.01532458111
15.8900687359,8.8163797441
16.0159242864,7.15242245733
15.3191300429,9.94158074415
15.0473532057,7.16514165542
14.8821913387,8.85174239026
15.8766556876,6.52892528124
14.7038804796,7.63181981827
14.9551111826,8.99400573308
15.4940333302,9.31645768732
14.9382742953,8.80760944099
14.7499462605,9.67173642442
14.814388717,9.90685288841
14.8060202305,6.05333583098
14.9361207786,8.03048713003
15.9514843557,7.79124892559
15.1669728611,5.56238935163
14.8335807741,8.68417077545
15.2766696163,7.55054668261
14.7133303893,7.29629932997
14.9010418195,5.47993917748
15.2241612143,5.59559031204
15.7639699345,9.65785455654
14.9823326188,6.01942984442
15.8397997785,10.3092044286
15.3940561596,7.39619049154
14.6970019902,5.36520238013
15.05548692,9.46449405225
14.7511062524,8.27974199777
15.3390544422,5.75719289604
15.5400672039,7.56937651409
14.9785506936,9.38502877076
15.9850428835,7.54964504325
15.2155313936,8.0372191018
15.8370293242,7.43419416324
14.8822199271,5.61419887336
15.1988848188,10.130231138
14.9397975075,8.91260150425
15.0304021823,6.9711350062
15.0739451475,7.74120004142
15.2148803678,6.8610556619
14.8330701466,8.17067249441
14.9151574318,9.28540846628
15.6078557837,7.47094359316
15.7390252817,5.65702684736
15.8917739013,6.35281371843
15.660938681,9.31263917874
15.6349929557,9.2296935248
15.4475472113,8.14487485397
14.8338313094,10.1921847894
15.924385963,8.99951424587
15.1710270707,7.55349475168
15.185139574,7.15330130946
15.3853439939,6.81605948835
15.0831326878,6.20909281463
15.8357871906,5.71734515732
14.825685633,6.87662717032
15.8598383342,8.63889598459
15.5521202923,8.08947170085
15.2058938075,7.70988796689
15.0599900723,8.77892276928
15.9210689256,6.60360394562
15.1642593409,7.04628811339
15.0829977298,8.3781745523
14.86212464,8.50789695331
15.1814684919,8.73324912107
14.8487854047,10.0158815077
14.9096094428,9.77335520678
14.7475482786,8.11274304606
15.246803475,7.86984876115
14.6452712555,9.59442609958
14.8850132707,8.60429663535
15.0133676278,8.42669655591
15.9273957747,7.34283705483
15.5797681679,8.53447627453
15.3307379178,9.36401019907
14.9371553769,8.1299218054
15.6047007901,6.14228200883
15.5510514008,7.72537580451
15.9338434078,9.88817639446
14.888597814,6.97073437491
15.9517121658,9.77489150905
15.3170636872,10.2660055079
15.5734272609,9.88947511812
15.2453191343,8.86695584371
15.135442547,9.25502644314
15.1066387685,7.65617748357
15.1147110041,8.8072989147
15.7635055418,7.8633923169
15.6414598024,6.34989112882
15.1455835483,9.42224266368
15.0887630852,5.86221106498
15.8819095559,9.6940481397
15.856218081,7.26214099207
15.1726160736,5.83516712741
14.9587811398,8.63943324099
15.4269166865,6.27576405936
15.5964474077,5.83892581715
15.8577489755,9.26184609992
15.0570182895,7.90502539495
14.8325924383,5.81249736335
15.3462822224,7.85786776832
15.8287836114,8.96238610351
15.2593590911,6.43757393103
14.8111051645,10.3076586905
15.5240522826,7.92941954835
15.1197260631,10.0437405233
15.7563352276,5.38048021902
14.6089895013,6.8795106356
15.4204633016,9.6194151338
14.863390882,8.00596585507
14.733247597,8.35837277749
15.4556263497,9.18312970175
14.9244006933,8.22459860581
15.0840723033,6.28712041044
15.7112696251,9.80229815178
15.9272879018,8.31152644787
15.4004250272,5.56897774684
15.0313324392,7.26468110151
15.7272075377,8.9197991517
15.0114900019,6.30175197564
15.9896130329,8.13852134351
15.0936820979,5.56147764199
15.8166890675,5.45459495214
15.1191717724,10.2734564772
15.9643425001,9.97553514043
15.1187045727,5.46956261527
14.9236387478,7.63690868923
14.9329176167,7.12813253287
15.5272098324,8.48324670038
15.2289908698,6.95802605573
15.5160629265,7.99892886339
14.9994977372,6.77863663666
15.7641000332,9.84506930412
15.1752761964,9.34735868331
15.3617762733,10.1073208581
14.8488001493,5.70506186185
15.6997521311,6.81349371834
15.3613937946,7.66177524209
15.8646882506,5.54687297758
15.4975981079,9.53228674807
15.7723548958,7.61421449583
14.9384763915,7.29757162272
15.1239565216,8.89296795569
14.9898685609,5.79834525814
15.5259157794,6.30552903865
15.8747474627,8.40226820291
15.144757961,8.10549538501
15.0320783293,8.63931791122
15.6892529878,9.4787018459
15.565902511,5.99342893543
15.6927595489,8.30301840558
15.1528390459,9.95638280314
15.8591541765,7.85617572098
15.7942928027,7.79743362082
14.7871868758,5.89953173217
14.8025135446,7.30247934931
15.2968020868,7.76585410922
14.9249236824,5.86283178256
15.3682391178,6.37696836471
15.7709169805,6.7493043762
15.6792540866,7.84490176054
15.0151682951,5.86100229486
15.573261362,9.27644919453
14.7732833056,6.59188745325
15.4872407303,8.23340011731
15.4817617865,7.18248284895
15.5885092015,7.35159537098
15.4757822776,5.62240535981
15.4639500776,7.90082869396
14.9199748307,6.47206241476
15.8964026804,10.1185636159
15.1488171946,8.56496814995
15.66768953,5.70930048478
14.7724596763,9.99623287389
15.2862126283,5.99172165635
14.8355188706,6.44018238701
15.2747272784,5.43084355215
15.8609841791,7.93498338208
14.6546208091,7.40572798761
15.3745520024,9.68311175102
15.3206753893,6.7165537254
15.434405856,7.53706972685
15.3408624208,8.05066879231
15.779481487,9.18357209372
14.6402587431,7.25036820054
15.9375336189,8.21982125355
15.9304555317,8.90123502742
15.6256341377,7.08628259418
15.0055908254,7.81367391771
15.441836373,5.7611405324
15.2358754508,10.0120591266
15.8641945132,7.55371581409
14.8234886848,9.31311774438
15.1519471232,6.40935305416
14.9898736462,5.70569385445
15.19034546,5.38423171011
15.7154319432,6.90671452796
15.769004181,8.81985990858
15.8419991663,8.46194446895
15.2736190173,7.16754981647
15.6282077401,10.1338583441
14.7642591812,6.69476155441
15.0501015809,5.93556538776
15.6649082048,5.98095128699
15.613197152,7.15633901675
15.770538485,10.2895531714
15.082741764,10.2103864145
15.3916995041,8.36325225976
15.0359071334,9.02301212909
15.2936468103,8.76802706668
15.4920342477,7.04958971384
15.1988990006,6.7203791235
15.5924799288,7.87151034662
15.7036651869,10.2590144807
15.2728763901,6.7955570357
15.5511003327,7.09786413432
15.6298997966,5.36308381874
14.8937796495,7.83227355406
15.6717537672,6.48492908555
15.4166124283,7.46822389212
15.578896321,8.81720613008
15.1444727595,10.2077772355
14.8009032643,9.48096818467
14.6125152118,7.60901673553
16.0174753883,9.89940613043
14.7712135324,5.35241373383
15.09211787,9.57381325937
15.6878686909,7.01795130933
15.5027211799,8.58860283426
15.3790977453,10.3197048395
15.4512325601,6.45221420882
15.6992508938,5.53436439712
15.4820414492,9.95333730249
15.7720251332,5.93282880356
14.8413578404,7.07297858203
15.3414294324,6.195752912
15.7698593089,5.57823132221
15.4208931974,5.47795257596
15.6017479321,9.44398095365
15.840185495,6.22451754593
15.1760081994,8.33277051844
15.0810978514,6.48916096262
14.9534237174,10.0197198252
14.8493520255,8.27772472286
14.8481828302,9.63888962238
15.943149756,7.41514869387
15.8554716483,8.53980071289
15.6418484623,6.86089781283
14.7693153909,7.67418264485
14.7140690079,7.87498386098
15.3725078498,6.57337041927
15.7162152288,9.57576819656
15.4470939775,10.1180586056
15.8385281136,8.01380300599
15.0959279892,10.1410132365
14.7228354824,6.35685547459
15.9619892341,6.99827257685
15.6852665878,7.31265914693
15.4793562007,6.86958819644
15.9586099092,6.7976835287
15.2890931679,10.0962175389
15.3444505795,9.05792810044
14.7427563541,6.63925363607
15.3379419167,6.13732382757
15.2894888405,6.54194522073
14.8406162289,9.82188069746
15.055046521,9.08606112007
15.6484927965,6.71761070526
15.8072628015,7.17365340595
15.7496046661,7.51181159805
15.8004158522,9.75824119714
14.7147198303,7.46550241518
15.6909395196,10.0714450383
14.9188897847,5.75915125281
15.8119702227,10.2085033662
15.2917749883,9.67580681405
14.8703890878,7.712891364
14.7176959637,7.37122581553
15.9415335807,8.38223106223
14.6270157266,7.1471961455
14.9777604411,8.85180365733
15.309166831,9.13829873625
14.8560004342,7.2008323877
15.7758641728,5.51124757369
14.897335768,6.24008313427
15.2229302171,6.01344340017
15.5035205674,6.09170285343
15.7821667555,8.21898223978
14.6923316072,9.74814670371
14.9580877309,5.37205307662
15.4018149309,9.12138366739
15.3150284673,5.3650066391
15.2188738288,8.25639901965
15.4510726903,8.43164934585
14.9191466814,6.72346620531
15.9459108701,8.59347330894
15.0243180919,8.24425598575
14.8019208479,6.97762580879
15.1996630994,8.52625054377
15.0880368088,6.70235142361
15.9378043485,7.88544735929
15.5622027262,9.18192972664
15.7830515637,7.34046309383
15.1166506958,8.99187693316
15.1302295765,7.26556360559
15.51306282,9.12426779793
15.8422810311,8.77605523284
15.6509955249,8.17421215958
14.6930456633,10.0755213423
15.3843821819,6.05605042374
15.1399114772,6.27050851276
15.2628932468,8.69483697524
15.6732845053,8.53888126181
14.6478829936,7.33847081406
15.3826527671,10.1910627245
15.2269555612,8.81085769708
15.7162310873,6.39404674353
15.4170336553,6.16725817869
15.6057741773,10.2216487609
14.7728337626,8.00778998834
15.7277810946,6.67033774246
14.7040587055,9.20129458485
14.9253368047,10.1678854292
14.8052550574,8.79481810845
15.7945959727,8.42477763557
15.66221492,9.98350812592
14.798740582,5.53983882785
15.2135958373,6.14284357357
15.4609774667,7.26911483123
15.618248419,6.91861328386
15.2693132058,6.08160340813
14.9656980788,7.92912315545
15.3972219204,9.88740972919
15.5417262495,10.0186199091
14.872183106,7.94381285449
15.6594451241,9.00727294243
14.7572796652,8.72472008793
15.0201865676,9.77936147458
15.3208283771,7.32696546564
14.7252951517,6.82731928495
15.2266983128,8.44120251877
14.8958067127,7.50353145
15.8462409422,8.87002048691
15.8597363545,7.35018095434
14.8856192515,9.05567716284
15.4882562437,9.85859790113
15.1311163774,8.03236172365
14.8410375609,6.14859279851
15.3526974324,7.58538170706
15.8143110862,5.62540638781
15.4379509457,7.8187676846
15.5815953978,9.97284032715
14.7005832058,8.53588669649
14.6656164196,7.95626580958
15.9024839182,6.86720524241
15.4097508072,9.52159168664
15.7684405435,9.92756495609
15.6209466173,6.25664324305
15.4663093038,6.36282539281
15.3367457165,8.43819529826
15.2372348731,7.47426407033
15.2841183182,7.65585410376
15.2203544333,9.76064143254
15.0816907771,9.96476418921
15.3346761503,8.59271258925
15.6369419777,6.0564406898
15.8257516724,5.89484233077
15.3702643516,8.82465894394
15.2771344256,9.58014056175
15.9641429546,9.66261923665
15.7292322094,8.09981907218
15.7500811287,8.16808495878
15.5573759757,6.62805285452
15.131197013,7.45128586626
14.8502322776,6.647517286
15.9215979271,8.72032307369
15.4862929598,6.54474081832
15.4908549841,8.68907253818
14.9633384047,7.40912016532
15.6535995479,5.78012274408
15.2581093716,5.89199792832
14.8908105531,8.75868781656
14.9011870392,6.80134956449
15.3405533085,7.48445886828
15.2322057438,9.17767320681
14.7541760365,8.66088347095
15.4819851563,7.72123258453
15.4972314424,7.45588233969
15.0767796648,5.37270895752
15.6583478786,8.63404038587
15.868935063,5.82708801572
14.5932775587,10.2874015995
15.2902805091,8.3355862809
14.6509443651,7.03966963563
15.2919897275,10.1754528085
15.1828308371,6.5159885823
15.9374705131,7.69884263628
15.7994631703,8.08429078834
14.7533005371,9.80498313752
14.8529576755,6.5345304547
14.7199398867,6.74630789394
15.9274482889,9.45316726351
15.5247170765,9.77681339346
15.4002644657,7.31608367648
15.6325912249,8.90096863783
15.6116452781,7.66179804067
15.2139151387,9.01500448989
15.0886748993,7.53180939253
15.0079881317,10.1803828584
14.7216332987,9.52788205002
15.1942084851,10.2861949185
15.3126264902,8.85470104554
14.9916945966,7.08947977571
15.5806758514,8.28123194468
15.9370028355,7.97806456536
15.8170537382,6.44174666987
14.709471379,7.56326414146
15.7645830823,9.51261042377
15.6249953539,5.5257050935
14.7908220271,9.39228391799
15.0783319027,5.76040802566
14.6518888642,9.69525378835
15.2366202935,7.59672085295
15.4124450669,7.01050557338
14.7921385741,8.58812554797
14.9958686954,6.40574182109
15.3266764095,8.67240591275
14.6064444067,7.48925154638
14.9650781119,9.48688275917
15.4083680886,7.10659188161
14.8359251792,6.335629991
14.9330781253,8.43407909174
15.1427412381,5.6424085505
15.8172686615,9.3456162512
15.8758459138,6.79916627329
15.2154448141,5.66180712772
15.3421690345,10.0282157793
15.3882570394,8.26128705616
15.4200226737,5.38458326691
15.7105588511,7.13702471201
15.0465103963,8.13063680153
15.6268386104,5.61699897037
15.7678527435,6.98452445884
15.9164581565,6.45008821543
15.655623698,9.39815064781
14.7313061344,9.45636111519
15.7398497575,6.22962728613
14.9042962505,6.39640153072
14.9456628222,6.87009670917
14.7201122704,7.11056723351
15.8094881987,6.32344096304
14.9058196509,10.0876156782
15.2243124626,9.88343990546
15.8600878245,5.36695564531
15.6880344626,5.85170060269
15.1000146352,9.87760819899
15.7796461786,7.73099682905
15.5769939336,7.00431027498
15.6992080604,6.3097549579
15.2623490856,9.09437668769
14.783733283,7.1451252212
15.7010137881,9.72390555638
15.695968799,7.64028990515
15.0291286571,8.9329415271
15.797986999,6.15513172484
15.5120302964,7.86343054528
15.5676261025,5.73054834147
15.4887818342,5.90216121328
15.0425983992,6.88811630633
15.6226921517,7.77101735596
15.1583562093,5.94859145617
15.4858097442,10.2248462809
14.8470711167,8.95179032329
15.0843154702,6.59768465581
15.3925664027,9.96983155956
14.6159374647,10.1811126074
15.9058529759,7.14891383554
15.1753662739,8.82460862167
14.7667781177,5.43724606638
14.6688674352,8.06132424357
15.2179906968,5.49874816353
15.8138934434,7.06778304681
15.1257546229,9.13302968486
15.8930104637,9.61573176441
15.3034033886,6.88460454704
15.3009341383,8.9478613445
14.7083209648,6.9364673375
15.7056273697,7.94118147053
14.9913869311,6.2160191411
15.4686822119,8.8610275118
15.28336362,7.07313998528
15.6047149409,10.0612540831
14.8516902545,5.37359704879
15.6372379411,6.41957908619
15.4505175896,8.04425289646
14.9049504236,9.95510711236
15.8895710602,9.95730022236
15.7813631366,8.3507113562
15.913571042,10.2687545374
14.8726390942,5.96455599166
14.8441331871,7.60739012455
14.8572657739,8.0720618114
14.7378718121,8.19191455374
15.9784398135,7.09105496565
15.3463215796,5.46457335831
15.8144564556,6.85415661147
15.7503339168,8.02263555812
15.2981693326,7.40696993317
15.4002841428,8.52370882725
14.9460837816,6.13118125322
15.4107860036,7.95783975975
15.1367874341,7.73916673344
15.5140158808,9.62082132868
14.7736659584,7.78861181077
15.4772322159,8.32675977944
14.7434987388,6.14188263605
15.4136733926,9.35612784507
14.7056691015,5.91652618418
15.852090637,6.95497418723
14.7475271996,6.50367802314
15.4136781498,5.85049988071
14.8069550238,7.46085675288
14.9877469286,6.67320953205
15.2060575089,6.58285328752
14.8045172646,8.3546784339
15.8557155422,6.59864296919
15.1750576288,6.80368551968
14.8260619483,9.7445217046
15.2935476402,8.52132616857
15.407482499,6.70920940147
15.6894225543,9.6508083
15.5047667495,8.76399215979
15.002041011,9.54815175605
15.5322378808,7.79554868243
15.3048589402,9.49235006916
15.5216142392,5.81457731729
15.3028199013,5.53530210132
15.0199343878,9.19408528984
15.8345724018,5.96093091519
15.9357550615,7.62953245144
14.897153268,9.54892692005
14.8489196535,8.41819167872
15.8613533319,8.33569442523
15.2448093089,9.40921599303
16.1470265012,10.0355786633
16.6446085463,7.0554563892
17.1680014261,9.08834855451
15.993350461,6.60190508199
16.9877096361,5.82258320836
16.5884253258,10.0514599451
17.2240383954,8.62113035871
16.4795785113,9.46422754754
16.13425099,7.38198178931
17.1354239609,8.78118741738
16.9277361128,8.2021753086
16.5770114789,8.8680472187
16.5295604641,6.30533559933
16.1108605233,7.15172420195
16.6542126637,7.26187484766
16.9101953578,6.42888412117
16.8214197728,9.24165894207
16.5413732744,6.10064785893
16.4492169952,6.87883648492
16.3249225444,6.7246675042
16.6065126758,9.98412642629
17.2997022359,8.33419361109
16.3768388777,8.38441456571
17.1073863147,7.80925964808
17.04398876,8.70965335819
16.0497726452,9.99577510606
16.1197766764,6.54527330164
16.1258342691,6.46559112509
16.9044731902,9.15356305196
16.8744417988,7.55072083862
16.7698273036,7.53534018838
16.2129969437,8.92260232617
15.9593014359,5.38090823958
17.0145830027,9.1812602048
16.445064423,9.26892870041
16.1890939781,9.95731912948
17.2409441331,6.56634580817
17.172145157,7.46551934598
16.0241398105,7.90630624587
17.0731535267,6.47931270782
16.2067456094,9.69230085305
16.876451692,10.0003314965
16.7505261514,8.34211447015
16.8024456951,6.49763421764
16.1486666554,6.26781445086
16.0778823999,9.18989768144
16.2429771788,8.11681096681
16.6702263602,8.97521012264
16.1419310188,8.47383816071
17.2325644451,10.1358780029
16.0038943372,9.4713177266
16.0828967429,9.52130243129
16.005669532,6.12195603522
17.304536458,6.79248964282
17.1131345079,5.48047200839
16.1068979289,7.27416659166
16.9575170383,8.32850813047
16.1715226274,7.54089377792
16.8654155279,9.91442225947
16.8413280647,7.1998765657
17.0348159653,7.67556791045
16.0406281422,7.82030302529
17.0609983977,9.97365752979
17.1007814916,8.46779389314
16.3878898475,9.18679907541
16.226368346,6.80106565997
16.9710732066,7.51788284426
16.2129906501,6.28523246514
15.9945460576,9.15920190282
16.1806552406,8.32525826363
16.6252665127,7.15539913296
16.6752288934,7.79156902818
16.7751852318,10.0577243797
16.2182654587,5.41297596298
16.0469850261,8.209460732
16.3627727886,5.34670625161
16.0937349988,9.31688607797
17.1899564416,8.3777138794
17.0320739064,5.73074310501
16.7432386635,9.81603037632
16.1451555817,6.0579695412
16.173138855,6.75502913891
16.3059000622,7.44725120737
17.1078906606,10.1663905931
16.2059362626,9.05477872748
17.1667594942,7.37273336141
16.5112614415,7.36185531228
16.9941853532,6.71294909629
16.4193897097,8.7487381424
16.8814122955,7.84308538522
17.2304908048,7.11861483726
16.7971096156,7.41028766755
16.6592066081,8.08105852417
16.5478305371,6.20424370388
16.5659706004,6.92241844212
16.1222090696,9.39201730181
16.0678505187,6.78465031657
16.6245711948,5.76236370794
16.1185367102,6.32848244421
17.0287364902,8.93004804635
16.4720233665,8.17992023067
17.0356996908,9.45184671274
17.1131995125,5.86516448217
16.466283976,10.1380891784
16.051183007,9.82540445745
16.9485437763,8.02388344004
16.6153992274,6.69972535769
16.0396781717,9.61758803593
17.3144198651,8.22473995755
16.353943386,6.97406851731
16.8634558761,9.45533923226
15.9893177431,7.46142314541
16.9464613317,5.7430903044
16.2352673003,7.49624984733
17.2877331079,9.0805122869
16.1786398212,6.95555200088
16.3802283605,7.09377349873
16.8580353953,8.63853436204
16.8174335004,6.39635530842
16.3249579887,8.07009708746
16.7650782801,6.92431383924
16.2407533164,9.9001308215
16.2153533336,8.52417971813
16.7162354012,9.8842403147
16.8619602627,6.80397472269
17.2811567578,8.00797318488
17.0690075328,9.35274962136
17.088868874,8.99516193971
17.3233146381,9.93542951332
16.7861168364,5.58247598175
16.4791382824,7.86990392454
16.0607593825,5.97412108015
17.1682729617,9.61554266986
17.0409369661,7.09032489107
16.3696856575,5.43804188888
16.0410339414,5.43569191961
16.9410528269,6.00440932659
16.997230489,5.37920721416
16.5366420533,9.56913215719
16.5875014045,7.81741818592
16.2356876434,5.75752744196
16.5430569066,8.1091991482
16.2615901466,6.31532056174
17.3425253227,7.51288835378
16.6602979817,5.6765234208
16.4481458731,6.18431311668
16.1154893249,10.2676556226
16.6650776824,9.34874109731
16.2995648232,8.5034130989
16.1714026406,8.08111662083
15.9795044068,9.39834302059
16.721482869,5.793701887
16.5588394964,6.48259437383
17.2361646007,6.63849189115
16.3904514666,5.63766887344
16.7927953351,9.39323325498
16.1378338547,9.14159599092
16.9685098355,9.93354087917
16.0402758436,5.88048269583
16.6946557486,9.98733429412
16.8493125721,8.36417722898
17.0220723832,10.1478110646
16.488375856,10.2811675176
16.1346855074,8.18004695844
16.52720977,5.79451109708
16.6081574191,5.5750755798
16.2830173642,7.36192493546
17.3208224168,8.89345903256
16.1797922976,6.63114895468
16.8239710347,8.75018194719
16.8212179785,9.55020082855
16.3733892394,7.8519273231
17.0383234236,5.62858990475
16.6521675184,5.45313592685
16.5807139722,7.20798072982
16.3551434949,10.2922382967
16.5567294694,8.77370438208
16.6323079292,8.18731418446
16.956606389,9.69693148908
16.8506017984,9.34183576038
16.2886186002,10.2163597714
16.5405730336,5.91716768004
16.0509062038,10.1093622559
17.0379136492,6.39252186488
16.4046842144,8.1455132365
16.4351643542,5.83322852617
16.5382069638,9.79705463948
17.059323521,6.77195056278
16.0802429309,7.4789701571
16.6550330869,6.96220572216
16.705011411,7.02876015708
16.9520314891,7.93385011936
16.1989144775,6.38336916001
16.5003964116,7.23276298365
16.816525476,10.2632163623
16.7250638576,10.2676053715
16.6568346336,9.68403178441
16.9600023693,5.67357621759
16.3013056972,5.35874482152
17.1921769003,6.16627053788
16.652730589,6.79864955998
16.7262058333,6.80986747948
16.7756252358,9.00633503058
16.482861283,9.02710449369
17.2709950041,10.2209074207
16.9524320565,6.33513720959
16.1508831454,10.1245240335
16.1077548247,6.88372111287
17.3076831209,10.0344638558
17.0081697749,8.04876366076
16.7548089523,8.44768031432
17.2075544495,6.9031666138
16.0108902003,9.33247629179
16.3896216505,6.72048705169
16.0417338506,9.25039941222
17.2920798479,8.97915046903
16.1369849941,8.58545013761
16.4280157655,10.2238553231
16.3658573317,9.34196162846
16.3750409512,8.55585103888
17.1141788538,7.12021595544
16.3112265017,6.44080480053
17.0401970259,5.90092385581
16.4988642627,7.98117503972
15.9666814642,6.0430379388
16.4024367645,8.3195631249
16.9045842409,6.94306295059
16.5982132514,9.35635297495
17.2410671241,7.23458513567
16.7534875455,6.39692533168
17.2554008362,8.72475063115
17.0457445099,8.28753050452
17.0256172042,7.55550443445
16.9569377942,7.22949255427
17.0591352582,8.36577237268
16.9866513314,6.5693602301
16.041581888,8.61186262326
17.2900091845,9.84234309209
16.2584870923,6.0583889766
16.7875911491,7.01139170984
16.9301425108,9.25736150728
17.1159498852,6.30657238112
16.8668411028,7.3256118204
16.4206574897,10.0928686365
16.3173132332,5.82828179028
16.726046229,5.98538385019
16.9037274025,9.06769498724
17.0552983842,8.78118126879
16.7189958562,5.71477585828
16.4724159702,9.1832727844
17.1115795424,5.9476589174
16.7746235682,5.35862552903
16.8356311214,7.09606354274
15.9716430812,5.49626972121
16.4787128016,8.81211055709
16.3013884255,6.35293848927
16.1794587435,9.85617526719
17.1785287773,5.79538489849
17.1269783028,6.81296271226
17.008968407,9.29234766173
16.4867868859,6.53750866002
16.2989644349,5.57298288829
16.9732936954,6.14313937654
16.4466711676,9.84887766907
15.8922866803,5.91659257197
16.4317492409,5.93739364794
17.2640803778,6.72053998709
16.0107453726,8.97105903655
16.4063806801,6.79612252056
17.0318403331,5.9893582612
17.1923264253,7.00008338413
16.4944888733,10.0393967158
17.1200788161,9.18649481178
17.0546306333,5.44198030809
16.9709982036,7.60879945611
16.7202126823,9.41852507711
17.1221996031,6.42235865947
17.0058236046,6.19644537759
16.6580859627,6.21629802536
16.9510271319,5.92586514413
17.2202916763,8.17853576236
17.0988764044,5.77214434317
16.7914196383,6.14957420243
16.8517030471,8.96220747065
17.2046839747,6.38388638263
17.1708218595,5.44063612298
17.2966415844,7.90294620922
16.2125746252,6.85959025193
17.1637329711,8.6189707354
17.1133437541,5.37971461332
16.2460157687,5.86337269045
16.3644972424,6.36122962588
17.2459980385,9.66061872123
16.5072762317,9.31534376185
15.9667515817,5.94632911034
16.0845110458,9.04975105359
16.0239831754,7.98955146681
16.2342798716,8.59714277338
16.0832266072,5.56684407563
16.0438054677,8.73223580317
16.3328360127,6.30090721549
16.5759571506,7.28863555052
16.9754086403,7.32747747204
16.6784445913,8.42140561295
17.3172737251,7.30339710616
16.8393120954,6.59919927659
17.2054992836,7.7586571257
16.1360440165,9.80373219535
16.7219720242,8.75371248713
16.2704369287,9.29970176526
17.1128205451,7.57374041756
17.1007013069,6.71620602094
17.2326108123,7.55902033838
17.0639419069,6.55635512808
16.7812803706,5.67715287715
16.3643308412,6.87353384345
16.7440306644,6.60149865483
16.1207834982,5.46686968814
16.953153191,8.76875049553
16.6967506556,5.3621165225
16.3659194162,7.52173318049
17.1937765065,6.28832060865
16.7302232574,9.05205747935
16.7293542785,7.11740916994
16.9582894319,9.78585433693
16.8844559343,8.08926619383
16.6146735947,6.54393518289
16.3321335419,9.59138525457
17.2182370766,8.90409536339
16.3149036977,9.22025430676
16.998973406,9.84360475137
16.0636402929,6.5053239173
16.3553153552,5.8918601217
17.046028812,9.89899080738
16.7212277909,8.15727032235
17.2841745127,8.12204958175
17.097097971,6.92379653427
16.5823520592,5.83688992378
16.9713332401,6.90212717716
17.1256256076,6.1286439804
16.3002311669,9.40774520904
16.2436769848,10.3040099242
17.0867759902,10.2566214883
16.5264378614,7.09011883813
16.2696167533,9.6353945251
16.5702944275,6.00634109926
16.8057847645,6.8583927429
16.1623559731,6.82088166283
16.8451003327,10.1909721626
17.0695213066,9.59026708314
17.313607088,7.58678394483
16.4232025815,7.30121584834
16.2904495625,8.97231877236
17.1443199033,6.62214418292
17.2899702747,7.79658262398
17.1780700497,6.74031949837
16.8181693046,5.48379843254
17.1293457309,8.20211080074
17.3440346159,10.1870097319
16.3989476143,6.41736970043
16.6178432222,7.75231059509
16.6314550994,6.15900865056
16.8737312768,5.38737409976
16.9727412668,9.09134362788
16.8940260301,7.0258741915
16.4001871713,6.12984674368
16.8908976479,7.65125722259
16.6737668964,7.6906141933
16.6438705146,9.91005348635
17.0699185329,7.91683187335
16.1317552259,8.74540719535
16.684581648,5.534049573
16.7693405406,8.07586066706
16.5394310059,8.20778747116
15.9734621725,6.31785008404
17.1845088203,6.09039533852
16.2567107579,8.33702068636
16.4645722432,7.13738436412
16.3140536896,9.94192497819
16.3871160418,7.02000950155
16.0676774803,6.96005579248
16.4014611402,10.0359445972
16.6121609622,9.74520198043
16.8724144251,8.86424738421
16.7862499229,7.64301948081
17.2245764773,6.80931047434
17.0731219543,9.2609427612
16.4384842111,8.06184991482
16.382366847,7.67829801767
16.3891745755,9.42252411381
17.2429963535,9.19227500056
16.063587319,6.45271549154
16.1507374134,9.24355391389
16.3506672901,5.74607080174
17.0198278171,7.9885094788
16.0061089077,6.89161324326
17.0345232866,7.26517327606
16.7330260492,9.60439194798
16.150578057,8.38857911626
17.0872826642,6.20716467586
15.9853406248,5.59620149743
16.2001439249,5.63976315836
16.4441971164,9.72815936726
16.8019407511,9.86843345854
16.1310608766,5.72709939133
16.8813982083,8.44043313068
16.3749767659,8.70591131997
16.7009264993,6.52083231128
16.0657029028,6.64657228952
16.8388035164,9.03585185756
16.566712017,5.49208295829
15.9796964082,7.25106729361
16.8516850515,8.27370037458
17.0510672605,6.08388273138
17.278311193,9.4193775803
16.9296706043,6.22323947636
16.0463516395,6.5628663587
16.5848055664,7.62225656923
16.2051717366,7.10531342005
16.2885191257,7.03657515116
17.1962159577,7.82483698627
16.0919322865,6.14081340791
17.2637531071,9.57965248535
17.1761083011,10.2005473748
16.2925183015,7.55669164261
17.0187129562,6.27609266376
16.6931599358,8.51609583893
16.6814980525,7.50222872649
17.2263796007,9.49402299597
16.7522620913,6.68898606658
17.1043139446,7.03126289035
16.2968860361,5.66601164646
16.5685688407,10.2487003681
16.0310431221,6.18273569747
16.7872549779,6.76597098203
16.3564318395,9.75464754383
16.5513160377,9.13647162012
16.3870810816,6.54008081738
16.6685296312,9.12338877022
16.284462867,6.91636887612
16.3874935519,7.96021064983
16.9970596852,6.49206860287
16.2383625137,8.0465657911
17.193291925,10.2866679
15.9761447824,10.191002073
16.5300581423,9.91923829595
16.3973584819,8.99652155088
17.167784802,8.70036697276
16.5985223276,9.05068369486
16.095787783,6.21662297713
17.0028725815,7.00340646527
16.5506863319,9.67668324641
16.418575134,5.3521631546
16.0736029845,8.40790180281
16.3131204045,6.80491929602
16.7663970697,9.49504711243
16.9518233193,7.72228170896
16.4611874513,6.26605422357
17.0821233955,9.7004474275
17.2055347801,8.48154987776
16.6993729897,6.73114102326
16.2856084738,8.85435725828
16.4974178326,8.70906811766
16.1010733131,5.89860191033
16.0530522684,6.3305018838
16.7332864181,5.44363336842
17.1010895553,8.87468859227
16.7582303362,10.1697246646
16.075992055,8.10794433066
17.0635336907,9.09286886462
16.0259912943,8.80445759089
16.2778407137,6.24402893129
16.6818025903,7.19629192753
16.3760860996,6.22635096819
16.0880634911,7.6105349437
17.1907023318,8.11116720314
16.5355529143,9.37888642567
17.1071431123,9.42042667091
16.4883528689,5.40515798401
16.3037550343,8.58524755127
16.8292401674,6.20696963591
16.2841460349,9.50651640008
15.9647210613,6.6524741614
16.0825262905,8.82544790536
16.3486014167,8.63722846773
16.8107083792,8.17411305589
16.5834815428,8.63452289735
16.5802362391,8.38195223504
17.3162140183,9.50007830459
17.0870958682,8.64116034757
17.033663688,6.83701691743
16.1202674308,8.2711571887
16.6476423116,8.28991188601
16.1951091687,10.2168536311
16.2819117956,8.64740286724
17.0344428349,5.52561148954
16.2663336808,7.8434693688
16.5812275392,7.43749853855
17.0163444712,9.77114922675
16.4592775556,5.72579126658
17.3012254484,7.02329097352
16.4892545872,6.44621566593
16.4057566571,7.20666620996
16.9569698877,9.36978656025
16.7101788839,7.98739636929
16.2103640142,7.31075169934
16.6091216316,7.52412230246
16.3751699295,9.5127876416
16.407357285,8.23267334918
16.7193537709,5.64516735095
16.6935735195,6.66401451178
16.6547639733,10.2004209242
16.5200972857,8.46383166519
16.7197869755,6.44566012972
17.0175769524,9.04267596772
16.1727580176,9.34166112847
16.5137714337,7.45783143633
16.5415591713,6.80713845916
16.9961315029,7.82481000573
16.7097929985,6.1504419442
17.0397525681,6.14277719072
16.0877121044,8.66425279793
16.2150557995,9.56598081007
16.8784130558,5.64248821213
16.2125778908,6.5067574537
17.0331940043,7.16650534942
16.5625874173,7.01568118875
16.2400298011,9.1719636612
16.320724013,8.69547498273
17.2602694327,8.55087513093
17.0635285685,6.65357166827
16.5855820387,7.91951675086
16.9480492281,7.11786250986
17.1663193342,6.23413539754
16.5473279987,8.52909079698
16.1744256112,5.94264814004
16.7454182552,8.65697608252
17.1364116286,7.69682065124
17.0973872693,8.72718337426
15.9683933864,10.0568277632
16.9859916862,10.043239847
16.6343746142,6.06964918914
16.5607415683,6.39160234509
16.4654494194,5.50085707536
17.0038888173,10.3055989069
15.9498922315,5.76363457881
16.8532515568,5.98759489683
17.2765214832,7.46068123118
16.960559218,9.51755558971
16.9439974913,6.81203975981
16.3714255192,5.53327176079
16.1508025654,9.73826254992
17.1782517658,8.02765853147
16.1321945293,9.62676170995
17.0993294989,9.82367221637
16.2335832374,8.42793323633
16.181560872,7.89501479112
16.8857717074,6.875367848
16.5577952893,6.61195093302
16.3884165018,8.83390210517
16.2035544692,5.52642950358
16.022848773,6.26026613506
16.5297343229,9.2336278555
16.026365925,8.87753317355
16.2240914771,8.23702408332
16.2021633667,7.03117298546
16.2194036852,7.3936533005
17.014280077,6.62391925649
16.2928522776,9.71278440243
17.1226758947,8.29695751471
16.704788887,8.23293356772
16.2344624414,8.73103406657
17.1821361003,9.4085287193
16.0468830399,7.02118317536
16.1069604967,7.87146918711
17.0782163319,7.34368682031
16.919145598,6.63524179661
16.8961523397,5.84977354078
16.6858000129,9.28500176779
16.0323870399,5.68593635127
17.2872915506,9.31704062965
16.3705722015,8.91649252464
16.1479798398,5.83150876093
17.1769556957,7.30553520124
16.472996726,7.6565591123
17.1910576316,9.84699156759
16.6538198825,8.69890023152
16.3831346339,8.46015585382
16.6870453601,7.5827461104
16.6736081635,6.34871363355
16.4966109804,8.29073480668
16.6262271831,5.97034457251
17.0199403703,9.53191135993
16.2428615055,10.1163702574
16.7258041142,9.21024949642
16.2810615711,5.48639033733
17.2002606256,9.74929420022
16.4499819008,9.60077907216
16.7464698528,6.25028134581
16.0467667749,7.0836868677
16.4516941791,9.36370598085
16.3592480372,9.26553075801
16.7344643284,7.46253008508
17.2027403821,8.76614681362
16.4625820298,7.03872961725
16.2851347246,5.95584338201
17.1271369828,9.50659823503
15.9736956908,6.52150024849
16.3134194633,8.41218866438
16.2966447125,7.14905291862
16.9131302652,10.2349776015
16.2753681103,7.66148768581
16.1129369478,9.9121275911
16.4630620515,6.74483898848
15.9994812674,8.66597627475
17.3083026463,10.1351645636
17.1322861489,5.69158898833
16.2532376496,10.0020840356
16.9490211821,5.47611456367
16.5068963016,5.60065069356
16.9501028499,8.98149403869
16.1617911273,7.79582831918
17.0969758238,10.0681299691
17.2615692817,7.67225028838
16.3472926151,10.0825038409
16.3081080143,6.14619911494
16.116998415,7.98125072177
16.3588355994,7.36481111418
16.8114111173,8.41255015725
17.2142642117,8.26472583652
17.1183002982,7.22740880022
16.9044280887,9.84497340169
16.6164660245,9.58257919135
16.8551110542,10.1163227764
16.9840243661,8.44301217869
16.7838606683,7.92106655359
16.5625965107,9.51088176478
16.7892580616,6.07195779955
16.0263525849,7.36901595352
17.1642586341,7.06969316883
16.189967862,6.1750259067
17.0673834881,5.81637862235
16.0944215113,6.39517635039
17.1367231717,5.57663523504
16.6094394139,9.43507267349
16.6128038123,8.55279827089
16.8827047013,6.12240775285
16.0537346044,9.41483590795
16.9412232486,7.42380624132
16.8998403258,9.55726962993
16.4237986011,5.55727240821
16.1175607295,10.1817685315
16.5467350491,7.15421791398
17.1916913046,7.92306546604
16.1775401351,7.45649087723
16.6672670014,8.60329024596
16.3235545812,8.18325422707
16.4788918904,6.13353147199
16.6531785644,6.61257318797
17.0748090073,8.00670222759
16.9236508478,8.54046756037
17.3380279663,9.23480440632
16.7669225804,8.2453507714
16.2566069827,6.58182270343
16.7829214734,9.96010619713
16.7733843027,8.9243217685
16.5972497608,9.86008325287
15.8915244455,5.44542208277
16.7429183508,7.31389746315
16.5255252419,6.70993070315
16.8290079202,6.68301629975
17.1688277322,9.29634122736
16.8500056504,9.64206689715
16.5771945864,8.25759840885
16.0524865695,6.0768667879
16.1713423632,8.83048795787
17.1628182171,10.1277931037
16.8932974132,6.73595124985
16.501404027,10.2085524282
17.2751977963,8.81284177721
16.0880474411,6.27969334958
16.6805756014,9.50520450592
16.6884994419,7.8862752301
16.775490216,8.83183949251
17.1317107983,9.99128376344
16.4752077342,8.59538151087
16.8206780766,7.99845826904
16.5824114669,8.71423654022
17.244856833,7.35575624742
16.7428141981,7.21754489572
16.4709457422,8.92079473036
15.9597572401,5.86168001424
17.2244398274,5.56151925265
16.8729416326,5.54443257144
17.1752555559,8.55356704003
15.9639750305,8.81278637471
17.3381089638,9.56850147445
16.6262184813,9.23034453097
16.262519194,7.96159664297
16.2482075185,6.72144820068
16.5613287049,10.1415138806
16.6626850842,9.81302420782
16.9515615068,5.57420525678
16.3327059996,6.63484649641
16.5874228293,7.0936285781
17.0589680364,7.7395334134
16.5483202212,5.6997540288
16.9561926678,9.4584031856
16.1243520362,6.71072649784
16.0486593582,5.7925979443
16.1922426783,7.62198435762
17.1900310657,8.81778468449
17.2134931341,9.94438648776
17.0528111205,7.46074312247
16.206489838,7.20883379246
16.6601673554,5.87802464786
16.1929320412,9.45125040423
16.9112134169,10.0781012049
16.6907604335,8.8600073424
16.9858562729,8.12644650956
16.3705046191,6.0285104461
16.6189718661,8.47232389298
16.3375976951,7.75474877979
16.1304747761,5.36138248165
16.8620904393,7.92720923713
16.8534434472,6.30372395667
16.8465747694,5.75534607876
16.9759079634,8.64960222914
16.3304642337,9.08620500682
16.6647354653,7.437298788
16.3399946046,9.84916372941
16.305145666,6.53780700747
17.2902859439,9.75518788608
16.9968636079,10.232418537
16.977513383,9.59223322036
15.9971914118,6.71225880245
16.7204237954,6.07548070104
16.7898655551,9.79146845635
16.4556815499,8.4973299934
16.6674761104,10.0930982617
17.1081832307,8.56281574363
16.3644230943,9.66713948469
16.19802179,8.64752308608
16.6342972459,8.78309447692
17.2120025482,8.99932633281
16.5998683501,5.37904086164
16.3357263582,10.0057266068
16.4188974964,6.96359530001
16.7120752992,7.39877722401
16.4274786186,6.47362076283
16.4581817589,6.35911761044
17.2996176112,8.45325090642
16.3922626481,10.1513006511
16.8372833535,6.93175281849
17.1183166259,6.03970468327
17.0304974917,8.5559298826
17.2000034159,10.0571920571
16.522306046,7.77906990095
17.2922200205,9.70242321999
16.6384912539,7.35753807823
16.8039054658,8.53396826039
17.3090006873,8.64268372854
16.7668285379,6.33299006008
16.3975939771,6.30532718322
16.6402162493,6.45841546473
16.1974517711,8.15157203121
16.7528705237,9.32304746839
16.4211317752,7.53974447925
16.4243787349,7.44822604979
16.4595193593,8.39687138915
16.0662222694,9.71924579887
16.114626768,8.93159586758
17.0314101858,8.2081567723
15.9973617528,8.42113350793
16.2350800872,9.79330333774
16.6199187877,6.26858216863
16.4558144227,6.64758684461
16.1256085606,7.04544674492
17.2950573924,5.93465653767
17.0896787222,8.0966471096
16.6269468478,6.87737447554
16.7919987875,9.12668518124
17.1258507923,7.98212215056
16.7048329045,6.87589331244
16.1499657181,8.6767594193
16.8565502251,9.75147124806
16.7927692454,5.87444173654
16.0001719541,6.40229273416
16.1881671064,7.70032055667
16.995737434,8.86444011667
16.7482434923,9.72286757561
16.327702696,10.1536369196
16.9773787755,6.06734624141
16.4086750483,8.66169401974
16.0239305756,8.31648714739
16.5591621464,7.71652018284
16.5896773489,8.01576764305
16.0511373199,5.36075191283
16.7516389563,7.73233352233
16.5063833763,7.54120740129
16.5694195181,9.30076748667
16.3254339996,8.3548038809
16.9300552859,10.1490928465
16.3260316528,8.27937150224
17.1988939402,5.90145672561
16.1107611095,7.70734035391
16.560731306,8.97306803474
16.9098214604,6.54047105362
16.7723366639,7.81739211199
16.3403329513,8.76458149219
16.6573668917,5.61324567733
16.4099555542,9.94932453467
16.4955393916,6.95721154392
16.2445670333,7.75193796838
16.0360792159,8.51210925209
16.3799152012,7.60085005332
16.3137725318,7.26656626568
16.6482583993,10.2831054066
16.5987190979,5.64336163754
16.4442788406,7.76459123606
16.4862019781,6.02454719839
16.4434234985,9.11090716428
16.8487138169,7.74110402322
16.8577063724,7.45661534248
16.8890316801,7.99796728533
16.076826452,7.76683735736
18.3158898248,5.90285117478
18.4985708336,6.91560660324
18.3366268319,6.93938227709
18.010647939,6.37134453467
17.3736362644,5.94522978727
18.3765530694,8.66057708238
17.7772215111,8.70862665703
17.8991878175,6.04432355757
17.480074064,10.0897836729
18.5000074316,9.48519418417
18.3785896808,7.44221111695
17.7245268039,6.77365938871
18.1405896308,10.1203502408
18.4420095777,6.81876741193
17.3819225406,9.89942979519
18.0700818908,8.57159429192
18.3991556098,8.83179443218
17.8759559365,7.93325040898
18.3277280037,10.2994930678
17.8695346618,8.65480658669
17.5954881153,8.31939327136
18.0478405214,6.79516435878
18.7346577684,5.75332156918
18.6426255843,5.51623859669
18.1594469693,7.24914455922
18.4702155108,7.47510215731
18.0552339172,8.99043501266
17.6474987704,9.18484970265
18.0958539719,9.5078431216
17.8530617624,5.56274968514
18.1700727774,9.60208162852
17.6377168452,6.66388830323
18.066828204,8.77830485275
17.3599196591,8.95246921256
18.143252212,9.69850623238
17.9821516917,7.7250066319
17.7541663566,6.26117358014
17.8204117015,9.25799923977
17.8314872145,7.1698113998
17.4376461183,8.49160444065
17.4825791655,5.58927603672
17.6770270623,7.47587650382
17.4992846653,6.50805863743
18.2047292307,8.49399828349
18.5327771549,6.24600870202
17.325419958,6.25759894697
18.2846972775,7.30254643175
17.9186602937,6.38331015638
18.192611712,7.31716391299
18.6089968715,7.60174849771
18.4770619682,7.96697319828
18.5479459172,6.64918578445
18.3707818423,9.32242313806
17.6871956956,10.0189405031
18.2822528271,7.47485989423
17.7262721039,8.02666980326
18.4266995535,5.87259198447
17.9921098453,7.37544084783
18.0922747184,5.89702012586
17.9855128176,8.77264640834
17.3545324242,6.93037744586
18.3138585397,8.60193991134
18.6836586536,7.6622760972
18.004864203,7.1187338709
17.4402758965,9.22029409859
17.4363205469,5.89143640559
18.2857888746,7.83559483534
17.2584301659,6.18873708807
18.3533329751,5.54552142216
17.6768146353,9.58521292467
17.8785186302,10.1614661656
17.4879420858,6.30115734142
17.7538552354,6.33885814995
17.6246502218,7.0486632828
18.0932924151,7.05547265002
17.8197696274,7.82449446383
18.5129541814,7.68659211913
17.7647488375,9.30731801482
17.4252743767,7.94562602803
18.1798423053,6.96292297614
17.8049921893,9.64808906813
18.6319008325,5.36864941769
17.9396739099,8.12908364313
18.2662674082,7.03506562925
18.6822204771,5.58925557543
18.5369764483,8.01769465891
18.3552281074,7.03489597339
18.4088386592,6.65117109854
18.0314639698,6.57933776662
18.6934561046,5.43735280937
18.628918781,7.43669830937
17.5007021468,8.87394978968
18.2010482286,9.20818192617
18.3195946809,9.10597372298
18.4410422078,6.99971286193
17.4076141919,8.84125650377
17.5092431662,6.15618294172
18.4316820006,7.15899253894
17.6496666716,6.85331824941
18.1549990655,8.74473337623
17.3388107702,7.10400171913
18.0501970933,10.0627649765
18.5722792248,7.49553056781
17.9316880239,5.960139006
17.978246052,7.02553153662
17.4938915559,8.01017646149
17.2754574696,5.52161083673
18.0445784402,8.06863618933
18.3510483791,7.35996793972
18.0775465414,6.71254745058
18.073586467,9.39170487094
18.0838190351,7.38298474086
18.2454292633,6.34076255959
17.9137105568,9.61649476943
18.5510345149,5.68694168759
17.1641138806,6.50333272514
17.7289275005,9.44393740615
18.2478444164,9.98804923457
18.6024061923,6.72352408705
17.6518091938,9.86883435385
18.2052464245,7.57081464292
18.739499419,5.85845379624
17.5477966313,6.81984923232
17.3726929151,10.1036845832
18.195551183,6.85751219051
18.3420320705,6.68130977341
18.3976600803,9.13780187882
17.4743994414,9.0238535143
17.9094563987,8.46272009639
18.5644948456,6.47527350787
17.697775532,8.21894880698
18.136649265,5.8495715793
17.6195609781,8.93454855117
17.877812556,6.66266377194
18.4379856039,9.6791198803
18.1644222077,10.0220441141
17.3877899479,7.57883900479
18.1524598278,6.54275156241
18.4449409376,10.0644910359
17.7471314761,6.44998489835
18.2314954947,5.88073927839
18.2488167588,5.97972546141
17.7093695708,5.8455461158
17.5042729009,8.23747407585
18.2799158772,6.07454925603
17.7782469197,8.99710434584
18.5697192625,8.75560371409
17.6863804155,9.78466097948
17.9520000141,8.37833209609
18.1813331001,10.1785697493
17.4885510308,6.73385136884
17.753351926,9.09893364281
17.5731382433,5.96375486748
17.9558409459,10.12259428
18.2503965947,9.68188212635
17.5484351944,7.26505786092
17.2451524961,6.30233515974
17.9522138851,10.0369342157
18.1826496219,7.41724179772
17.2915327762,5.7804783044
17.5703602926,10.0912671775
17.8204422892,8.42799027461
17.2377930729,5.46273959362
17.6766484118,8.64221154284
18.5553591502,8.63591318311
18.4361387903,5.70295190153
18.0049388099,7.62335321173
17.8446466668,7.27494569588
18.4409904742,7.59622647209
17.529588674,8.61893150749
18.6625668611,6.38559503076
17.9538624133,7.2913970951
18.3568241665,10.0428176991
17.3970190257,6.1888338107
17.8479438405,8.0470701987
17.4238757273,6.25224081943
17.7987943038,6.53828859579
18.5703808952,7.09178647139
17.5306452422,8.98038165404
17.6745427881,5.69625932009
17.3641338385,5.35617967549
17.8282530351,8.49971978929
17.7050413973,6.56176890757
18.4734687748,6.34859641352
17.3719904371,7.45072103322
18.4630769379,8.43962975465
17.7551081071,9.54022654843
17.513522137,7.06103584935
17.6644699752,9.52154152779
17.4393106369,7.49968927884
17.9190676006,6.1981995744
18.5692612558,8.09457019713
18.1170984442,9.12174847763
18.1787502048,8.13339475926
17.3931370966,9.31910620324
17.9517974213,8.69516551786
18.4737007183,6.46263065043
17.5038250393,10.0028689179
17.4361486278,7.38453884892
18.3689060623,9.72405590741
17.6705489402,7.64736937056
17.8595575037,8.34708932193
17.9552268056,5.60513398155
18.1984496163,6.16414091603
17.5650384303,6.3679666249
18.3964696363,9.9655520569
18.0400173782,10.1797139998
17.647794532,8.41373861842
17.7621688182,9.74618141828
18.014052761,6.04940035094
17.4367302061,6.66443148269
18.4493394145,7.7889430839
17.6427412514,7.85681330711
18.2733434944,9.0164380874
17.6693065137,8.12865314623
17.534946442,6.44538852022
18.5435610707,8.1896443503
18.2381363708,5.38569453803
17.5450369342,6.67372229268
18.263017311,7.37263181581
17.6952521914,9.35822108328
17.3309873502,6.38471812817
17.5258667392,7.66638921838
18.5479957695,8.47781821125
18.2526434007,6.9071104561
17.822441179,7.08633017433
17.6136730017,7.37199754553
17.9804007407,10.3069930422
18.2590586799,8.67350824436
18.5031733837,7.87675684799
18.5336113277,8.28207808126
18.2712521179,7.96378745004
18.0783044033,7.75461950824
17.9391940074,10.2694504054
18.6291510619,7.71509299194
17.9603191676,6.29847948103
18.5924338262,7.26594014444
17.5564460126,9.82189930371
18.6548462905,5.79667936478
18.4354382264,6.5620343448
17.7871762348,9.38457151578
17.8242600874,8.82143998587
18.6363826887,5.89696879887
17.7598742396,5.73448988216
17.6950894106,7.5788147655
17.3232281432,5.44213824074
17.4107055776,5.59961503856
17.8562277602,9.18584258153
17.5508695598,6.0664870097
17.7518629622,8.36990734345
17.995618031,8.23724101445
17.6568017018,5.93053275029
18.1136275078,9.83491316112
17.3684470679,5.64609402539
18.2284711008,9.12695899148
17.940656967,5.48313686152
18.5181757166,9.96939429266
17.9654630357,8.62283512679
17.542266358,7.83615120248
17.9509236261,6.46708372912
17.4249543544,8.09738242994
18.5033739028,7.31322620871
17.2997209988,5.60504549165
17.4475768034,7.70673993877
17.6916910866,9.6710593878
18.1024111214,7.29165241276
18.550505859,6.32597714977
17.9929776905,9.62596451797
17.7616446523,6.07846321773
18.4776729204,8.0591967023
17.6996747476,8.53122913396
17.7946142689,7.89016629977
18.5626790223,7.79577682695
18.1879800208,7.05423501283
17.7724947933,8.20159624225
17.8347917308,9.11802041911
17.9043408803,9.11325906808
17.9079010473,7.09649765247
18.0671848606,7.67759397414
18.1657629198,5.46101108128
17.9459125835,9.19139778308
17.669396682,9.28068255855
18.5721341681,8.55269682883
17.9293379601,9.0283463571
18.4411688675,9.23013601242
17.8508740484,9.03162830593
17.4533196771,6.40298789317
18.4835358636,7.08763666442
18.1169383058,5.65174430646
18.0686205286,6.28064675186
17.2105306497,5.62301425129
17.62246556,6.47307479111
18.3513053557,5.78901159326
17.3158995445,6.54539054188
18.3721620164,6.14657134173
18.3076064522,6.40886040158
17.7791188339,7.43387455162
17.668747713,10.1118067171
18.5370375064,6.55908289621
17.549214562,9.91681438508
17.3591129726,7.64818698459
17.6149744886,9.24189476925
18.4024085967,8.12671173157
17.4549470907,6.96286466262
17.6726737132,6.36259995638
18.4393052996,9.77067008397
18.262324705,5.83652253451
18.1694115886,6.41865207496
18.1914808899,8.58863769738
18.4387960959,7.37950640814
18.3269272658,7.12894996782
17.6388703884,7.70240504177
18.1807559136,10.2590014257
17.5780333348,8.47198696806
17.5177416184,8.52482556458
18.4845981997,6.62918285052
18.2914732554,9.90446155984
17.7137475421,5.65573074816
18.4276720887,6.90928540895
17.8345646501,6.00940003119
18.1336213831,7.17037226246
18.4872972662,9.32209901668
17.380823452,8.29906931314
18.1005570534,7.48576467986
17.2184381025,6.00586744119
17.8330503676,9.32552739276
17.7832848756,7.61818167519
18.0639757939,5.48668744371
18.0525533339,8.31080357548
18.3616265602,6.04272901337
17.7243142664,5.60113727684
17.3250136315,6.03693448945
17.6540867921,5.76330166359
18.349412431,8.76386197928
17.3782734327,9.74179801051
17.707790012,7.37457923603
17.4618600388,6.19942515225
18.5462673914,6.05288583448
18.6614183898,6.06291015899
18.136466978,8.07057493212
17.898944904,7.62203913545
18.3126526562,6.59729042769
18.4649839406,7.23480363627
17.9631983215,5.84634855204
18.3926942603,7.89485973215
17.4755123095,7.60114671356
18.2095751096,5.66793410797
17.6822688864,6.95612097554
18.4861111146,5.94884020936
17.7474186216,10.0833382836
18.4840417586,6.1492406932
18.2877674073,6.15958835765
17.9503200081,6.63182465219
18.0970287017,5.98648836773
17.4719935739,7.13804373072
17.4857497074,7.30403124723
17.6290765016,8.80986060308
17.9253101859,7.19401124347
18.0906747973,10.2552942414
17.7938198961,9.99848332574
17.4404905515,8.94813004241
17.850481724,6.73598515291
18.2649169715,10.0747458579
17.3973869775,9.96391573686
17.4319966083,6.09511256316
17.4149735055,6.57311259897
18.1184775619,5.37512787202
17.7547910646,7.21641233766
17.4224651438,10.2874480886
18.4404849665,8.33918030479
17.5289293504,9.25854164305
17.7497586816,10.1881073887
17.8473937686,9.76835020116
17.5494876477,8.7897866916
18.5685602636,5.95182586526
18.5602275619,6.83776221871
18.3810265011,9.87985684483
17.5038961897,9.71604005033
17.6118108266,8.03104991362
17.4594204897,5.38668725084
18.5579609018,9.60922917221
17.6943412989,8.94376168145
17.4223737465,9.64524553883
18.2358466097,10.1567982571
17.5523037931,7.46731573483
17.5552157311,6.23767380069
17.7711008811,7.00896606985
17.4029282045,6.31469437566
18.306788481,7.92155002858
17.667408267,7.77824281905
17.6675372618,7.9519475426
17.911533249,6.54687280153
17.941792855,9.72820293666
17.6745518837,6.27487526628
18.1868074116,9.5176898887
17.491220383,9.62320676189
17.3878212393,7.78474680806
18.4955655034,9.663418158
17.4583545744,8.75715896977
18.2571316661,6.49528488438
18.4989414731,5.76508842081
18.4774496869,9.57895100579
18.3998781794,5.97306250336
18.5351762312,7.17247864693
17.8323734323,5.84123528435
17.7697222147,8.89898716054
18.0299729276,5.76840732166
18.5658020007,5.78010014905
18.3949631726,10.1350168797
18.6266477857,7.8608373379
17.9627742138,9.4378398756
18.5495341806,5.51995371384
17.5253933287,7.37951316086
18.0021315115,9.96194234385
18.2422489218,7.21759240262
17.8902400994,6.8364614692
18.5410302791,7.020172593
18.6326073426,5.97066594034
17.3942765046,9.57861195102
17.2681018738,6.47304730716
17.7253795495,7.11381118284
17.6544739675,6.02650108976
18.3642034359,6.49225965388
17.365710347,8.15281162904
17.7924260859,8.28750845089
17.3629062035,9.44492849964
17.6211824239,9.95749014465
17.2531625556,6.09634096726
18.3725832435,6.34186486851
17.584517481,7.67061501696
17.7356980124,7.93340343428
17.8611355949,6.11269426392
18.0286767277,7.8351389001
17.7496784705,8.47125361901
17.5438319194,9.42541728015
17.6958581064,9.93962756024
18.4516900893,8.73652063681
18.1563278961,6.2472778512
17.3525119151,5.53288822
17.9917278149,10.2473856498
18.184185135,9.91970699085
17.5869496774,9.33389028622
18.4559276975,8.21797406078
17.3916830161,8.01888397807
17.5562716433,8.91558007484
17.923133009,8.84663199722
18.2360770759,9.48229367168
18.0701990194,9.17950745446
17.9927028572,9.8014143275
17.546432723,5.5497492065
17.8409897111,9.56529443776
17.9976967363,8.32630880561
18.3751531368,6.74406051119
18.2223789261,8.03968996968
17.6182334876,7.62484547983
18.3583909901,7.77581662289
17.9972911183,6.90820009577
18.529068728,9.86780011781
17.3525444352,7.71989410011
17.8545170979,5.48861280082
18.2138348038,8.41566422395
18.4371443476,6.06137194176
18.5741938223,6.39571541811
18.0812358335,6.9580868529
17.6091809461,8.22014077743
17.88556537,7.3946061656
17.5521177059,7.74667970209
18.4503868219,9.85036118874
17.9979801718,5.38109714355
17.7241962797,8.2843782395
18.4556668375,9.055008121
18.0363371281,8.87166672724
17.7941799731,7.34888632525
17.5550076126,9.16850058534
17.7507438523,7.78286078317
17.7727527972,10.2769865537
17.3304050062,7.23350346737
18.1374595511,9.19976268374
18.4085611473,7.0822158008
18.2532764238,5.496014589
17.992273277,9.33386233207
18.0167673723,9.67644093136
17.6349125386,9.4398216255
18.198414939,5.82826709927
18.3556418372,8.36561136468
17.8454753907,6.28172244236
17.3334420524,9.64212821984
17.7221892646,6.1849817759
17.7544598949,5.95485241643
17.9727591981,7.51993854333
17.7585361062,7.5310444576
18.128485134,8.948506478
17.6102070101,7.55590585298
18.2651399915,9.26095773381
17.3616112025,8.54592381507
18.2036135124,8.28965153801
17.5095243865,8.43147291725
18.368094107,8.93705941393
18.0263393388,7.44148865367
17.3934353846,9.4916340056
17.2934601649,6.86677281977
18.3016601571,6.24755690649
17.4080826031,7.06651106832
18.1309942624,8.65850739626
18.271629715,8.90964517271
17.7674315166,6.66577491615
18.3652141583,7.24793347912
18.3172549337,7.60497666096
17.8397964545,8.14149630389
18.2616746645,8.76471838324
18.505390217,9.73162418658
17.8511222075,7.51231029543
17.6154414602,10.1924313302
18.0960455593,7.59311586786
18.175342513,9.4346880773
18.452295652,5.46758838843
17.7522855325,9.92194497497
18.2112840344,6.26755585859
18.3100385677,10.1526904423
18.0482002208,8.68753689714
17.9138262811,7.82499787219
17.2488073972,5.70657087442
18.1239598124,8.00080424727
17.4428955728,5.50938506793
17.5025383391,8.33862603894
17.4780482685,5.78590499426
18.6242059524,6.31248864038
17.9691581664,7.91212789641
17.8592254144,6.46315754605
18.4915780365,8.52101343571
17.4055227358,8.39250899648
17.3145610871,10.3043798641
18.3214801233,5.67090188123
17.5809377281,6.15713267212
17.6609503177,6.12729311972
17.9511964326,6.73319938053
17.5945106265,8.86717000123
17.8762587449,10.050861689
17.3424868622,5.84504313803
17.406086185,7.277386909
18.5493533386,8.38788006977
17.5431273127,8.12697700506
17.3548896585,9.15352629959
18.2147639056,9.84123837602
18.333356778,5.4382916609
18.4386089546,5.78754038708
18.3847117973,9.50977824136
17.8533343723,5.6648531923
17.4346977526,10.179845015
18.3771369406,7.52380906974
18.1067917038,6.88283316994
17.5748420837,7.16263864404
17.4488964908,8.17180941929
17.2999061009,5.35104559451
18.4208773176,6.25146755092
18.168314167,5.92998983607
17.9308177535,9.35777835076
18.1298542475,5.75092462224
17.529078365,10.2687776559
18.1233491615,8.24590838603
18.581454793,5.44309269283
18.0932233866,9.94446679991
18.2735845451,10.2243484214
18.3748407747,9.62253109453
18.3861104404,8.51639023053
18.0169407432,9.20246014437
17.8215598357,10.1080340556
17.4838288759,9.31653683518
17.9509267461,7.99747110749
18.1111992245,8.82002425337
18.1038209227,8.14617378525
17.532597063,5.46474273086
17.9743471321,8.54156872994
18.1185490556,8.36969829655
18.2461440147,5.76018655801
18.6720439064,5.68044877641
17.6754284174,8.32823117807
17.6707826931,8.86750720246
18.5530259324,7.40194213452
18.0696665995,9.27132853058
18.0445350449,9.75243846082
17.569917908,5.71470679065
18.3348133992,8.1780496341
17.6140609201,9.73932862382
18.1366577453,9.32565710181
17.6686167079,8.74609503532
17.549855479,7.33100948509
17.3741938899,6.73403404474
18.4816732254,10.1780086877
18.2070826473,6.64247495058
17.585999216,5.84987556863
17.5675883727,6.57278905531
17.4789675277,7.2166905639
18.0368600115,7.96396127022
17.7362130593,8.81019441222
17.7470522939,7.30091793636
17.7349070609,9.21411753466
18.5669226875,6.93960785783
17.8767536288,5.38292105157
18.3126502687,9.9967964419
18.1695886454,9.26985214651
17.4655380313,7.80869234944
18.3382233747,6.83061403537
18.2958449799,9.46590650295
17.8699918296,8.94238288348
17.8342259204,7.72923679332
18.2631803024,5.58920809462
17.5386367653,5.62599933791
18.3698990837,9.04716417699
18.2757783618,8.5198059788
17.578781304,7.92308224323
18.1039441051,6.11470927706
17.9932452473,9.5443015375
17.6325419729,5.48879970775
17.8271333996,9.83185100142
17.4829390702,7.89432901186
17.6618200415,5.40560451291
18.4847426281,8.96299094469
18.7173910905,5.96452910676
18.5533074396,10.0837609515
18.1422789767,8.87937858303
18.4570497108,8.88147356661
17.4367743224,6.83976001762
18.5192747958,7.55550219493
17.5837790191,10.0117037401
18.5877699733,5.59010893945
17.4989904728,6.62693267213
17.6512741045,7.26568422076
17.5878831356,8.69403945127
18.215409942,7.91590822816
17.8172124094,5.44764105614
18.2218113493,7.11622975646
18.1713714611,6.04428963801
17.6657785108,8.27200285264
17.7260085414,7.70255786665
18.5811390546,6.15423305691
17.6647663674,7.17549141507
18.1693190272,7.80018728293
18.0537418416,6.46761453197
18.0632388658,5.59457675493
18.6081158201,8.31719590957
18.2775508145,9.56159603136
17.3028415942,7.16675392703
17.4472296766,8.56438489001
17.7870231716,5.60788257449
17.5588345813,7.61268346193
18.5280716699,10.2653467057
18.3489234083,8.01485805556
18.3449760152,10.1008344561
18.437791244,10.3014554462
18.0286186057,8.45477859459
18.1049941544,6.19001336531
17.7521235104,9.84292585871
18.0706757008,9.68791493942
17.474933855,9.53251415404
17.8240389156,6.37348551376
17.8469445025,5.94014019732
17.6157864539,8.55084835888
17.8241762755,9.89855743448
17.4599253288,9.91000831938
17.2568453597,5.83742927072
18.1064442087,6.63674547564
17.9395281642,10.2061703377
17.8709117316,8.22991366747
17.3728762074,9.02378773842
18.3597202626,9.22788635925
18.0316259582,7.21873397875
17.3890872351,7.17287364036
18.2561270334,6.79949758455
18.5165290673,5.37372328161
17.63765921,6.21009600635
18.6264760673,9.89588017134
17.8549318275,10.2562583524
17.6334761904,5.61337786061
18.624749549,6.22513415485
18.0966407613,6.36668942132
17.3221435478,6.63677125887
17.9008897765,9.95827653635
18.030281133,7.31220292869
17.7694045387,8.11898890845
18.3346042018,5.35758463955
17.4390468595,9.10045732982
18.3687136545,10.212583437
17.692733152,9.02207488286
17.9683586701,8.9520926738
18.5354195594,5.86277798672
17.3490373231,9.38456025324
18.2894860366,9.7892393905
18.0264156738,6.16378633906
17.3986658729,5.99622616181
18.4622372358,8.61392450031
17.360060541,7.9520806784
17.3517760019,8.74633183656
17.943047816,5.72608297692
17.2242876891,5.38365931214
17.8081482899,6.18411675111
18.6525659481,6.16583471413
17.8710260028,9.38740793154
18.3894955654,7.6920927958
17.4090137196,8.23182429729
18.4418469963,9.41628776348
17.4321905385,6.48712492708
17.8446339477,6.6000144097
18.0110083507,9.87191757623
18.3606305709,8.25556999993
18.0335824679,10.2860386434
17.4768809977,5.98772536449
18.2759987919,7.71534203174
18.1971451448,9.7665073783
18.3003268913,8.1142256319
17.7210123543,7.85652605409
17.9000178498,9.52019429175
18.2759617199,6.71497943694
18.2064614074,9.34482131423
18.0273972103,5.93804221851
17.9342635619,6.10461968501
17.600988883,7.81164973263
18.3883989203,8.41732809879
17.6400813135,6.76276148526
17.5144188961,5.90727820018
17.6454519874,9.10128141717
17.4267159897,8.65850032582
17.889083174,8.74809030701
17.3663135359,6.48157909751
18.4964304738,9.79806331546
18.473274062,5.59095910737
18.1637925006,6.75150399623
18.488051962,6.71742991115
18.4922801393,8.1328587175
17.8287333736,9.4638224816
17.6080270311,9.01486400799
18.0250780735,6.66943082383
17.8787595039,6.96335820542
17.5335742386,9.06560914042
17.5736328493,6.94211664561
18.1197842785,10.3184578823
18.130867423,8.49088889273
18.3782583667,9.81084659159
17.7954606644,7.96559770884
18.2222134871,8.84790184549
17.3495552841,6.82639157563
17.3258327291,6.14325070352
17.7552197298,5.51406587529
17.445541172,9.41142953962
17.392262055,7.87204333401
18.0663774042,5.8335579978
18.2493405981,8.21134663209
18.2005888832,8.94002613357
18.3525659059,9.42226701255
18.3129071108,9.1775526214
17.3304868967,7.38955008212
18.1663456523,5.56534316692
18.1144595448,7.90320116365
17.4576080294,9.81675577581
17.5748776166,9.50995621637
17.576465109,6.74166358157
18.3220681496,5.99419670386
18.1241700966,10.1937195972
18.038780093,5.68320763294
17.6098133673,6.29303790089
18.1627265147,7.68071009973
18.3083784859,8.43256295586
17.3579927452,10.245169675
17.7725957496,6.8860160278
17.3671093565,5.73402845135
17.2306686846,6.24488399193
17.9065363924,9.28195715718
18.1649645994,6.31684694282
18.5591608044,9.24066521667
18.0341492544,8.36308815444
18.426782844,7.31356720224
17.4658958978,5.67239794385
18.4158405895,5.36697806598
17.5817966859,5.37873068612
18.0408944863,8.15867002831
18.1596053219,9.03182385855
17.1879870641,5.50063290422
17.5378489936,7.55607040159
17.382770088,9.83654808108
18.0681540116,9.61216866062
17.8893173617,8.56390280508
18.2837970583,9.38433763049
17.6749759436,10.2433823797
18.2769777712,8.33104864338
17.5846038165,9.61373109755
17.8044197723,6.79608626988
17.7509757357,5.385679456
17.9111726975,9.84422425983
17.4131303464,10.0403108823
18.0117113797,9.1022993
17.5333867499,10.1716888131
17.3517672601,8.07420927856
18.3115606821,8.84174255994
17.7763854929,8.58283502815
19.6700975081,9.71804904322
19.0838277364,6.78701938131
19.8689702948,8.91787345705
19.3749941551,9.50045735861
19.1194493468,6.48405881956
19.2034708061,7.41526607845
18.6772709682,9.36432003515
18.8105220235,9.25138725142
19.4656072061,6.37832477156
19.5539059774,7.07250741046
19.9768898876,6.5133045895
19.7684927615,7.7913994343
19.6976028718,8.80881050534
19.3765310489,8.95836574343
18.8078511279,7.30243668782
19.1920357089,8.59385840107
18.8014968369,6.84420361108
19.7230915702,9.14887561202
19.6456044267,8.66439041893
18.9648524858,6.83009943168
18.9718049512,8.97334547534
18.935350302,6.71172885929
19.2971872168,8.37193378607
19.8112159996,7.16377169042
19.8681392964,5.42893369937
19.0684539211,9.09893908751
19.073734398,6.53743016982
19.815551452,6.40274855204
19.0042522304,7.34356544932
18.954472155,5.71105613189
19.1353897909,8.33823036912
18.6728115676,8.14953938753
19.888952316,6.95426095548
19.5697761142,9.76027790827
19.3733788782,5.46775973996
18.6293450268,9.06929278052
19.4947888479,8.10696337582
20.0540143945,5.68778214795
19.8310041804,9.1553482102
19.3810196565,8.07008419423
19.7775117907,5.70685001243
18.8967215526,5.74194332533
18.9252466371,5.84502561564
19.0854528068,6.90958867179
18.9158713076,9.8076814596
19.8334640351,7.33919874494
19.977345282,5.59077851412
19.2225275764,8.75082690596
19.1422535251,6.06562962525
19.6785636651,7.70803041944
19.846566592,9.23590674153
19.6165236359,10.2072778642
19.38583803,6.67242551971
18.6490664747,7.03212817165
19.0049487909,5.99465846209
19.4814649251,6.70932145157
19.5804859931,7.95732428612
19.2879784845,7.63432056373
19.582328498,9.48028021375
19.2298691755,9.77181772648
18.6496067725,8.36977152703
18.7841852891,8.09118546569
18.7424601613,10.0633979319
19.8320053232,8.44994000471
19.0534127396,8.36228985998
19.4502825034,6.12672097751
19.9351010318,6.80973675742
18.8342285464,8.01374856536
19.6128574022,9.99883489021
18.8901913769,6.95094530782
19.0605476843,9.86440620309
19.0803008904,7.48983861994
18.7835814148,8.95733890468
18.7422336364,9.86687571938
18.9746391978,7.25618639212
18.7417388001,9.5076249228
18.9460859167,8.33622941513
18.9716323077,6.51403858286
18.8829474227,9.32775063586
19.608667965,6.14876166894
19.0575774966,7.14432743643
19.4094287058,10.0667674452
19.6426355059,8.76267482183
18.7054859155,9.00729654275
19.0618116587,7.89833354404
19.332318955,9.41966210723
18.8582200791,8.26763901691
19.2465242531,7.89059541501
19.6883925994,5.67357181569
19.4602531506,6.02625985575
18.6743828322,7.13247554113
19.8507742329,6.06299612894
19.756800098,7.43274789334
19.1597846546,7.7589461446
19.7409350687,9.28438048777
18.5695232702,9.79400918903
18.9201794652,8.87442164115
19.529027165,8.66447068683
19.3345504769,5.60613364968
19.3341975056,9.96511254036
19.672898245,10.1029561944
19.2698990886,8.42142811499
18.9092637386,6.22114022913
18.5429752455,9.04332568439
19.6776674688,8.91428878309
19.7653141272,5.9921366193
19.7560364747,5.37835503764
19.207635717,7.4952570634
18.8995673412,5.34726824388
19.1721786198,9.16175525817
19.8635395492,6.59425217594
18.8224967038,9.97431276512
18.7523411209,10.2702796573
18.5957273755,9.52377324296
19.5923539472,6.57836893188
19.18728458,7.65848997762
18.6891743158,6.72553682725
19.7026073021,8.74070064588
19.2070906064,7.07344269977
19.5327143108,10.2465601967
18.963658122,5.56297167743
19.1992810714,7.2604879563
19.8598579989,6.75650640229
18.6405451032,6.46096655418
19.4025737656,8.45081057886
19.6498926947,9.61075324414
19.3374897836,7.68379718728
19.086070943,6.00582467122
19.2460837844,7.17428823111
18.8196762815,10.0374087547
19.4277388468,9.59447418925
19.0309867015,10.2830629799
19.7410397196,5.60139630052
18.5596321257,9.67378247709
19.7560411721,5.79766465704
19.6785101871,6.91231939102
18.6477879564,9.80228664961
19.0099051599,8.1127231431
19.7550926221,7.63764606204
19.5171302355,6.51631240213
19.2052028432,8.20884770035
18.8186254062,7.37839242883
19.4409136469,7.26200112225
19.6940715689,7.39069322079
19.1363553583,8.99080038779
18.7085520321,9.20734175918
19.3057190705,6.59920321839
19.3875272202,6.77507332932
19.3214310715,9.30127806165
19.5333019216,8.91516352898
18.7134749338,8.90520424777
19.7036267916,5.48827862516
19.8302344875,7.88610362
18.7475052685,6.0655522355
18.8045274312,6.96729507825
18.6987516347,7.92530799382
19.2945403218,8.64578548566
18.6861746199,7.24209904112
18.7301940859,8.81546575331
18.7113354132,6.4295701947
19.4676027691,5.93088712566
19.077166073,7.71890927032
18.8502802938,7.13699251446
19.6656081984,9.35271138495
19.4733733459,9.1161314543
19.6852534996,6.10862646451
19.060876291,5.62914345641
18.9848288325,10.0935031935
19.6165430022,7.20715248373
19.8813654651,10.0751995512
18.9694985184,7.11273970642
18.9315317565,6.06844965355
19.7581190382,9.42805318732
19.2836052709,6.80577923779
18.8536426028,6.51222847213
19.111268186,6.67702962803
19.3268501151,7.88878747042
18.939153604,5.46489867525
19.6517048469,8.45740550132
19.245958599,7.55947152906
19.0434370657,9.68049181682
18.7134620694,7.60414867082
19.8832115569,5.86939934952
19.8689506081,9.90562526846
19.3881554266,5.3792037207
19.4809064892,8.5127550172
19.1739346083,9.71249709861
19.7678278446,8.76917857336
19.4097789419,5.59569078582
19.609788911,5.82287417867
19.7255959241,8.15820241052
18.6251665538,6.53907868582
19.8745598579,7.80373304809
18.739555067,9.30339063955
19.9210698417,6.88481700885
19.1075523755,6.29364694825
19.1670236949,5.97882566247
19.1750573416,9.84284139027
19.6706785715,6.3580607563
18.8317375405,9.63110680093
19.88392134,6.20433244944
19.6452948233,6.7430756568
19.4082670603,7.64436298355
19.6487839709,6.82896244758
19.4100804637,7.19167330698
19.3978831181,7.95263679744
19.8296356227,6.86893008008
19.7425111481,8.49113060175
19.9758314226,5.91766173104
19.6874811553,5.79530749346
19.085751591,10.2586198023
18.6718309953,8.74467390737
18.975109224,7.66316689343
19.9347057731,9.58494276196
19.7384721008,8.39542409282
19.8490666979,10.1682423166
19.6441250398,5.75277357952
18.9907350764,6.35299066115
19.5594616364,6.93024083159
19.055336078,6.43410013813
19.5955312611,7.68146928635
19.6001054719,5.68358251059
19.9159294131,8.99026505213
19.3651080866,5.96856402599
19.4657555117,9.51524086737
19.5318788647,8.7837832832
19.5740212859,7.39847801084
19.707627128,8.05796189839
19.4758257347,7.47306868224
19.4818376662,7.73339347048
19.0252668759,6.71277826904
19.1801968804,5.75902029208
18.8864811683,7.30698964256
19.7169150399,5.84655228809
19.7118397745,9.88675476511
19.4541265976,6.87466587641
19.9484757699,5.80425902077
18.7941421331,9.84177225737
19.9284001176,6.28509879069
18.6082446069,7.13239100121
19.7678144017,7.97537704137
19.7510231523,7.35879077637
19.9766415828,5.70213225731
19.3119789697,7.09729838338
19.8318164307,6.14572822848
19.7093801672,6.05496558473
19.0612249292,8.88741761027
19.2513386875,9.91120506112
18.834224185,7.48565558673
19.2269780703,10.184029003
18.7315073135,9.10124320984
18.5358723088,8.85484349802
19.2237109028,6.34149258646
18.6468381012,8.55916443061
18.7555197546,6.8147724857
18.721336206,6.25308060784
19.8727855467,8.31763971438
18.817286945,7.89330357793
18.8189817695,5.78902936124
19.1286998066,9.61646070839
19.5661532515,10.1002293095
19.5632300538,9.17925491083
18.7333410869,8.4617493456
19.8402817188,7.43309757506
18.8919020197,5.65631774575
19.2767371452,10.075923767
19.2881342609,9.18571621338
19.5550243886,9.41631839369
18.9963065202,9.19267160905
18.6190249859,8.6774541953
19.4560117967,8.74140915809
19.0805499866,8.13537135098
18.9521355603,9.88551360082
18.8528018962,8.16939676348
19.5612915637,9.34490002674
19.6338852831,9.7770947325
19.1862793756,7.94444052874
19.4175666384,6.24020626813
19.2719174567,6.19832066055
18.6672556135,9.12910696659
19.6625801017,7.47110908993
19.3781892799,8.35271721484
18.8849532002,10.2230924011
19.7805167466,10.0790959572
19.454920465,7.37114694302
18.8102092353,6.59192311232
18.7274229826,6.64719834063
19.5658554447,7.88476805825
19.0799960651,9.45032555616
18.8502685359,7.70540551581
19.8690261625,5.9580736028
18.6966312183,9.83290528945
19.5736513884,6.99013549632
19.3078862931,5.87754885434
19.7685377036,6.18693964286
18.9135865567,8.43769801612
19.9267309495,9.69803386706
19.1192211421,8.44846073328
19.7009372655,8.56792381209
18.7903601177,5.42384738993
19.7383687152,10.192828514
19.3843082454,9.37075466632
19.5321624014,6.0036382761
19.2927537249,5.45100088908
18.6262058696,10.2530625065
19.5333103992,8.20868363223
18.9731202886,8.81961975333
19.3683175459,7.44763080473
19.3293801228,8.42998297596
19.3036652903,8.75691863744
18.650181485,6.91012500516
19.8277595009,7.00571318399
19.1031628328,8.25164777648
19.5851079127,6.67786609283
19.3837550532,6.06721689135
18.901641934,7.71629664105
19.2014870384,5.43230197931
19.0301664806,10.1913305758
19.0747722798,8.53372424398
19.2913567586,7.40700079347
19.1873902418,9.98764200653
18.7355847653,5.61589086894
19.5996668589,6.88658929634
18.77078049,8.2050614152
18.6866840289,8.29266409209
18.8791227871,9.01969938419
18.9870163008,6.15688561413
18.6366657699,9.7201669147
19.4836546259,6.80191244222
19.2291268455,6.12571942347
20.0087668631,5.49653296616
18.6913005118,9.55648396492
19.3047930497,6.48953281896
18.8014952959,7.57869165828
18.9029745237,9.22700266242
18.7779282161,9.41047705454
20.0066111579,9.63319244188
18.8994808547,8.92786963374
18.853927533,10.294600018
19.1831230847,8.0382946797
18.9933034825,9.7815168223
19.3962352406,9.76390168746
19.09144552,7.03062147102
19.4857595208,5.5620113437
19.0929694587,7.80539620229
18.7402780464,7.52810274845
18.6348758493,10.0141291559
19.5881958702,8.73615749126
19.8374006695,9.62656365382
18.9906271195,7.95106823101
18.6082041336,9.42007059057
18.7244557692,7.42806668948
19.4039612569,5.85243126424
18.6254421269,6.62113438185
19.2821775347,5.36129857026
19.6851038464,9.95193470629
18.9906969904,5.76912668161
19.2650723387,7.82799462656
19.295506363,8.15729691544
18.7180969331,5.36070438085
19.9476660997,6.02271929596
19.8361019418,9.33427353765
18.615892211,8.24028863559
19.9107436232,9.27388996931
18.5814871411,7.94284803155
19.4383597192,9.42605171981
19.9656377205,6.4432996377
19.2987602287,9.07986454648
18.9762867488,5.6559680101
18.7515127895,5.5309045963
19.8425016814,5.792851698
19.5399766303,6.31857188908
19.5384023889,9.93009805596
19.4454574428,9.92261294315
19.850171984,7.72943790459
19.6447728196,9.107713275
19.3419881345,7.55093846694
19.2545808475,7.33594352101
19.8340708611,8.16725794606
19.0388857492,9.56324627853
19.8474750217,9.51248326487
19.9366931472,10.1356755078
19.0169539972,6.25230802111
19.7376145923,9.65358999242
19.6488053922,7.81693919042
18.82604924,8.86320208938
19.9843234555,9.78248695011
18.9567001608,10.2670023118
18.8425108299,5.35285146313
19.0013664339,9.3092288931
19.9021120613,5.64079185788
19.7481760357,6.77258590272
18.9724937824,9.4159964503
19.4828017896,8.99147112672
19.697755218,8.86510449617
19.5646409681,6.77641266768
18.7952584575,6.42844220192
19.3789689446,5.76569489245
19.5572919843,9.05930806505
19.6124330119,8.84589229946
19.5154432539,8.34546226982
19.8366802679,7.663964147
19.271369215,6.89841761623
19.1171464043,6.37042607636
19.6076916955,8.12350916529
19.6623799378,8.34517668608
19.4918536161,7.93557416119
19.8528725616,9.41923704448
19.7398343687,6.26775079127
19.2023555409,5.87754280296
18.6820341349,9.45614850924
19.6303180947,8.02602983358
19.0919655677,9.77177773255
18.7343364587,7.82514657925
18.7966953402,8.63680790173
19.4192240414,8.61577843125
19.2748378275,7.48195300953
19.8842697387,6.38825058413
19.1283065116,10.1776285285
18.7060043253,9.77211783437
19.4826193371,5.66995388403
18.8012510437,9.32550108745
19.3682779381,9.88352695852
19.2912193366,5.78083803444
19.0814676905,7.40350490695
19.0789676968,10.0152809565
19.7941875583,9.85251855149
18.8016798213,7.76104293064
18.7623815341,10.1543149534
18.9055293815,8.08536920798
19.5848066633,5.48230774819
19.2776821192,9.71582539673
19.823182088,9.01472420878
18.6252390627,7.18896631845
19.7770873674,9.95925264657
19.4061649376,9.21918915521
19.4768291353,7.84305252398
18.6589860564,7.50574841697
19.6900330111,10.3024119405
19.2968172742,7.25674976618
19.0353498699,8.76208937242
19.4848718732,9.69389365036
18.7167114774,7.73628196064
19.8782981297,8.3705129696
18.5854292536,9.33703587695
19.1005561412,8.74497069344
19.2571187599,8.97208897542
19.162606571,10.259406895
19.2106186955,9.06835160133
19.5018420059,9.39777688959
19.6480878296,7.11375408566
19.017664312,6.62453159563
19.6248513632,6.03544972375
18.8245867547,6.0157826015
19.657781205,7.00963337811
19.1080412682,9.9360110135
19.0991799089,5.70268549747
19.4554069763,5.77147376688
19.8361720326,8.82585516992
19.3911975073,9.0494156306
19.166513908,10.0943286254
18.9303571672,7.87628961915
19.509910919,9.46007219671
19.568150557,7.73506847444
18.7535451119,9.80829168745
19.080901777,7.62346959458
19.434717826,10.2902798049
19.536591263,6.86181177931
19.4233949327,6.57809298793
19.508951973,7.17941680152
19.4554196264,8.39461134444
19.6974942906,5.73576201666
19.1434671017,5.53354385141
18.5074442961,9.14205714395
19.2865316696,9.58761706189
18.7903865053,7.97798368305
19.592957157,9.6808798711
19.5608235063,7.50998788505
19.7698346297,6.35650504108
19.5445733412,9.57984508159
19.1401210446,8.10878685705
19.5232365954,7.61872293496
18.8325312193,6.31559479079
18.5299812873,9.39375749955
19.7936364854,7.70452422813
19.6355269103,6.25287854726
19.2452638484,5.55623651469
19.7193013158,7.86958198543
18.7755125348,7.66716611016
19.6868918317,5.91890781783
19.0848673008,8.05339625076
19.1413900425,8.52771205379
19.9849563136,6.2174380311
19.9284623271,7.17361960518
19.6170519256,6.93743143358
18.9118685834,10.0013259557
19.5212073782,6.42099307654
19.391913257,7.84850599335
19.7442236646,6.45972039288
19.7607134202,8.66579466359
19.3763972912,8.70705534799
19.0351901517,8.18386789779
19.5005560683,5.48957994891
19.8699373305,6.49761951544
18.8296829612,7.25043050054
19.6822870553,7.29875096058
18.9760838656,7.44733014215
18.7994451092,6.21329845977
18.760980558,6.74387111977
18.8059412389,7.19141773873
18.8326918938,9.51584145821
19.7658296845,8.91755516585
19.6130103289,9.86730340095
19.515633806,6.99518325996
19.1990170898,9.40288924567
19.205229178,6.74358562778
18.9897946345,7.0384783109
19.0917736842,8.61832353041
19.8247539114,10.2783088261
19.3137641015,6.3899597881
18.8384910827,8.54771263873
19.0040387761,8.26786198463
18.6501926086,9.28524747298
19.8234589276,6.67858470255
19.9330377882,7.88078002334
18.7950423726,9.03976696967
19.1568826669,5.63322831653
19.1090803163,9.33919072342
18.9560928885,7.17906055861
19.1648812063,7.8543448446
19.9362561971,5.50351391981
18.9320767309,6.30314968597
19.6942973575,6.65878030395
19.3792102449,7.73868830203
18.7434759606,6.88871190387
18.937734517,8.55161028596
19.3090994965,6.27635475401
19.0900566343,8.79950023288
19.8415117537,5.64485524383
19.0806588293,5.90341890818
19.6391034181,5.38141361193
19.3300397446,9.01739512309
19.3709352078,5.68215054384
18.8485106076,6.78113951234
19.6197395601,6.4649612766
19.5233380256,8.42520860214
19.8696396219,9.99553033625
19.7381121768,8.27900692068
19.789359687,5.88413355183
19.8089334022,8.34437625394
19.8500013822,9.08855510405
19.9048718813,9.38531041535
19.8091794912,9.74376891411
18.9465784269,9.6234594295
19.8190031115,8.56931180212
19.5488949602,8.02818673465
18.637634476,8.83827407838
18.8669974139,7.63320064835
19.0248962292,9.9464144777
19.7113572041,9.79825880238
18.6427990423,8.46712429381
19.1953408185,6.23805331752
18.8194706794,10.2057907966
19.209120494,8.11907351879
19.1254657309,5.37424749909
19.1928155322,8.28661964273
19.2103762332,8.37031988822
18.987756424,8.66924787813
19.0255560722,8.5751188026
18.8819682093,7.80774135876
18.8503295613,8.95243276895
19.6396588141,8.23365190731
19.8994851871,9.8141140663
19.3955160724,8.15871364743
19.1424297465,8.16787291776
19.1388946919,7.46973500849
19.2850745578,9.3782845603
19.6632729439,9.46159221143
19.4694920294,8.0140852831
19.8838950922,7.979411413
19.4754837508,10.1748952925
18.7644152866,9.56910320433
19.3717095711,8.22197275048
19.6092302828,9.41929399676
18.9686780423,5.36753983112
18.7185448435,9.65013730075
19.9369192714,6.12187133442
19.084129685,7.29655292838
18.5790559291,10.1671355417
18.83347537,9.1393237596
18.7668378133,8.29031728675
18.9789537648,6.94575048285
19.1525511056,7.55254920132
19.2018646722,9.27738121408
19.515303881,6.61512573117
19.9211627102,9.33376144416
18.8985554279,9.72519882603
19.2432028134,10.2748836237
19.659599068,7.93258890629
18.8690186895,10.1236724598
19.0302676206,7.54516369771
19.1334207206,5.45602984978
19.1671494356,7.15620296317
18.8316301406,6.13457764274
19.3022244786,6.71338709813
19.697530366,6.18430684479
19.4504487046,8.27642417063
19.5341883747,6.08200148244
19.5180049414,8.8549570016
18.9086474262,7.9693679051
19.209313856,5.35464970633
18.9182611699,5.95865214019
19.3293763872,10.2367491652
19.6293348192,5.5803207887
18.6581142145,8.03293066719
19.5494197461,7.28797233575
18.6568855256,10.121920267
20.0576046901,5.7737933853
20.0329015272,5.85297806485
18.8681778823,6.87498437654
19.843074238,6.29879621574
19.2233160963,7.79375206463
19.7589078944,6.95360484408
19.0973951109,6.1709568153
18.7357964998,7.3221770302
18.724195492,6.14270594039
19.2222881327,6.03592399094
19.823277132,8.73146601492
19.0229570275,5.70180340062
19.0928037728,9.23652595688
19.2852667198,7.98508286777
19.5632186756,8.47838710981
19.1836071082,8.88101895121
19.4634059349,9.3216456195
18.9468371049,8.19394817931
19.6068261401,8.97075426617
18.912469924,7.14484947736
19.4084880014,9.84261366092
18.8617102548,5.50485208891
18.9021152465,6.60331339123
19.3407736102,7.18043002738
18.7392351479,8.37867395374
19.930463871,8.41356962069
19.2401273654,8.81264644784
19.076787453,8.69459919551
18.8878555036,8.75097140643
19.1226332303,7.21373476945
19.3630460931,9.67107891837
19.8636269468,5.55924282712
19.4414453593,5.45747289393
19.4471527236,8.1886019955
18.9869874876,5.91563433056
19.273209992,7.73057633102
19.8354664748,7.58695718616
19.7195618195,7.18738744458
19.0748362019,5.78988541068
19.7289269098,6.86538538223
19.5101084612,10.0096460564
18.7669348051,7.24719933343
19.7620138303,9.20750334269
19.3369734744,5.52981231107
19.6485618189,7.59228308961
19.1307324728,7.11104125076
19.1274628124,6.59448915122
18.9305370696,7.55160086258
18.8808498768,8.64260819841
18.7401734807,8.0079861616
19.0492440795,9.0089350032
19.233704977,6.43106754536
18.7373697274,7.17678947615
18.64255357,7.35363381202
19.2578674475,5.96704673211
19.5534381734,7.79951127992
19.1823939389,9.5221283109
19.7622546046,6.10873397093
19.291019853,6.99798247525
19.262572219,5.67093453292
19.0784043926,10.1076536388
19.574902783,5.9277119499
19.5882573064,8.56212957516
18.7879462005,9.73618332925
18.6019123648,8.94992364612
19.0542038238,7.98603558121
19.8845377415,7.08927280089
19.4920592462,9.81510687396
19.4189386541,7.79462917643
19.32888016,7.80626258608
18.7299620991,6.52478760137
18.6580247437,7.79570486549
19.7267839165,9.54109211463
18.6751214932,6.80812645882
18.9429189504,10.1872321781
19.3630616148,6.87753107754
18.9430542387,9.51272690513
19.5057018883,5.84426476519
19.9035676835,9.43871434858
19.3995449277,6.33902712585
19.7515617096,9.3450401693
19.2205938908,8.48784322812
19.3023236652,6.05502945817
19.185122077,6.84879706744
18.7331733166,6.35747905269
18.991789295,7.79218942285
18.8865267717,5.41207363391
19.9534693065,6.37386722309
18.8454706986,9.89937796054
19.0627638091,5.55106803592
18.994208149,8.02779721144
19.712178421,9.01648375314
18.6064698223,9.15961258536
19.7575636443,7.07584929097
19.8371089472,7.50657375543
18.8921552562,7.41113680097
18.7883101258,5.68148913672
19.4114411067,6.45730041886
18.8287045487,5.58994067056
19.4413484309,7.55016790435
19.5483389863,5.60065538455
19.3334122291,8.52725477215
19.4084828645,6.98128072467
19.5142540867,5.38633486716
19.0162332916,8.46646076844
19.0473921222,7.2265625627
19.3470542066,10.1465287367
19.8846503626,5.70995266966
19.7523505894,8.82818347363
19.0385588534,5.45470771527
19.3847513364,8.78946608371
19.7013433738,10.020127482
19.5689461044,8.29035092201
19.0398010018,6.08001145762
18.8117495573,8.4631521167
19.5856398517,8.381745837
19.4317601597,8.87030396699
19.7686755131,9.09423695875
19.7525278414,7.5340492584
18.716605116,6.96358183298
19.5169671992,6.20489822546
19.4957582104,6.9376398915
19.1611445729,7.33703949561
18.849693683,9.80636498433
19.7806364243,7.25938902849
19.276151613,9.47784011063
19.3443759077,6.15488905153
19.6593157355,9.23001836041
18.9379929206,7.36876588706
19.7843561909,5.5323271322
18.9045609064,6.41598409667
19.188211355,6.95881545128
19.2014070633,6.64086507105
19.7776229962,6.57750424857
18.8411571383,8.37020028692
19.4929733079,9.20439394213
18.9468146582,9.0951960087
19.4114334727,5.52189036188
18.7356523356,9.95663406989
19.9403347915,10.2386199752
18.8277388887,5.90300449477
19.3009615397,9.8235700454
19.6337258138,9.53444674516
19.370656555,7.2406987956
19.1998008535,6.52674235747
18.7719444515,8.72759353347
19.5409117014,5.76037454164
19.7952890995,8.07825516296
19.4174875144,7.10395017041
18.8913649305,7.21202393869
19.6770872859,6.55357076546
19.1572119777,8.78592360856
18.7666469528,7.07984504415
18.8897851093,7.0469222209
19.1577756528,6.43097601949
18.8298528106,6.67939120415
18.8826955583,9.42909350567
18.7381421974,8.55190369415
19.8329045952,8.26079073049
18.6215861102,8.6103766231
19.3631798613,9.11789689709
18.7000097848,10.195721833
19.1169434178,7.97732436608
19.2859138033,8.28011101545
19.871230212,7.23589671164
19.3158529432,8.86619194882
19.8135137523,6.22404874424
18.7008104491,8.65561298783
19.0026619419,10.0055977084
19.9251060494,8.4915034742
19.3454368171,7.34151977736
18.6239134326,9.62751274367
19.1613240198,8.69296303835
19.2578317576,8.07626308026
19.5413916191,9.26360926458
19.8666688289,8.66186545637
20.8123087073,8.07704220548
21.1544087578,10.1039726811
20.446074402,7.27538851426
20.0014976164,7.50371334501
20.3869483318,8.62629954528
20.8570368551,8.85680127441
20.1597238592,9.29769450706
21.1277642011,9.48549801541
21.1124024328,9.71086955513
21.2660744494,7.15601862648
20.7052273888,9.43483474187
20.4644591512,7.18816584373
20.6201765407,9.25864877473
20.2695972236,6.18678242776
20.0213041226,8.3678511481
21.2050229727,9.42299178538
20.9740467229,10.1825897681
20.1404711528,8.74946342221
20.291197935,8.2832162007
20.1678174169,7.82794585623
20.5388645878,6.41438182014
20.7533491894,9.9336139729
20.0742858022,7.95233667382
21.1712584715,8.62629829833
20.8925612944,6.47219057772
19.9377501215,6.70348854554
19.9862187521,10.0411919494
20.4128452448,9.63913144475
21.3158806958,8.0971191854
20.5041189053,5.55611943943
20.947663226,5.4816111019
21.0614499725,10.0557132335
20.3045958845,9.5745851102
20.0698274925,7.30585387006
20.183377805,9.35569879502
20.2084113328,8.44784456744
20.7915544578,9.10882888197
21.1047836806,8.5347334514
21.3337811951,6.99068696028
20.9560565481,7.4655328382
20.51142714,9.60469874003
20.2804210286,5.65182200093
21.1491638074,10.0218306632
20.4432555334,6.77546909105
20.2339492451,9.36726561095
20.7873630864,6.49158057864
21.0747097944,5.80649920781
20.3295359545,5.5388930423
20.5320268447,9.8504855446
20.1059908004,9.64201365552
21.1264736927,9.13182708911
20.6558773111,7.31932172467
20.5920206994,6.47813191374
20.1261467416,6.5626029703
21.2379030969,9.65020474376
20.1768909736,10.119540606
20.4776308504,9.92517098449
20.3612346432,8.53885587904
20.9247735859,6.59258555919
20.634947787,8.08026517877
21.2251776629,6.97721490735
20.9723876056,8.69935086892
20.1024549371,8.85143901576
20.1017043188,7.53240065288
21.2316196041,9.77264044264
21.0104661802,9.45457264657
20.9064254593,8.26505363652
20.5208779165,6.85253133917
19.9104596722,7.39758978182
20.2467161827,6.42419929159
20.3447058904,5.35499705875
20.833683391,9.39447153693
20.2205883951,6.77876615297
20.002457996,7.36727885715
20.2411431737,7.17809801473
20.5903448216,5.98435142209
20.5110831307,6.22414825635
20.8165845797,9.16813698517
21.1902561086,5.55979424561
19.9815448013,9.2615621743
20.9103037945,7.68544949863
21.1985420931,6.41695680774
21.34469361,7.26363978342
21.0803455194,10.1568434414
20.171988038,8.64216646821
20.749570388,5.75569800326
21.2078626767,7.33514074483
20.8805893941,5.37168413451
21.143911925,9.01140248981
19.9714155868,8.03791277275
20.4585897754,6.55582957718
20.7921194447,8.77883570914
20.0558103213,8.29459891922
20.6891523534,9.55158645249
20.2881302539,7.6955048817
20.3263899553,8.79208633934
20.8288655455,9.66970894748
21.2394547413,5.89438221842
19.9902724783,8.79764924839
20.7370542059,8.21895006845
20.565883113,8.20138177585
20.0295754948,10.3156542646
20.1495953649,9.20259571612
20.5646022695,5.70459017905
20.0852428595,6.86992032783
20.0054107753,7.91220880422
20.7723845704,5.44405620461
20.6056204829,8.312370236
20.0754528945,6.81125939367
20.4450722332,6.13691207827
20.9064975383,7.58988088256
20.584467006,7.49071494364
21.3366224051,6.58592047286
21.3546352213,7.08452156847
20.068965351,9.95766115532
20.5002214905,7.86634455334
20.0981294655,5.50534947486
20.7210007331,7.22831784978
20.5721080197,7.22473122537
21.0442066336,7.51097169314
21.2319899186,7.50718488741
21.0622913193,9.9630582391
20.1037573282,10.0569973931
20.7286922054,10.0413075706
20.0927232523,8.19767730875
20.5102389101,10.265960509
19.9187982869,8.85752795735
21.0062300629,6.39257728385
20.266445596,6.85808700941
21.0273939186,6.06526623359
20.1896148097,5.89448996818
21.0502785516,9.07202597307
20.0782563181,6.2633093321
20.9499142579,6.92212782887
21.2072553199,7.82185363672
20.5966509216,9.93751162579
20.1169265135,8.09900941931
20.9851701752,5.91227326823
20.6202689377,7.8268775692
21.0922005059,9.81059749439
20.0005494765,6.31848473925
20.214234075,9.23559017486
20.4814000149,5.95290305519
20.522187751,7.3360502927
20.5013200378,7.61682888603
20.3833547385,5.64913405918
20.1636202643,5.43289324316
20.569538238,8.53891792012
20.9691658104,8.61201512382
20.8506377632,7.51912557123
20.3400036364,7.47618588082
20.5428796271,8.39028336532
20.6453886258,8.71180600296
20.952741716,9.95142947784
20.4521914487,7.10007800594
21.1307338995,6.8057561071
20.1617563638,6.84729017035
20.681836886,9.6864140957
20.7972571533,5.66972921196
20.6070582246,8.47259979405
20.4495425515,8.8193550604
20.3030087468,7.84265517754
20.4585413396,8.39330353413
20.4161606018,9.93003255893
20.4275414289,6.24626866694
20.7687191067,9.80274245742
20.9626142171,6.80179227112
20.7991724082,5.9921373087
20.3544432057,9.20892490282
20.8611305696,8.12217120075
20.3724848246,6.6711576397
20.9196555369,7.20810675603
20.9097293207,7.89132711879
20.0420162166,9.54729962856
20.4348388246,9.81153455799
20.0751912913,9.45721249992
21.2197970872,7.06991449406
20.1306195676,8.01523280877
20.4333269401,7.78910014857
21.0354759047,8.37227983953
20.14984894,9.53240694222
20.9369852082,9.55698446012
20.4407131594,9.72624533589
20.1357860575,7.44504579374
20.6637121787,5.45512185587
20.4958727972,5.74733420661
20.8402638908,6.96747878599
20.927999444,7.00814460815
20.6746702733,8.01511313007
20.8796238801,6.7055946856
20.1119738098,7.11055026027
21.1098956257,8.42184215907
20.6145813215,10.2875608796
20.5673927134,5.87981047905
20.2167502973,5.80365110644
21.0437490038,7.88036407724
20.575137529,9.20771990337
20.9358808237,5.70458986796
20.3226293299,9.66155561839
20.8751883721,7.78894037541
20.1280614392,9.88378124827
20.9145216149,8.53042269527
20.649057508,5.705300863
20.4003452233,6.60162927062
20.1187837688,7.63303335175
20.0522005748,6.6454316343
21.2499316981,7.97987536879
20.272935201,8.63139736017
20.2511323317,5.47789384537
20.2580797486,7.79075040851
21.3525585961,6.80624016774
20.5151280559,10.0112624801
21.1562724098,7.91614918391
19.9894563757,7.24683337804
20.68170605,6.18762305393
20.9471178055,8.34221443215
20.9888770912,7.63692383283
20.8209330759,10.1193546085
21.0320978622,6.29787411155
20.6799622356,6.49873245642
20.0388108423,6.46323124475
20.9560093494,8.80274316591
20.6556060223,5.8160431451
20.4818790315,6.66230790358
21.1313646932,10.2623682687
21.0067863268,7.12239069604
20.1034015497,6.18624549206
21.1357258904,5.50970578568
21.2518978207,7.25315875774
20.8311545646,7.34927499209
20.7780562003,7.14958534488
20.6409854187,7.48370988694
20.3355354089,6.93987599018
20.9060963999,5.88888809635
21.1309813945,9.25502399324
20.7653701637,9.22567306699
20.5207997935,7.44910362574
20.913621505,9.11469230164
20.8457019198,10.0094201507
21.304002419,6.43249810947
20.4778632309,9.45002957573
20.2327367914,8.7246232159
20.560982871,6.57235747679
20.2977414709,7.9485426716
20.0727138595,8.61757522096
20.3056283735,8.10270152302
20.0879655595,9.08624820387
20.3471297397,7.78308329957
21.0682862718,6.01956342545
20.4072314383,7.69251943106
20.3704665842,9.87012870813
21.1799540987,5.66488349369
20.4283287136,7.9698428452
20.8075097274,8.55437754536
21.0579632405,6.8484073907
20.586235962,6.19231614595
19.9285345538,7.67531479102
20.1809063408,5.64410806962
20.5800555309,5.64815135863
20.0427501721,6.12405586238
20.3717018792,6.07620233196
20.135059919,5.82887892271
20.6843534832,9.21331843748
20.2427074069,10.300166368
20.7038231948,9.11785198147
20.9274648021,8.08205052395
20.5423975878,8.86665022276
21.2592000296,7.69609329589
21.1366413536,7.11837285529
20.9449125188,10.0782098857
20.8620643414,9.80828240307
21.0107572042,7.00741041686
21.24028542,6.33143741908
20.8683147891,5.66031571074
20.734161935,6.7896348226
21.0234135012,9.86284556085
20.9191146609,5.99835818615
20.3033175177,5.7599238407
20.4961503062,8.18229905811
20.6529004798,10.1146072108
20.9373359945,5.60024765637
20.70939672,8.75950112679
20.5176411857,6.99759741346
21.1737219391,7.22775992267
20.3447899213,10.2780293744
20.8874754052,7.29822032721
20.8438141485,5.82462880761
21.3379267969,7.47362852888
20.2491207745,9.50773149675
20.2540819665,6.32101673608
20.5254812472,7.73981678477
21.2087999117,6.1620298749
20.2346804061,5.56538800571
20.7469145445,9.31765303214
20.7490778903,6.88543484506
20.2930974107,8.38784224384
20.2764113722,6.99638387697
20.4792651614,9.0476701393
19.9788161839,8.56309785945
21.1266299205,9.88368436637
20.9281183416,8.16639942339
20.1832434035,10.2162619845
20.5639082626,5.78089872191
21.0001128649,7.20916267933
20.7210695081,6.40484045212
20.2189538056,9.61728598305
20.3963077239,9.31467829715
21.2969093418,7.5843961724
20.5814396968,10.0871983207
20.6788513346,7.75839360215
20.1656641402,7.30945468717
20.3781131822,7.88660396189
20.5888824226,5.51572004139
21.1900367335,7.59897961811
20.8566093485,5.52763321979
20.3405097086,6.26811972251
20.8553088395,6.85214769221
20.8621631424,7.41857396637
21.0115413158,6.00364626352
21.3108882816,7.36623475287
20.7971776011,7.91540721237
21.197340523,6.71821835583
20.2659145997,7.30523675011
20.0520639908,7.83974928432
20.911977814,6.38061481201
20.7315823592,8.39765019803
20.0118962182,8.46187640602
20.103485148,7.37877564961
20.2117766448,7.0659011733
20.8506481352,8.97888786047
20.6749409505,8.83126603085
20.5909973318,9.54471803105
20.9785787991,6.21968919341
20.6741288444,8.93189838647
21.3729043066,6.90929021718
20.4243200117,9.12369226555
21.0503568435,9.15163467571
21.2763639226,5.37610439571
20.6910460051,7.91812904036
20.9129283784,5.77305701921
20.973727125,7.78929742204
20.6407274196,8.39923761012
21.0055668008,5.77248571259
21.074720633,7.60982023087
20.7237266202,5.6574063324
20.201191755,7.49072494768
20.8861525537,9.19554417334
20.4155076916,7.60636551855
19.9639895416,7.4452549736
20.0938965518,8.97290895383
21.1992599019,9.71463069945
20.1356625001,8.29864262338
20.7576520383,6.69262181148
20.1525356144,5.98193514328
20.8593482253,6.30774161024
20.7192971052,8.53694421069
20.7519145687,5.88258337149
21.2199096039,5.71297611775
20.4232359087,5.36729564056
20.7962824111,5.35673664013
20.5400583696,8.47489227383
20.5435276399,8.10496680371
20.7196704825,7.71576200234
20.6534017852,5.91578372507
20.0870735255,10.2283254793
20.5082930566,7.97275943663
20.8380666482,5.91787103667
20.1643942701,6.39220089683
21.2299098277,9.93542176571
20.1903391819,8.92613082662
20.7191331113,5.36349525628
20.1812516304,7.94923719007
20.4008608987,8.24487309018
20.5245647899,9.1313575432
20.5121892677,6.4896293182
20.3058482095,9.94266819466
20.1729120875,7.14912979825
19.9624164576,7.77846558061
20.0446294114,6.93170165709
20.2440926351,5.97366563863
21.2139814877,8.40611036809
21.1015165555,8.90400498596
19.9029035059,7.47525451384
21.3171845634,6.68896333885
20.4066444063,10.2099353237
20.8519368549,8.44658958322
20.4293715716,7.52550624995
19.9207934382,7.31777179838
21.1611917868,9.79021581546
21.0384519352,6.13522725644
20.8229721286,6.39442068704
21.2859769492,10.1166294468
20.0544476841,9.2936425678
20.7754194583,8.15058855164
20.9496582347,6.11667906595
20.012190801,6.84946012704
20.9195791155,9.2994373016
20.5704247282,8.77189141801
20.8405186163,9.73843070789
21.0816211925,6.73095533907
20.0793806533,6.34998757958
20.1051036323,6.48229782813
20.8481179158,9.60090874
20.1923144297,9.8076793438
20.4793581235,8.70416401669
21.0667386202,9.21174446962
20.6845125149,6.74844521147
20.192356673,9.03863846982
20.6633931385,8.17330573598
20.1053271045,8.39374427764
20.9774281496,7.56623847718
21.0499057836,5.55083697064
20.5332650177,8.6159626313
19.9751170367,7.00740677575
20.7296945389,6.98833473405
20.9920870886,8.29698468589
20.7661336994,9.62048366168
19.9477965262,6.58771209593
20.3347972772,7.58883321147
21.1760055396,5.36742926569
20.7842009563,10.2303899985
20.6413233883,5.59500165105
20.3519185238,7.21472577111
21.0374191844,6.59504446948
20.7705696131,8.47166650331
20.0078491591,7.12181187572
20.784264738,7.05830691711
20.6285397295,7.01991350873
20.3055613017,7.12820977967
20.0189034285,7.60956258881
20.7086357439,7.06430389257
21.2095083843,5.46365883947
20.7589470325,8.26720664102
20.9956023063,7.29377231771
20.6245363311,9.13288767734
20.2441115868,10.10804191
20.3202486567,7.05341942023
20.1691941655,9.12716276243
20.3844638204,10.1165566386
20.8332773045,9.06839640479
20.2923809631,5.87645002178
20.5819869808,8.92700882702
20.8014634269,9.51260735294
20.8845640012,7.09449150978
20.4157954996,9.52660179183
21.2317865822,6.83970334382
21.0613521076,8.26636717106
21.1327966194,7.51455049584
21.0637097931,7.40579926303
21.1052840325,6.43206595337
19.9930906924,9.11219738752
20.1622317197,9.72067439979
20.1642998936,6.64355126373
20.326430968,6.58798863298
20.4084782846,5.74466645924
21.1921098755,6.2482047271
20.5736983527,6.26672402134
20.8351837253,7.20281289698
20.9269570996,9.40470832345
20.4321693548,6.42525547525
19.9923953951,9.8780016728
20.3169532665,8.15635209333
20.341883067,5.42720219636
21.0702201467,6.65996524572
19.9710792453,6.92098750764
21.0117613937,10.0169668488
20.7338748784,6.08636111169
20.7889345836,8.69900784509
20.5487067648,7.10546549436
20.4074749795,5.86061728513
20.0831577364,7.02039710431
21.1201744204,5.63052000603
21.1885332596,8.24840135156
20.3662926745,6.19538905154
20.8903682337,9.4717666154
20.6708506884,9.96950965177
20.4712713517,8.94188725958
20.6147561519,7.57281982829
20.8983694027,10.1660761178
20.6146495361,6.0951337308
19.8919814775,8.08591906605
20.1858796531,5.51161368322
21.0934911906,6.52689263061
20.7646754102,8.01150404833
20.6633889528,6.30325366171
20.2818187736,9.85124751195
20.3927484778,8.7228519494
21.1833256064,7.75849895758
20.7393210057,9.03402019965
20.0241291618,6.39362401479
21.2632010777,8.16278236277
20.8788374276,8.35915467633
20.6350679131,7.68853392931
20.1017881674,9.72987226129
20.4965947447,8.28187700858
20.2163631269,8.82697834391
20.7525525713,9.16205168287
20.5853867782,6.92559112234
19.9336679647,9.95320338975
19.9279037085,9.1822996158
20.16897784,5.57533211896
20.1340358991,10.2983068441
20.3595906581,7.40580785505
21.1398254978,8.33043007431
20.3772152136,8.45481178816
20.873019173,8.64661988082
21.2785567657,6.52999345663
20.2765732826,8.97060883637
20.2455167624,9.71652396134
20.2135827664,7.59836736441
20.5601363523,5.59654987725
21.2813327992,7.05204846533
20.0126926392,8.12530038
20.931599185,9.84961446982
20.1196468568,10.1684375563
21.1627436931,8.46500397007
19.9301666446,7.56165637423
20.4585227832,8.04598222151
21.1298722779,6.32489960925
20.2886094222,8.50103093263
20.5284463846,5.48141097621
20.6233483888,10.0209232474
20.7691078219,6.31914883793
20.1150641356,7.21786658923
20.1127754016,8.51407966737
20.984047109,5.37461815935
20.4448227772,9.87944789407
20.9910640128,9.36683555534
20.8513957079,5.73563134596
20.03078642,6.75283192231
20.5860408718,7.92428262823
20.4387007221,6.03935604703
20.2564931894,9.140773515
20.1093463271,9.36984291167
21.0433470818,6.9254423883
21.2090307355,9.84739571768
19.9725094585,7.96138565366
21.1343315265,6.90496486935
20.0922267925,5.61263536365
21.283305843,8.36623939231
19.9760305647,8.67694218416
21.0400301296,8.97681653796
20.7858738652,7.41573802594
20.3806475894,6.51654843205
20.2210767618,8.12565523573
20.8707443177,8.00479362256
21.2688548567,8.24688755287
20.2906330625,6.49551325908
21.0340362881,9.76488453861
20.2047983774,8.34174386516
20.699041302,5.98742746704
21.1129776452,8.02797597878
20.970334491,5.84742578543
20.3214741904,8.69679219545
20.8294520839,7.84380290989
20.1060402111,5.34942505125
21.020087847,7.70052299619
20.8049372304,7.27208324855
20.5821847939,6.33682253241
20.1997559322,7.39590544439
20.3495834476,6.75434094273
20.387341165,8.33870340903
20.2495358882,8.02225268858
20.2552480095,5.38098460212
20.4237832017,5.57793101995
20.8008255587,7.72291969107
20.0467585244,6.00471228109
20.7330916845,6.58265957117
21.0262114923,8.11931161848
20.3580426326,8.90792670774
21.0277341867,8.46788649643
21.0397793354,5.86142841461
20.2031067681,7.24412133988
20.8295899535,7.60948599322
20.4820884112,10.1299655435
20.4374419766,5.47549039584
20.0525990465,8.04229165555
20.0755789489,9.80432974078
20.2240071526,6.94623060341
20.9931691279,6.68521979084
20.1667350471,5.3542588365
20.4675874521,8.53174971062
20.3900228838,10.0161064139
20.193900643,8.23694020503
21.0949109699,6.21194084305
20.1129390766,9.24790110874
20.5172028097,6.05245510395
21.2961325541,6.91257101803
20.6876424347,8.3443959096
21.1385871398,6.61389909768
20.2142227129,8.55194043351
19.9210552672,9.07970939317
20.1317366565,6.74137582965
21.1326171411,5.86022818447
21.1463344099,7.6887754635
21.061169422,5.94648558204
20.40822119,8.14347304056
20.1750782715,6.24866694477
20.3393929895,8.2119719397
20.7551890131,5.56231583775
20.6494060602,9.80434484604
20.2910046976,9.05213112695
20.811340194,6.77380649043
21.2159483761,8.52812526087
20.1262759197,5.70319465221
20.9554899483,8.91575539881
20.2864942261,6.77804565015
20.9832023239,9.20099679778
20.7556984145,7.34599064538
20.6206793079,6.39907306812
20.7741697521,9.71039595258
21.2320941683,7.87713971391
20.8508019274,9.12039453284
20.869850581,6.20250737586
20.1500457024,9.952014801
20.4070123695,9.41418736554
21.1206414969,7.00651026727
20.322971295,9.5047988965
20.7945177903,6.15132393108
21.2149534185,8.08381727763
20.0383366928,5.40419124779
20.7057868642,7.4145329531
20.2725810565,7.51905954547
20.8279134676,9.25388098534
21.0498536781,8.82958636912
20.2050981641,5.71779451782
20.5268580707,7.52086754458
20.476316372,9.23282777607
20.4409934843,7.41504917038
20.3424819487,9.10522051511
20.3590063274,5.9802747904
20.2918560906,7.4052288798
20.0546310686,7.43180541462
20.2628551293,6.68695899418
21.0719646933,7.20869979864
20.6376093699,6.82779743869
20.1899514295,9.43224456655
20.6354585994,5.36298246736
21.067772935,7.05848049351
20.5513589945,9.72183082513
20.4367858396,6.91365549443
20.216686378,10.0197238524
21.1877508922,8.17370937858
20.7471950437,7.63423454427
20.5320437031,5.3885295025
20.190495419,6.49429089624
20.399157616,6.32710694751
21.0567187668,7.79424869787
20.3228513774,6.40127866765
20.8441422334,5.60079833574
21.0205336676,10.2754679238
20.1620894745,6.17258438276
20.944660083,8.42327799926
21.1256472227,6.08912172737
21.1687519359,7.43198150515
20.6886586297,8.27463204118
20.9462298341,6.30498191773
19.954089306,8.3206292911
21.2306533879,8.31406218699
20.0588874794,7.7146362439
21.2002723171,9.27690590711
20.2796969815,6.06997476007
20.5964605199,7.41601347191
20.5895450485,8.01089513109
21.1688265151,5.96973083664
20.8734431995,8.75166463814
20.5067661557,9.35680183357
20.1987608728,6.03905141611
19.9584233145,9.49120488086
20.0317629841,10.1532723215
20.7439784609,7.81774277678
20.906506487,9.65966502043
20.7130585215,10.2941732271
20.6317767369,6.67289834508
20.8843147466,9.06261983887
20.7436024034,8.61115248208
20.0812911807,6.41850377621
20.0274466913,10.2341225091
20.3016763472,9.41928197607
19.9015417946,8.59017663994
19.9951801808,9.38447426993
20.9018151879,10.2593971851
20.6510394761,8.51720850185
20.8258827934,6.63618064977
20.6665106828,6.93285617626
21.1035950118,7.29858328369
20.033147083,9.71795866179
20.7170889887,8.68053040217
20.6731744742,9.9031795715
19.9493680383,5.36115725398
21.0296977631,5.66828296409
20.5483504114,6.75353505213
20.8512446854,8.19218916506
20.3803468673,9.02056512294
20.9908830372,7.9936929163
20.2143801517,9.90813894187
20.4893173881,5.81316438836
20.7998977131,8.22821187519
20.2909395943,10.1875052274
20.1225040571,9.15678406959
20.8072128843,8.38168234079
21.1251409328,5.73564806609
20.5901045414,9.44847540959
20.134654259,6.31334424411
20.8295643733,6.57292689725
20.3136177987,8.56534957752
20.3428825169,9.76725665781
20.1580997746,6.98367544879
21.1299291755,8.70864638395
20.355228641,8.03174394719
21.0871364803,7.74094538301
20.2320178188,6.58058292245
20.997346138,6.501396819
20.4861342066,8.44511099164
20.5188299675,9.50840252026
20.6439258541,8.60882653083
21.1365958509,8.11555007583
20.6504513856,6.57377833003
20.6739304565,10.2174788151
20.9338198068,9.75456329916
19.9894473997,8.22381187468
20.1238577867,6.06566399208
20.3742202423,7.32861016096
21.015746825,9.65489700311
20.6138883379,8.86270250442
21.0864070062,5.42926158493
20.9934319933,8.21964613638
20.2481093445,7.8827194786
20.1778350156,7.71668612206
20.8595189973,5.45235595139
20.6596120833,7.14101471558
21.0381775754,9.29275135832
21.0550899188,8.74313894498
21.211117745,10.0879568417
21.0615023131,8.64212185432
21.1273990171,7.81535362229
20.4108966489,7.01677335114
20.5794672742,8.68180448705
20.3663714989,6.84506602168
20.1958707525,6.11309753637
21.2658615261,10.0337229133
21.0097765589,8.54866833972
21.1067741582,8.19309290512
20.3084038381,10.0795655384
21.1898135732,6.51286507232
20.0021688903,9.02835745773
20.4865950832,5.6566914038
20.2878706894,9.30451264805
20.0443052152,9.18974609586
21.2018284858,10.1789512092
19.9040844729,8.22120418976
20.5648422506,9.27931528705
21.2472493742,6.06470421745
20.376135067,7.1135341023
20.9563975349,9.03181610459
20.728185743,10.1451526476
20.848249387,9.8984810199
19.8985885932,8.74894630259
20.7108627111,8.08475084882
20.5817894905,10.1737325285
20.7273201104,7.51921771396
21.2439925792,6.60778895416
20.2762306978,8.19929221843
21.4383153315,6.88464841749
20.1247817665,6.92526538688
20.6289208597,9.34337291994
20.0417181487,6.53734448885
20.744990958,8.32437654742
21.2920879887,7.80798312366
20.9286272942,7.36982979298
21.1270783265,9.60681083208
19.9907105941,8.91787400987
20.0708198719,8.70712100165
21.0427905203,9.54996373335
20.9810350104,9.11545947205
20.49949432,6.32259420916
20.6901320619,8.46564729771
21.2482094966,7.42536995157
20.6056564066,9.62380617067
20.5866418554,9.02459290943
20.8449215625,6.08827777939
19.9328837774,8.15719310591
20.0897641479,5.90843043074
20.7698022814,6.23103365063
20.8160208197,8.30587264609
20.7541927985,8.86022933455
22.5698181018,7.66062953733
21.5392440629,8.64675069804
22.3153768502,7.43415312549
21.9643500306,8.36719635458
22.5275749753,8.65771572627
21.780230669,6.88130223051
22.677325055,6.46036854564
21.9897490162,7.02575424508
22.2087424349,9.218424847
22.424816938,7.25084602765
22.5400955807,6.88808690791
21.7878900543,6.47012223708
22.1133961686,10.3285336039
22.1123141787,8.56517683563
21.5748999894,7.70159463662
22.5538619322,6.44481187825
22.3812261307,7.5197405591
22.0674714444,6.81652017089
22.3888328131,10.0942298439
21.3694086725,7.86585253199
22.4413642886,9.60541867193
21.4507819693,7.97080692856
22.1720661511,9.54917868072
21.3895497522,6.50812403493
22.2510942642,7.85889579195
22.0825407875,6.04431261294
21.5747949412,5.46087612108
21.8405279819,10.0363308941
21.5513723838,5.97827610459
21.5112965237,10.295818333
21.4202574254,9.84821330957
21.7365202003,8.68651757798
22.4748934993,8.31330004154
21.5211301639,7.61377495933
22.0877229127,9.47931509881
22.3491458742,6.34350398407
21.8443567991,7.90606654315
22.2021214555,7.60426095271
22.0164132999,7.87178116541
21.2966594956,9.11830050955
22.0817773579,5.61566266591
21.7671842794,9.16654014695
21.9453600219,6.54838278258
21.7330569545,8.78536540503
22.1447860325,8.13402546032
21.6015862371,8.95712472015
21.6537503603,9.16661009852
21.4349691205,5.82193847851
21.7598796294,7.8568526335
22.3174850608,5.47493707001
21.9921525721,8.51912698032
21.8427119115,5.85890797839
21.825873578,8.12921004097
21.9621852105,8.12325135793
21.3451841436,6.1212388102
21.7862923591,7.09806704882
21.6910819541,9.54433508075
21.9410649977,9.63681746664
22.3201577214,6.26223965895
22.1766170626,8.27880405279
21.6204618788,7.62356806555
22.0750340993,7.39529561881
22.532530018,9.3208892353
21.8147409643,9.45610279829
21.928597186,7.85541220299
21.7431756898,7.18027608
22.2743571649,7.06241616552
22.2539532984,10.3019888588
21.6133645839,10.2733748437
21.2218122231,8.72310204361
21.7088246539,8.5428372807
22.4631338609,9.23882621913
21.6546200781,5.60996668124
22.0283028286,5.96355735379
21.7826049229,7.54977837332
21.786929943,7.3004235903
22.2774388219,8.45156712694
22.5278931558,10.087049957
22.0532893962,8.12881185049
21.5759655089,9.1463678523
21.5286158529,10.20676388
22.0902282656,9.13576791317
21.5937770881,8.08346994099
21.9947722306,8.93278896903
22.5058027227,8.74368864939
22.0146058584,5.79090154209
21.853791889,5.52911255793
21.4440584914,9.31175777258
22.4956413539,5.47474219075
22.5261238366,7.16104088959
22.0758903014,8.76350314555
22.2439144914,5.3470002396
22.3489923634,7.9317589154
22.1759933245,9.86183071935
22.6203469397,9.66624263623
21.3876448233,5.37801461362
21.6192060354,6.8557463709
22.339920456,8.03688229887
21.613485451,6.25571729909
21.8971177425,6.09449497385
21.6677050734,6.6378132747
22.2503637623,6.89443574293
21.9797554163,7.40601734884
22.4210916565,6.97994683493
22.343322959,6.43348838248
21.8827444257,7.38057525391
22.1516283572,5.97985078897
21.5050030883,8.75521865209
21.5759330394,6.64259149244
21.5110605323,7.50405912528
22.0300111198,8.60303506268
22.026320704,5.34775335233
21.2975701667,9.47620599584
22.2487579303,5.68438692332
22.6009744146,6.61732576769
22.4277459938,6.68923771556
21.6068567923,6.71158162952
22.0975375577,7.83918284889
22.4159944983,7.32604358124
22.174927672,5.61012421286
21.6940001153,7.59743107811
21.6268412263,8.57168328938
22.2057564878,8.06727836028
21.6885980243,6.73753056415
21.4258902426,8.50358847175
22.4117653215,10.1986323879
21.4968364495,10.0646296215
22.3104504581,5.72718619315
22.5334054138,8.18225724484
22.1423273943,6.7230321194
22.237028182,9.41349810829
21.7903153136,5.44362605457
21.5386098778,6.6965647646
22.5337987524,7.36076902636
21.9295965536,6.35109169037
22.2601428543,9.68422486892
21.794060062,8.47767797475
21.3491064346,8.1912850604
21.3229295879,9.62480843691
22.4700078717,10.1294183648
21.8341626156,8.82793068016
21.6389225377,5.69712446714
22.4916950018,9.38954915288
21.510219025,8.04018640239
21.8037728611,8.33957099957
21.9691628985,5.49853468747
22.4630689656,5.79417442514
21.5775584245,9.74436966349
22.3888701106,9.68931300821
22.1175348116,6.41603167668
22.4166555311,7.7700527183
22.1456299991,8.77732972891
22.0613982986,7.30771592278
21.7893491331,9.63806749558
21.6952164718,10.1053080326
21.5644702606,8.91070331487
21.3486112129,10.0546794062
21.5885938219,9.41672080348
22.3374539519,10.15867055
22.0229665637,6.13120449574
22.2531018906,8.64633999473
21.6942828783,6.81716815283
22.5198246483,7.89263519407
21.7941014454,9.73635495392
22.0513060676,9.59304420302
22.6005248189,6.84072955387
22.1911460277,6.3582487691
22.2283022483,6.27649524692
21.6551126382,6.54647843009
22.4849157668,6.24104078462
21.5051255407,5.48634584839
21.4305272289,10.2307606266
22.5621933273,5.42896440435
22.1248816412,5.69306622572
21.8944373611,6.63762254522
21.4561097853,6.37006361858
21.295760518,6.22786396328
22.5907081691,7.28765952609
22.3228140473,7.75170062796
21.3011114317,9.8320308538
21.6575755985,6.05224972234
21.3932060738,9.24399039562
21.6338578575,5.382913007
21.2088825597,9.09425310451
22.2118395779,6.0658392252
21.6269842751,6.16063703066
21.9904576269,10.1134248007
21.5138452615,9.99194965259
22.1749362821,5.82474142819
21.2516055651,8.63415755911
22.4662060517,8.5750007196
22.0218325527,5.57985705891
22.5221001691,8.81110216411
21.763486287,9.90023281589
21.9511256088,7.9627141003
21.8390121861,8.66430947821
22.3678368287,10.2973937737
22.4681571294,6.60986338946
22.5212764466,5.36233348993
21.9362212317,5.71708720655
21.4402235845,6.43882943918
22.0283429049,10.0124428176
22.4538319644,8.49846226217
21.5305140861,7.94951823348
21.5879635244,5.89420440124
21.7950678443,10.1191602972
21.5823667632,6.57117646544
22.5401301576,7.02535440909
21.7662993282,8.29088594968
22.1031084123,5.88974673866
21.3996554113,6.63891419917
21.8835764034,5.69581037984
21.6500438014,6.33769692799
21.437247794,5.95007920353
22.3378498196,9.41698214814
22.0906636057,6.63605847663
22.2413473359,9.60018436159
21.4643214508,7.88125789118
22.3098016323,8.91489561258
21.8151611431,9.3328252862
22.5865913591,8.85920530238
22.3077056783,9.95216371179
21.6878692125,6.451805173
22.4774199267,7.07973156059
21.8275379503,10.2115620169
21.9213289793,9.26610426058
21.2719829213,9.0100433574
22.4381233177,7.17425167899
21.9353639394,7.67264123486
21.6173326155,5.77506310576
22.0205990774,6.22558212739
21.4470585986,6.97951712224
21.5453263253,6.77939342167
22.37158475,5.77968782724
21.8324339284,5.64595807728
21.3052849713,8.57767061038
21.7003646595,9.33727451694
21.4117531809,8.62519651641
21.3490867649,7.70179351368
21.6385604934,9.36511740252
22.4972043546,10.2823149888
22.0078166582,9.42703904164
21.6824535174,5.49682300257
22.2394299721,9.78259064964
22.3126971507,8.79490135317
22.3535703657,8.56273149776
21.9501556193,5.93232791657
22.0210273126,7.49465208097
22.3873124475,8.44855216467
21.4496943041,7.20167382474
22.2759310798,8.31798692297
21.3776707506,7.63850391148
21.9693594208,6.81243213961
22.285920662,9.1980199573
22.3413802523,7.35551787588
22.3945930118,8.76169680815
21.8802692627,8.4620364088
21.8813143015,5.93679738527
21.6195117815,9.27747130202
21.5317832238,8.53059423307
21.7232603074,5.98673348208
22.0150875093,6.43828358743
22.1659168352,8.01502081047
21.6476520488,5.95841054429
21.9917512874,6.61112287397
21.5601969661,9.34950001274
21.4515363321,6.14643439894
22.1047786924,8.83098253107
21.7884320606,6.95088601291
22.4261426066,6.17799682508
21.3287402033,5.46476412143
22.2063027369,8.14041487471
22.0250086673,6.5417243879
21.6753651864,9.87674789287
21.8728491029,6.79251061695
21.7250620749,5.8861595997
21.8429848325,6.15852075134
21.3807648525,9.43134463626
22.3305401582,6.83962624167
22.4188818344,5.39237508118
22.528542867,9.05170432638
22.3438539807,8.37442165707
21.8019069445,8.9856890757
21.3746513817,7.16802860238
21.8880821027,10.1004761467
22.5112459398,8.49545687597
21.9483845886,5.84064870489
22.0097365158,5.8910847077
21.6747416484,7.27454699113
21.3253582512,5.59547238568
22.3636567447,7.0777723741
21.2102913952,9.19217034266
21.5968997952,6.93910401456
21.797772562,5.3572206084
22.3378806514,6.14351499612
21.7814171441,7.7609406125
22.6029394752,8.39735250579
22.1620794057,6.81461629591
22.2080495537,7.23251372864
22.315019452,5.95002134762
22.3922247846,6.60529436677
21.6887851549,8.97645166338
21.5315838503,7.79606871608
21.4857537053,5.65772844638
21.2213954329,5.8019377329
21.7643434624,8.19969825144
22.4036536972,6.85038765513
21.3165313559,9.21232927798
21.6539153708,8.0263837396
21.9945831111,6.70241307933
21.8917735254,5.77072344458
22.1450902714,7.50781388941
21.4343248506,8.11796309583
22.3068927314,9.02162250891
21.9577623066,8.64418183374
21.7795923805,7.40521350956
21.5211518964,9.12192206804
21.4814625918,9.70073235739
22.3813840886,9.19744801185
22.2147486353,6.6982552766
22.4225539802,9.32135004701
22.3710464661,6.76949588088
21.4049901559,5.61773500184
21.9967604475,6.90989415296
22.162758167,7.83569456432
22.0312393241,6.32124117258
22.6075878877,8.92872902286
21.8122429681,8.75227676219
21.4220945883,10.0752109493
21.8944632928,10.2591690012
22.4158778809,8.98024674264
22.1081470544,9.04260399765
22.2371153645,9.06250930221
21.3486982098,9.05723936369
21.959622732,5.76547150609
22.5961078727,6.28147235921
21.5561476248,6.30612188667
22.1169032492,10.1230342405
22.070876482,10.0762284059
21.7591833083,5.58374968765
21.9300614445,5.61567593276
21.7784122925,6.78557156291
21.6627125488,10.0402677392
21.5412456115,6.97284669369
21.5578853699,6.4096854327
22.2277395131,6.46490069333
22.564352043,9.43809711117
21.5439528423,9.48628932889
21.4045219802,8.40507905995
22.1808068173,8.38456764273
22.4327064937,7.85064515781
21.3905272091,8.75363782513
21.9402786134,9.8294073384
22.2695439721,9.88561945939
21.3323436396,5.90295334169
22.2712413116,5.57462605762
21.7050512097,6.11450695147
22.349805257,7.84456216977
22.3533045161,9.819549848
21.9189943988,8.81866883661
21.5611901393,8.3373525778
21.8108271341,7.02418666657
21.7219727669,7.35062215723
22.2824676271,6.34942513416
22.4538241941,7.3924751149
21.3573003807,8.30598393723
22.5380176664,9.83386615849
21.9849523707,10.2508472221
22.4703802586,6.89262487406
22.520779971,6.95731113507
22.5366386271,9.62792120149
21.8437425087,9.07472108899
21.7195685613,7.95148845099
21.8642321478,9.69804800682
22.0659060458,10.188287759
21.9241344983,6.47776721129
21.8350796913,6.3389050296
21.3667975034,5.53944623374
21.842316899,6.96622672386
21.4885159718,6.63192123466
21.9920149992,7.24676335066
22.2004928757,8.85743156652
22.2675966068,6.77710005629
21.663016077,8.65489090256
21.7826859798,9.55553884027
21.8861515287,7.27986805391
21.5207176863,5.75017480342
21.7951876824,8.55671592093
21.7146107741,7.46616724453
22.595406035,9.54858809234
22.524743932,6.67137025537
21.560312327,9.67913027467
22.4442322662,8.04102264275
21.927697722,9.01729011448
22.1355818947,8.68596473732
22.2329356213,9.14868706973
22.5176807527,5.98588011448
21.9109875077,10.1816640448
21.9014050579,7.01196604837
22.0765701768,8.43478685371
22.5112017331,5.70959003602
21.3831560598,6.36304507308
21.2932336638,7.89798578834
21.6588874265,8.48633562469
22.4884042626,7.58575022995
22.4373407962,5.66618056082
22.6155151307,6.52911828854
22.5646242795,8.55559507128
21.5254640277,9.29303211942
22.5989489669,7.57518026855
21.5245238047,7.34634677208
21.7434304317,10.009644309
21.1303914501,9.36207498586
22.6087158187,7.2025014273
22.2007390416,9.93995980512
22.443633234,6.51153137478
22.1814629699,7.78549997449
21.967444039,8.74213314026
21.5508706031,8.17691429803
22.4551656122,8.17905489263
22.6494272306,6.89477269145
21.2490655179,5.63160991476
21.7187426645,5.416747146
22.4759087609,8.11916456716
21.7268299784,5.35653752513
21.5582691556,5.82665563067
21.9820697253,8.06217971145
21.8889429904,8.06680911424
21.3728631449,10.1421238839
22.4306127814,8.656341766
21.8652199383,5.35316578638
21.4570452631,7.10123067271
22.110268124,7.62706867537
21.3954674221,9.13684075645
21.6510363908,8.3942256669
22.0980702366,5.7779144164
21.2996716404,8.74667279959
21.990694355,8.23793534972
21.5352195584,10.1291570386
21.6023798681,7.34337626687
22.0087428607,7.34372988045
22.0490313516,7.58520094895
21.5366401984,6.14058231512
21.6956406318,6.93991004066
22.4918111771,8.41253308959
21.3119298291,8.67507857006
21.5044392187,9.85986943161
22.2338903779,7.76708972647
22.4846845636,5.58435880216
21.4202642847,6.26372703342
21.2700421491,5.96901270931
22.0234237571,5.69428268505
22.2494018029,8.21228111382
22.6108173836,9.10146464501
21.3047451347,10.2157130961
22.0076229976,9.09267452918
21.6153265899,9.48447280785
21.3631390231,8.86861896849
22.4281815948,5.72382381912
22.3846921054,8.13668383056
21.8095689611,9.13380051733
21.2695246963,8.81945031086
22.666982601,6.64632971456
21.497129232,9.77649543678
22.5580475185,8.46626812215
22.3119971715,5.36575028103
21.4507219436,8.23292678116
21.726302814,6.36988376205
21.9617406999,6.0402685155
22.3302879834,7.25481652421
22.3733092147,9.07252796651
22.0967113605,6.90902151559
21.5859741775,9.84846592877
21.8598034829,9.5608482432
22.5103368424,9.92192595663
22.4199411652,6.3120145117
22.4709371129,10.0244266175
21.3258325701,6.31898263667
21.9496255943,5.37963911187
21.8603695063,6.05344965035
21.8298812778,9.20314720876
21.9326316578,7.45385153812
21.4796275473,9.92730745712
21.8569931687,7.08309891923
21.4317975656,8.03279531052
22.1637568685,7.40814045549
21.206961196,8.90946886196
22.5166264929,9.24993628331
21.7138837634,7.53318237448
22.4273404001,8.84919533319
21.5229374978,7.16680503562
22.0101063193,8.83692333947
22.3303132667,8.20150094204
22.5177275715,6.33560707085
21.3342258811,5.69274800079
22.1022334921,7.22940074812
21.6256305367,6.77702782109
22.2148161895,10.1833185218
21.7445721695,7.01526485859
22.2471020632,9.32948940577
22.5303997378,8.95231607732
21.9355355608,9.75025119462
21.8500599879,9.82662086395
22.3318282884,10.0296588019
22.3963601924,7.60729399088
21.3799416708,7.56175404006
21.4268181463,6.57758502888
22.3909226372,7.40169401687
21.5981396883,6.49945616702
21.7807284729,6.38758982583
22.1674926952,7.11909733585
21.8608166494,7.81301409122
21.6893711194,7.80598829852
22.1438644513,7.93018789216
21.9135372738,9.14410249628
22.4030765181,6.23545283247
21.8591308205,9.94360197747
22.3639201099,5.67813820581
22.15755588,10.2742813899
22.3352835831,5.87346464117
22.1583215983,5.40171937074
22.108769713,6.34783099227
21.43295756,9.61679005189
21.5848853044,10.0337348331
22.5001827408,7.68542754753
21.5081967211,5.38560575807
22.6056142803,9.01109485405
21.7348127313,8.3545699692
21.8813696532,7.73934143073
21.8071978802,5.96288838774
22.0246371178,9.00378515808
22.4512281349,9.48009272735
21.8778704516,5.43964830309
22.162260938,8.47924837754
21.8377912258,10.2808820748
21.2731380088,5.53877287536
21.6410930673,8.86978815281
22.0805889292,5.34934588268
21.850408961,7.48261304258
21.7016318382,9.7038511341
22.2687846339,9.25972503382
21.8794230846,6.89003717096
22.0777144452,10.2718363974
21.3454739301,6.01703396707
22.2560108065,10.0141137065
22.1855562102,5.74800505828
21.818372048,7.99964284296
21.3111363931,8.4611695842
22.4916956382,6.15628421248
22.5086051197,9.55171271832
22.1496585061,9.37305144729
22.545227275,6.54977427277
21.2306744819,10.2776417955
22.1856251325,10.0729716391
22.4412003228,6.07240389462
21.7495937111,8.89147304897
21.6597365451,8.15734374281
21.6764671651,9.43224672121
21.8562306452,7.67566381774
22.1218583563,9.77691704458
22.1834689955,9.45944526244
21.4197306552,6.06080205158
21.2304477376,9.3384483143
21.7461451393,9.39299729876
22.416905482,5.50572684663
21.2763191336,9.40428245283
22.020175883,9.80899400404
21.5628363535,7.42209910422
21.9301584422,10.0207573888
21.6177369873,8.74710802504
21.6493870561,9.95943379127
22.5081105815,7.25397073923
21.5017227147,8.42504858538
21.357701145,7.96418803694
22.447624344,9.0796091274
21.7355223468,9.08372306613
22.0842635125,9.88708803182
22.2311622174,7.44456989541
22.5150438708,7.77487561542
22.1041576126,7.73551158103
22.4165831205,5.85553435457
21.8526950369,6.72362832726
22.494461748,6.77938624889
22.0486135695,7.13806726229
22.5167909395,8.87413150549
22.5691568729,6.19361227508
21.7711858611,10.312112311
22.4431229559,8.72822134424
21.3886082636,7.3422700868
22.3378608394,6.02940254522
22.247599175,7.34891177719
21.5254703858,7.03777647503
21.33288379,9.32098689762
21.8610739759,6.42538975455
21.8826484433,5.99649255306
21.6456078128,9.7784368803
22.1490894963,9.17333197241
22.4122017737,8.36245443248
21.3618348912,9.53381445477
22.2508616561,7.98159804826
21.6752192656,7.7039429878
22.3310052975,9.61997562644
21.543126512,7.1028485533
21.8228221737,5.72747826512
21.5716343038,9.20092518935
21.2335716281,9.55177825839
22.2524442618,5.40780821298
21.6464097361,9.63323805809
22.0452857343,5.41792189813
21.4501761567,7.41098154406
21.9042231832,8.1679708577
22.3936307022,9.93081431643
21.4357178405,5.51364904133
21.7314840043,5.69224218414
22.2284476378,5.90852130547
22.1240822908,6.14052726117
22.5310125737,10.1480117835
21.4978017798,5.57892197768
21.7059682877,7.07635386722
21.9362192225,6.14299987993
21.6146055518,10.16308609
21.8924036444,8.56788828432
22.2097184636,6.59791482419
22.444564468,7.94202709133
21.7632259903,6.32610260027
22.2032679356,8.97889426689
21.8243494816,6.25606632664
21.9163724708,6.73489659514
22.0323323623,9.33411427611
21.520453384,6.89143401858
22.3247064347,9.29096780811
21.8630170194,8.36785007795
22.5098269695,9.16021677177
22.1105375753,9.24479879395
21.8863481116,8.75533724919
21.4525759426,7.29653390289
22.1310412266,8.06923189961
22.3099428089,7.62980234042
21.2574795925,9.26520004006
21.2729202048,5.74350839807
21.6182755311,7.77359741837
21.774926588,6.06574203693
22.3016237085,9.11826149555
21.4915025817,6.04695792648
21.7743157213,7.64769503385
22.4955661458,10.1897574679
22.2175126353,8.7496499665
21.4901557714,6.32238049656
21.8360825605,7.14538572936
22.0259064022,6.97035863859
21.9064290298,8.90603447621
21.5367792925,8.84519963407
21.5109301331,8.97103214663
22.0962477452,5.51645437585
22.0895728271,7.02684962593
21.4612780852,8.33538527916
21.9413350339,6.94834999614
22.2894840516,10.0984725805
21.8717148861,7.59066478048
22.2772845798,7.14597981695
21.492161586,9.40584785196
22.0383520126,9.7031701192
22.1610922323,8.199416331
21.6014499134,7.9783071224
21.4418853917,7.57136768367
22.4799327851,9.73321464385
22.1524798028,9.65926054034
21.6216692608,7.51945965277
21.5638394847,9.940635617
22.4200999054,7.68543074776
22.3524047077,8.69546087113
21.5860246989,8.45795246997
21.7447214594,8.07571560061
21.4580697754,6.81656390789
21.8243166437,8.90520587643
22.0936891839,8.22868222926
22.3122286673,10.2230710196
21.7776214691,6.67079063623
21.6399701793,5.84930572166
21.4633385087,9.06295528512
21.5553861974,7.2574469002
22.0945928543,8.92827708769
22.2583788846,9.50249639713
21.1437488297,8.80065782318
22.3590753612,7.16228045185
21.7197043735,10.2134003286
21.8274000636,7.21865680101
21.4581492004,8.88744122048
22.0728122046,6.74198177146
22.1681420648,7.67310465063
22.1404658346,7.3194889229
21.2949955103,8.91891844338
21.4382035712,5.4468459811
21.7275126895,8.61038549783
21.9415177321,7.10560172609
21.5126363218,5.88081213863
22.2693864191,7.52486257971
21.902041111,7.19181591271
21.7348609126,9.24566168291
22.5882330156,7.47490641199
22.2323519032,7.69680290776
21.7524875345,6.15263549972
22.0798793517,8.32299520606
22.2680567342,5.99216216811
21.61843,9.6912689785
21.5625070022,5.65669651928
21.4300049701,7.50879441398
21.793549328,8.40994571813
22.5744491808,5.54727640062
21.6173809284,7.02856296551
22.3664459683,5.57572304366
21.8553379536,6.5296688797
21.9632526267,9.51226425964
22.0159194917,9.19552251227
22.3513124409,6.90874770273
21.7669091616,5.78932538886
21.3765900862,8.0479113526
21.8659004805,8.26961921423
21.9279067967,7.52132943272
21.5000319759,6.51813536605
21.6638030269,8.27586682484
22.6600340173,5.9123878759
22.453373074,9.83891322533
21.451550942,7.71114906113
21.5981371247,9.05728148918
22.1203139999,6.51578148757
21.5095570465,9.65295089935
22.3519543194,9.52687054656
21.3552054037,10.2926541585
22.0270343323,7.65812894961
22.4113570287,5.94876780555
22.2203032584,8.5389418609
21.5855921886,5.54033574878
21.7317017497,8.45864244564
21.5667357419,6.07408742939
22.0369390203,8.69546784041
21.9207339192,9.39319307278
22.2048061971,7.00603552011
21.3967793702,9.73015742645
22.2085754404,5.50563206362
22.2683519811,5.79720538999
21.7486890129,6.55755997142
21.9844365194,7.76870261065
22.5566503837,6.0895344478
22.3151442913,6.54692826704
22.1295272795,6.25598765345
22.5961507423,5.72679193092
22.3815815499,8.27196706225
22.1227432709,9.98099151934
22.3260049691,9.73146875267
21.4823450428,9.20863055419
22.3111096684,6.98938380483
21.6250071975,7.15320113977
22.3109304991,6.667848442
21.5264763563,6.21908849247
21.4342510706,6.72282506924
21.4220660998,7.80333281187
22.1805852075,9.29022224519
22.4465046665,6.4010005524
22.6272325075,9.35149275747
22.1765310977,9.10873506728
21.5310309257,8.26098921263
22.4797624096,7.4698027857
21.9219653472,6.24164081354
21.3545056286,9.94871765504
22.2814298596,8.11470084622
22.3055426677,5.63747922023
21.6943748008,5.77300716726
22.0602145499,8.01316449508
21.3264745011,5.79931789042
21.2870659562,9.71987841303
21.9711508194,7.58944818374
21.5643502294,9.58427622299
22.6839150333,6.5715191768
21.39211283,8.97966329804
22.0567916882,7.93198011879
21.9737888413,9.91461420188
21.4439756593,10.0025268733
21.7303467676,9.80477587614
22.5931412126,9.75972563944
22.2270879777,6.18515739152
21.3645162652,7.76017970764
22.5389842976,5.86840192299
21.4564295591,9.51043610934
21.946396999,7.32773586493
21.7214058543,6.24267994432
22.4671741424,8.23708198027
21.6659231986,7.39844079627
21.613588986,7.88331181093
21.4617153833,10.1383480954
21.4325888504,5.70704514841
23.4736095883,9.46191838663
23.4318404212,6.71655965677
22.9564953389,10.271763671
23.0014355261,9.19392708873
22.8165737742,9.8351406696
23.5942906588,5.77475108905
23.2465784067,5.60558217685
22.9925678855,9.57485444705
22.6577052765,7.64057977305
22.7105694961,7.7936204855
23.3421482795,6.30635439436
23.2012654283,7.11387736128
22.9676478919,9.32314940121
23.901287701,6.16218861878
22.6061580619,8.13535455044
22.7580500827,6.7464545917
23.4028462816,8.20064007091
22.7049602879,7.99282973109
23.6908892056,5.73796957264
23.8268758117,9.55024956628
23.8192074459,5.38471007266
23.3767943395,9.95560811998
23.7673222736,7.32748825907
22.9608194187,6.58794756306
22.9784041428,5.81306732124
23.5537135713,7.99783917134
23.7727933197,6.18183703174
22.734564425,8.62498144853
22.7380269244,6.91725370035
23.345023161,6.13493973629
23.4960437693,7.51427285924
23.255604602,6.03103852532
23.2308305448,9.99730900849
23.6485948699,10.2098732416
23.0691399484,5.37286574992
23.288022779,5.93892453306
22.6657250476,5.71429158759
23.7398115508,7.5067822318
23.248703831,8.52502383127
22.6146055897,7.84448961445
22.9557112586,8.22878148967
23.8555118978,7.72635725232
23.6649742134,7.07333684056
22.8733360016,9.06237364763
23.5388027321,5.35606878593
22.9410891691,5.99961314678
23.3602103873,8.02507623771
22.5951942927,10.2874549617
23.0093712285,8.05148577002
23.5584157302,7.20842631367
23.7523611547,8.27429629476
22.859978055,9.60061082778
23.7379143286,10.1859141101
22.6048376624,6.73816171864
23.690128529,10.3392056725
23.7300772429,9.07343106819
22.8576813553,5.92308938983
23.1838423456,5.38207834231
23.9032438259,5.93469847604
23.6545920226,10.1306545217
22.9321955572,7.1609689869
22.8079786971,9.22557494816
23.244421084,9.7009120076
23.5126777053,7.10212310956
23.7506538535,6.56816994275
23.7541467464,5.53660682262
23.7433054708,8.01693439708
23.8429562721,9.19466915625
23.1773831678,7.02093720226
23.0442377421,6.51546651887
23.5765923965,10.1334188743
23.3297092418,9.34082826477
23.4930628529,9.28366616873
23.637760255,5.69357255314
23.0652590128,6.59181016533
23.8347707447,8.46743202839
22.5959136689,7.09850711971
22.9109765746,6.41590210168
23.7657603989,8.49638887945
23.6409611267,9.48671777619
23.7555080024,8.39038091932
23.1135078856,5.46246872545
23.3450702127,6.75283219763
23.797491237,6.9885292138
23.7512982482,9.83061102534
23.0677333289,6.84115396222
23.195224374,5.8389777938
23.2057085055,7.85923545794
23.7876330616,10.2696108278
22.964873695,10.1145951949
23.0742727774,7.62369183393
23.706213401,7.2868030742
22.6939996389,8.35684609482
22.8907884933,6.7621882627
23.4479919541,9.19069000843
23.283894441,8.61816542206
22.8268720982,5.8091428955
23.8039290618,9.42264866894
23.747284847,10.0680413622
22.7673845498,8.29253470838
22.7333545771,8.1040849971
23.5814542651,8.63950466431
23.5618008221,9.54212934986
22.8521004684,8.47830011531
23.2822058214,5.3612831352
23.3098260174,6.50344834969
23.4417994923,8.80162516903
22.6146968904,8.48645319207
22.6398743813,10.0554839807
23.4240337077,10.1912399215
23.5944929034,10.0807840238
22.6542968826,8.96201416961
23.4923557314,7.61545091785
22.6276506309,6.36481362393
22.6249861704,6.98336680848
23.5219979325,7.43580023552
23.5663158317,8.48411527164
23.3173613692,7.69201837677
23.5348465779,7.74238362091
23.2269380215,9.83961243879
22.7441929086,5.74373493194
22.726483078,5.66207470447
23.8226019494,8.07414352433
23.4123948981,9.11209722623
22.9334809793,7.82625824605
23.7560158329,5.75005537433
23.2758813145,6.34186339027
22.6037785062,8.7512764025
23.708184027,10.2745675814
23.2665973722,8.10799088478
22.8992867602,8.02498114497
23.2018835798,9.91717028919
22.6366369011,5.48322766137
23.5013760659,5.7606114319
23.6617171348,6.8453513708
23.6944901696,7.57551523684
23.5247498315,5.51589938229
23.4609495304,6.27805086869
23.8334817113,8.23962516531
22.8770999038,8.78516964757
23.8181001159,6.38164260754
23.6991891928,8.56108326014
23.7467361131,7.92156950529
23.1359114383,9.29193772806
22.7804028396,7.29746997171
23.1629171828,7.67448901622
22.7878334796,7.37242739133
23.8790986148,8.54935137133
22.9153842578,9.65662383697
23.5084376213,6.43650215322
23.6267112866,5.37714262691
23.6394252427,5.49680784581
23.1916015917,8.634706628
22.7544836815,10.1415315524
23.0922166004,8.07526297971
23.2604619106,6.24698795348
23.0298374058,7.17772038749
23.8815177376,6.47791635772
22.5820628634,10.2009968029
23.6061799167,9.00732436761
23.3655929537,7.3745814719
23.6920936027,5.84120387272
23.897193303,5.45301248571
23.6151326937,7.49624918031
22.8096392532,8.69506296285
23.6936885586,8.93979549359
23.8235156223,6.69911245144
24.0395086995,5.38618467221
22.7411574173,6.36458244738
23.7084495393,6.45297806899
22.7511657898,6.65378894167
23.8064569929,9.33791296324
23.4217184845,5.64912696704
23.5472100366,5.66722505904
23.5905235706,8.92674551808
23.8303352677,8.32150342196
22.6940998395,6.80799264157
23.8560372146,8.39748777337
22.9305853202,6.69121977225
23.825784148,9.88438126607
23.5020790241,6.35847411081
23.334687192,5.55607463031
23.7785534649,8.75840169903
23.2154143951,7.77180982687
23.1710273485,6.19217572003
23.6483424454,5.61233939391
23.2358780207,7.69790818289
23.1794615531,9.19284142024
23.56596894,8.32311916643
23.0135670048,9.00541471881
22.7490417442,5.50077769798
23.3611596871,6.22676077381
23.3653401502,9.04246875635
23.6151982124,6.06877284062
23.3924708004,7.76157235907
22.8656846383,6.16803944168
23.6424778337,7.75398070329
23.3998789815,6.47589852283
23.822517782,7.46739601013
23.3610561769,9.54911417446
22.7472368865,9.73016457222
23.2018960952,8.7495692426
22.9586017843,9.79024059485
23.6967518912,9.95004694063
23.8165049341,7.56437888946
22.9643645654,8.75054219757
22.7317442873,10.0612717922
23.1582087436,9.39441173632
23.9525335944,8.38212674169
23.9287276954,5.36877174217
23.6494657693,10.0493968085
23.3972830889,10.0361627361
22.7190762646,7.36548129347
22.9830533144,8.34745851231
22.6045985848,5.36380419198
23.0249463717,8.80573255416
23.2992058348,10.3568213938
23.6657446588,9.01715756556
23.6337825355,9.26754733335
23.8112584032,5.97146833514
23.0742501981,6.17941302736
23.6006149488,8.40267866585
22.7660250507,7.45151196606
23.7513798642,8.13939288938
22.9167626569,8.1230324836
23.0910022852,9.5495233855
23.5988606457,5.86935153196
23.7287716433,6.36453304915
23.4518742774,9.25375058942
23.5975806268,6.78953705122
23.6504839138,8.08569534639
23.2246330057,6.63839379325
23.5028064867,10.1326626822
23.5744756895,7.66940518611
23.3000828821,10.2850625073
23.0494078109,9.29917640314
23.2832907488,7.02417603754
23.030621443,6.98105005808
23.0033171806,5.54892794889
23.0329247902,5.74987471275
22.8464718392,9.95734868286
23.4452983845,5.52087120839
23.0550037741,10.0258248327
23.3677722255,8.86070620347
22.9116885557,8.69090606982
23.8574416257,6.54350957551
23.2240771713,6.74745684747
23.2672689697,9.06595664812
22.9113401012,8.50729374788
22.6959363509,8.82484555118
23.3208648974,10.2051486451
23.6380920026,5.94936170734
22.6700988342,8.14138353954
22.777429142,7.11062622092
22.6743657913,9.77530202683
23.5673675578,8.82664238578
22.7542292449,7.53842432674
22.9664167705,7.07250082354
23.6506141437,7.22901938443
23.7782309356,6.84031020565
22.8740021607,7.11531752933
23.6639032008,7.15775470869
22.6786632629,6.30059695912
23.6247782188,10.2964641028
23.7957866088,9.26750839578
23.5850973434,8.71121984232
22.6394738119,6.02314466084
23.7238787033,9.30796350441
23.7622481005,7.13276153797
23.55116203,6.5860282327
23.3013773401,5.69017378801
22.9368157293,6.96225679704
22.9665644246,5.36991703599
23.0509511354,6.09380282576
23.6617619691,6.36827810632
23.3912798647,10.3006199808
23.0634277276,8.28493432506
23.2704373993,6.81979883931
22.9565508976,8.5951194575
23.6429588037,8.85489056039
22.7338636594,7.90514870731
23.2708309825,8.3159345176
23.7976410538,7.24852208771
22.8511423578,10.2830873197
22.8936488456,7.31211404422
23.7877250482,8.92858466037
22.8199408022,6.07725514609
23.6676658006,8.19757557215
23.8487909243,6.22624544925
23.8364523385,7.33569369747
22.8676407827,7.39594022259
22.8506107448,6.34102645199
23.0968127499,10.3391110899
23.2312312429,7.21573262936
22.7845083242,9.98938469026
23.7198941558,5.36035003985
23.4889588404,6.99171269605
23.453702813,5.38240485436
22.795674961,8.85240110495
23.5645900044,8.17263440584
22.9792636445,7.3522399451
22.6359711136,6.13896738354
23.6220537461,9.07743039319
23.9239580607,8.05804912032
23.6652159214,6.9902529422
23.817220549,7.84069451032
23.2422033755,7.94082588021
23.3541724203,9.43665245258
23.6035027735,7.85480529482
23.1143457476,5.71574163929
23.1206173893,9.71224436223
23.8204541319,9.97014724428
22.6005494143,5.63601004802
22.6239611006,8.20924102942
22.8730264027,9.50804494933
23.1302761434,7.1765668101
23.3863511048,6.55125915479
22.993766216,7.56792374927
22.9552478231,7.47626846158
22.813892274,7.81538971748
23.0241010101,8.91515175482
22.9529587966,8.82288403527
23.2476671989,8.86971340401
23.7499065487,7.58568876227
23.7958558042,6.92863977461
23.4083809098,8.04629249191
22.8564155477,7.92206319098
23.0502821001,9.81598735557
23.220090893,8.40990709896
22.692695086,6.72215956978
23.8894819181,6.70490690326
23.2650564872,9.17712343445
22.8127922523,6.45701461413
23.4897086708,8.47080602697
23.5222980173,6.07875381452
22.6298236468,9.87741815967
22.9163285286,9.39749093734
22.8750123159,6.54029952474
22.8015229414,9.39658999074
22.7185348056,9.83235839582
23.5072163174,8.58016072484
22.8202266506,9.66864715692
22.6792543677,9.71413067851
22.6750262759,6.08976480624
23.1460220416,8.21529004333
23.5033268696,7.34525466929
22.7983579574,6.56823637582
22.8487227537,6.92390997217
22.7797022603,8.39137465685
23.1469717535,6.70429736341
23.5404229231,5.44019646051
23.7020123623,6.28038311443
23.5116760185,7.91603178038
23.4296468018,6.62555291618
23.5389438587,9.22693952769
23.1566375391,5.99041785338
23.4177709333,8.64801403868
23.12932809,8.84160709634
22.9624062327,6.10432763803
23.1109443221,7.71880047015
22.8750430981,7.71417854768
23.4938153801,9.69520722304
23.5760043759,9.75331497091
23.7780305335,6.65710443826
22.6766093791,8.2727816595
23.0088839262,5.61278192501
23.5685899405,7.78608861918
23.2372533594,9.29416443662
23.2742991703,6.70238363715
22.837177822,6.70775114597
23.6310996936,7.5956652989
22.7967967478,5.60019491998
22.7699640094,7.74427411081
23.5803217126,6.38765912422
23.2479582094,6.14090849255
23.5126621107,8.93826122366
23.2999267972,9.92491894575
23.2920891768,9.85054862753
23.1051265041,6.91579606452
23.3467154626,6.40039009201
22.6468188188,8.05430447763
22.9679669557,7.65124054251
22.695139431,8.45583778016
23.3512286199,9.15188461273
23.4145569711,6.92911740264
23.2454941188,6.42051978365
22.9130321368,9.25854527416
22.9163360909,5.84218266892
23.6901305056,7.66159577269
23.2101047952,10.2987905012
22.6613285211,6.21949893195
23.147317771,6.08945389613
23.2939729623,8.21119405722
23.2125253418,8.24097632701
23.2589436628,10.0810735499
23.75775943,9.60652508134
23.8636440676,9.5997822359
22.7278707518,8.1976237591
23.4900379901,7.80980590459
23.5454040965,8.07593716692
23.7300196484,5.44070302753
22.6527609083,8.89396132559
22.8269699828,5.69968230944
23.7198585214,6.9299450411
23.3176008671,5.41830170388
23.5310416544,9.00761566575
23.7204640036,8.74754560813
23.3084897252,10.0186963678
23.7300606532,6.00690204721
23.212887213,5.93684565609
23.4089184616,7.85309287253
23.879019501,5.65932531425
23.1523102753,9.83718308525
22.7512245747,6.00569243345
23.3439685286,10.1057964484
23.0477715239,7.85839124047
23.324817268,6.6166284033
23.1911796228,8.97129337456
22.862155679,6.62236565629
23.0628623255,8.61024497782
22.7014117433,9.2821394064
23.1516867332,9.97817709064
23.3100628775,8.96440312159
23.18245787,6.33666409073
23.1357839367,8.12961775264
23.8049128541,6.48523942212
23.3521987444,5.98474746
23.1610663457,7.92998010124
23.1497728607,7.46749372546
23.5544828245,9.34041476858
22.9041878267,8.89048145859
23.5871166342,9.87736274354
23.2435174164,7.63866178339
23.4414565478,6.17421705889
22.9244015279,5.44129993688
22.8068955256,9.02856175434
22.8852573236,9.89867461936
23.1192429526,6.26140111349
23.0601138322,7.52028349631
23.2142722424,5.50918250376
23.3716306488,8.29446689283
23.6682924983,8.32297307314
23.5607163133,7.57901461694
23.6270282755,9.62521941587
23.0412593101,6.26202079965
23.4267870604,7.28876707102
23.0961888947,5.56996587369
23.5448990965,6.93832676307
23.4982957078,5.58532689592
23.7007095931,7.83955223932
23.7122371247,6.09821927746
22.7126527658,9.36284551715
22.6564684268,8.5449616579
23.321516044,6.92423889351
23.2664922278,9.393456609
23.0578006226,9.46181592159
23.42972098,7.18666529507
23.0913868241,8.71872725005
22.7458562627,8.76094399488
22.6317027852,8.32206773259
23.3993075064,7.65022439204
23.1311729009,7.86931523973
23.5174332049,9.11736792004
23.8608396519,6.63495687705
22.9914931073,8.14019604081
22.7211006989,9.54634471349
22.6631444103,9.98263250029
23.2393622268,7.33713220435
22.6807890925,7.27817227343
23.4302418295,8.96687662008
23.1859727652,9.06146746584
23.3580780008,6.84902008844
22.675048555,7.14267917659
23.8262657507,6.06908591196
23.5695094541,9.43865727923
22.7395116558,7.64003311042
23.0815238672,10.1381350982
23.4844870325,9.9615252676
23.1675649483,8.03013558633
22.6017721848,9.24104356895
22.6179172949,7.95255952822
22.5703949014,10.0108280594
23.398067236,5.77388792753
23.1630947513,6.81808478956
23.7846291432,9.72740215649
23.7986747593,9.02956690727
23.0147621031,10.2202938701
23.4395146038,6.39972666378
23.5113151429,8.39321518975
23.3188963628,7.87034596703
23.6449966554,8.76955417973
23.5027773793,5.86436631784
23.1455714615,9.49789658104
23.1135206939,10.2349325199
23.8877122243,7.51647688941
23.2565449669,6.56842631785
23.8756672039,7.40728482007
23.8425866293,9.7678376933
23.0521361239,7.4315833895
23.5273076389,5.98569147873
22.7971818041,8.77635032858
22.9656810706,6.31345186837
23.3646702643,9.2443728187
22.7026247804,9.16891383735
23.5407795026,6.77995265258
23.6181219234,9.16977608512
22.7251391388,9.64727677567
22.9943177838,8.68544661947
23.6971647127,7.39621358253
23.4287542055,6.05933183164
23.839622439,9.67616638831
22.7349841226,8.53983738477
22.9725475635,6.20768022901
23.4445924922,8.35267953945
23.1946484626,9.77446734655
22.7898444687,9.58030840827
23.6840342152,8.6576841067
22.9609027918,9.87624770582
23.8905332312,5.80679990565
22.676303661,9.58740302025
22.7383334373,9.91923486822
23.2039626043,6.50864804939
23.7312683684,9.19287173764
22.8037547148,9.11526915652
22.8517221982,7.02468882583
23.0947231286,9.2271186542
23.4605922045,9.60246499516
22.8949763742,6.26020532806
23.5589229484,9.64417016788
22.6787944393,7.0707181994
22.67526096,10.2665097439
23.0172027419,9.93238791839
23.1114698947,5.78868816391
23.653228375,9.80343572119
23.5947886372,8.26489161176
22.6824611372,9.45680989344
23.9017527137,8.45907054544
23.3157998639,8.37788630937
23.0765384747,7.96109761446
23.1231568705,6.43784481443
23.6740419579,6.74963557968
23.4886263901,8.26939025018
23.765639998,6.73671065214
22.8761341156,8.3292265903
23.9200642455,9.63932239543
23.0757094701,6.34124799234
22.9117373441,7.57444574171
23.516295347,10.3311602381
22.678064742,10.1643947016
23.4259732766,9.74543341925
22.7967620365,7.208757995
22.8512440808,6.02025952384
23.7918712015,5.79912296403
22.8547302414,7.2587907373
22.5962032921,10.1048205102
22.7130817658,7.70410916506
23.6585629221,9.39432461816
23.1143220174,9.12913874952
23.6664043357,8.3933012679
23.5906860159,6.70811211383
23.3627692233,9.66521700315
23.2814548018,8.02792701346
23.4561665006,8.71940156736
23.7867780598,7.64853595044
22.8224164506,8.12122705256
22.9771675634,9.97649706949
23.8268441598,8.14715336535
22.9085988684,10.0209347035
23.9000289248,6.29331981795
23.0280637774,7.7445166258
23.0153504178,9.08862156942
23.4418308225,8.43320756682
23.0809295109,9.61910161199
22.7851722123,8.47939436622
23.2777414805,9.6055145329
23.0136667261,9.36686081406
23.3848890976,8.38908437316
23.427267283,10.1057358019
23.9035864832,9.8953272841
22.6341760618,5.80068817168
22.8199481394,6.82133206756
23.3619096469,5.36122438404
23.4739272498,7.70180700073
23.3448883564,8.58115951806
23.5785399684,6.27701130127
23.0031974844,6.41620180241
22.815001148,7.60142754108
23.5574303848,10.2175321178
23.3924785318,8.74299667079
22.8098774925,9.74411554125
23.8005694835,5.88377013532
23.2616745991,5.42756768582
22.9252225025,5.74231267348
23.664822199,9.56204450123
23.2724956468,7.46206910824
23.4170737943,8.51510271937
23.0575002494,5.99557479747
22.9009634637,10.2147441052
23.7942761205,7.393709885
23.0671569138,9.37238326097
22.628937838,7.73620885455
23.6159911217,8.5620321312
23.4773999006,6.52961272379
22.7347704749,7.02219340306
22.9404567765,7.24370344689
23.1267874112,7.79147181891
23.7522840073,9.38794031358
23.4785788766,10.245807402
23.3147339364,7.13745125664
23.2031910724,10.1778464149
23.11865446,7.35583870061
23.6558653901,6.17663225636
23.7580977213,10.3446564964
23.407438074,6.34077619985
23.9089717747,8.28045778005
23.5918924943,9.98932878758
23.9066862818,7.88920262065
22.9165883831,6.86811493356
23.1377774274,6.60266360494
22.9880320115,5.90035108617
22.9260576711,9.94705560182
23.5109139373,8.67911765155
23.5068969842,8.76308778875
23.3235840383,8.67711005336
23.0560752755,7.27748352251
22.7108344997,7.58574170385
23.6428144797,6.60908789835
23.5343379549,10.0534277409
22.8931966316,9.16226491387
22.8209730792,8.94624611059
22.6812938031,7.5154310909
23.7597001879,8.7097108647
23.0974485714,7.08730991497
23.4646797694,8.12432299811
22.8715456542,7.18932492201
23.7538633765,8.9932188852
22.8463181934,9.30834490355
22.7205814442,7.19959698224
23.4562384169,6.81465444192
23.5653886904,5.56741551385
23.7316388718,5.92586323089
22.7839085891,7.68470315501
23.4335553819,9.34814895353
22.8513351585,7.50625644746
23.7375741372,8.83626898424
23.3145388502,7.95355218406
22.6331353474,7.36183107159
22.7453618729,6.52131607613
23.2041336256,9.11587555036
23.354316741,8.1101308757
22.9378599833,9.09091040634
23.6013372823,7.12605803584
23.3353351823,9.77418620925
23.4914018703,7.26349515749
22.8636535198,5.51101836504
22.8397488562,5.3874063681
23.3109572542,7.58207162183
23.2773637814,10.1374563822
23.4931499215,6.90194621195
23.0686166909,9.02979481342
23.8181128205,5.73475360816
22.9503154633,5.52315425764
23.0116094218,5.46399977095
23.4508841943,9.05442625364
23.8501517148,9.83752435679
23.1263542407,6.52642508137
22.9979781031,10.3258274498
23.6185573004,6.93143291112
22.5432293788,8.07962107739
23.0437651524,5.83259354915
23.1682481915,10.0660566027
23.1994481643,5.75644573872
23.8135224688,9.11071532912
23.3332938377,7.25650102274
23.4260795387,7.57439720472
23.3400304558,6.05898230228
23.6933574376,9.71330483808
23.2202547417,6.92567763317
23.1705124386,8.30929975235
23.7791737591,8.58775005387
22.7612517914,5.90416448386
22.7880768614,8.01787198713
23.7078484466,6.67994149726
23.2982675355,7.77817096589
23.7474148031,7.74865985607
23.5771071352,7.40136182526
23.4709971372,9.84186756758
23.8663014038,5.54383752699
23.8380045748,8.68225636345
23.4033519792,7.95023942397
23.2497047257,9.49931086876
22.5646661571,8.28206776523
22.7011894237,8.70651920093
23.5061703089,6.72767175912
23.173734384,9.59931431237
22.789457811,10.3426362782
23.7319598405,7.01032197039
23.8014645352,6.28080280481
22.7260463073,5.82895521957
22.8340501534,10.025828892
23.1318758687,9.03929732054
22.7062037391,9.03973883688
23.3870378627,7.49222468818
22.9905014837,5.67735376475
23.2882247048,5.83991686211
22.9300874624,8.42423633522
22.6352003401,8.63624102494
23.8451740192,7.96700986517
23.2139855203,8.15284963395
23.3751334591,6.6791717564
23.475789737,8.02535284524
23.0728886713,6.76846993861
23.9513415816,6.05185424634
23.7393504223,9.48541803209
23.965927573,5.44423883019
23.6087911865,7.31173398211
22.9347129511,8.99406971773
22.8330738062,8.57451015178
22.8394646338,8.21838601039
23.0599163621,5.66439158467
23.1888819552,7.5771557201
22.9113785491,5.62290118375
23.3910068234,5.89593924462
23.2545266286,9.78622707671
23.0596901908,8.18000206386
23.1214683513,5.88770301219
23.5938461179,6.49651807202
22.5291560028,7.98503991567
23.484829789,8.87099863408
23.0383804072,6.67360747461
23.8755369664,8.12569977717
23.3250954294,8.45356708357
22.7765813764,9.30451462321
23.3816441671,5.44936192013
23.4050374168,7.05353486907
23.7832470514,7.0431809488
23.4635959386,10.0519983195
23.4919868957,9.76305884668
23.1465419135,7.2598996381
23.5817444893,7.0165858444
23.1286253847,8.52323125929
23.8496803288,6.76356504978
22.67409082,7.43278146152
23.7139322279,7.21426535445
22.9700128651,7.94114343452
23.8318314566,8.98443016675
23.1733677966,5.65208315264
22.8525382389,8.4196572402
22.8859592049,9.74848937949
23.3719851175,9.86618749188
22.9670070943,9.47021081698
22.7761752595,9.4888483169
23.0054672904,6.88989805215
23.5569755134,6.85617245809
22.8381525328,10.1178648622
22.9054820004,9.82254123318
23.5479112433,6.16205710391
23.3015608352,8.76951521196
22.9406996033,6.49007744629
23.3537705137,6.98228018318
23.0997319678,9.916897967
23.012388329,8.49004905256
23.0999038809,8.97278135687
23.4560831578,7.42676566943
23.6458980405,7.95821629989
23.6710915952,8.47637956718
22.7503974855,6.1277861545
23.7543383067,5.65739609118
23.1052189393,7.00168247112
22.6915909976,5.58456327671
22.7256301684,8.92591836756
22.7774914089,10.226036809
23.0966448539,8.40049407601
22.9750636888,6.78821715285
23.515501411,6.65300926058
23.0012053155,9.71172205569
22.9110788385,10.316068111
22.7092119054,5.38596926934
22.7682606493,6.2499587804
24.3825570674,6.0862189214
24.440230014,9.32419060421
24.363480951,6.17659285187
24.7087429295,5.8145951455
24.2915685509,8.3459241774
25.2979339138,5.78485678436
24.218367663,6.25375443292
24.825451379,5.71566395941
24.0862733153,7.65665594281
24.2092575548,6.41475398081
25.0613082686,5.67863809645
24.6155727418,6.85260922236
24.032729599,9.77689435698
24.5566852234,6.1433220875
24.3583191528,8.30434773071
24.707624881,9.41019781692
24.7421321282,6.60779879669
25.0004375018,8.6327593311
24.2353981815,7.72349261985
24.7419820149,8.41592302672
25.1539601265,9.27037808553
24.0273433614,8.09670608807
24.5211935723,5.90113712888
25.0151333248,7.31750334321
25.2586468315,9.48504432992
24.2514254255,9.60549938759
23.9824238842,7.05099038149
25.0975216291,7.55430579476
24.693910296,7.53153321039
24.4822350326,5.74396966276
24.1493695696,6.19960456893
25.0638516377,6.59272048402
24.2102392001,7.62684576007
24.7771775611,6.80826774385
24.0741582796,10.0248907012
24.0864911964,8.06518066864
25.1182132895,10.1425094933
24.7863519942,7.25782200665
24.1963370102,10.1689153405
23.9269593158,9.21214857238
24.8866435057,6.57186184435
24.8770744325,6.15707122178
25.1744726756,9.46440564812
23.9750502938,5.5850899827
24.8597475936,9.03826045652
24.0804194992,5.90448193385
24.6526865802,7.62916044619
24.6659872875,5.36926450865
25.1600598716,9.83334755098
25.0350672506,7.24606706878
24.1228179156,7.32231854419
25.1825784874,5.63494676359
24.6675510147,5.77925422508
24.8568602506,8.27256797063
23.857079725,10.3146102776
25.2010720234,5.37901479441
23.9543213074,6.66959670444
25.0179845697,9.54680282205
24.4552104819,5.85855509578
23.8543544156,6.95617214392
24.9172746116,8.8542036583
25.0537795389,6.41218951044
23.9768456525,8.638859116
24.0474447759,7.91145278951
24.1364376982,7.94079267496
24.1500446241,6.90038873962
24.5087578188,8.6263592618
25.0141895247,6.95372577094
25.1830340814,9.56330715208
24.1419544194,8.13301981509
24.1536713701,9.78852632505
24.0787117223,6.98246738306
25.1684556158,7.03503559467
24.4106088679,10.1275399565
24.7695747823,9.91914607274
24.5318156342,5.46124041039
24.5243151166,9.80000650007
24.0348206363,8.01165272753
24.3910178088,5.43462133305
24.6400404226,8.84197258216
23.9537975208,8.5851817702
24.5645109122,9.37490605587
24.3907045659,9.73227030153
24.5360643721,5.693007255
24.5249020549,7.36339028567
25.0522478541,10.0932626766
24.4772184958,10.1857288905
24.3985037524,5.52562391447
23.9345196234,6.40381483523
23.9975083598,7.77522683106
24.0515134401,6.75462204213
23.943084718,6.51707410722
24.4135883956,7.9069033485
24.5201390451,6.60649869209
25.1722388783,7.26778024043
25.078248584,6.15563283371
25.0924301099,8.5204611218
24.2997940534,6.96901288635
23.9104556942,9.53491347024
24.9775094941,6.10789406743
24.9420796106,8.31371371783
24.4561316259,8.82485817806
24.1693718462,5.38750566831
24.7786541469,5.80092061172
24.0691465251,6.19095065061
24.8798516246,5.80965765586
25.026280601,7.77753476922
24.1343101311,9.9498840517
24.1328966887,7.62853477513
25.0813251052,5.75113418711
24.1032347852,5.4747431702
23.9969038956,9.07539597771
25.2726355371,9.10577864025
24.0705447328,8.44471978699
25.106800459,6.33650873672
24.3732199363,5.35982821217
24.2486283534,9.26704961611
23.9952332514,6.14436048937
24.9142980221,7.46635244982
24.780044695,9.13399371639
24.1445866002,10.3385480903
24.4046857801,7.524099906
24.0957317618,9.17621519891
23.9398264691,6.76164157616
24.6650278642,8.97643900283
24.8995686186,9.53167330103
25.0346725602,8.09723487804
24.287427884,7.44314471393
24.307194088,8.09844511697
24.8769252921,9.12324927913
24.437671101,8.60244221161
24.5577683304,6.33878386263
25.0572908525,9.996029362
24.419728816,9.10238579193
24.429481475,6.63012950263
24.2360104951,8.97812753891
24.2498879875,7.15857570124
24.6855554459,6.7565238139
24.8791687891,9.76848044213
24.2940502848,5.86307841687
24.5702670689,7.69480193768
24.1817461891,10.260382869
24.1545990205,6.75190102907
24.3351901313,7.91649889966
25.1253143542,6.09761444152
25.0512155904,9.04455703739
24.7447852057,5.73398575635
23.9072649241,9.13176276103
24.2369473964,7.0422694872
24.9121531408,8.60076004821
25.0832568017,6.78510764153
24.5577258816,6.00294554896
24.7738765177,10.1051408631
24.9500572377,9.71316806572
24.2809676062,6.05629920508
23.9920847762,8.29649776922
24.2309874643,9.98631635647
24.0609675021,6.3541123277
25.2021692108,9.07807333266
24.1603061342,9.28803819079
25.1354095981,9.12989049049
24.5146646071,8.98325172782
23.9617014889,8.83083265253
24.553679703,7.60586594064
24.392246518,9.00787296232
24.2175497762,9.06199789435
24.4958342785,9.88529200972
23.8552328801,8.80015179294
24.0082083124,7.68284014862
25.1415982521,6.8355706317
25.0309449528,8.28801169644
24.175834363,8.73151422973
24.8939048138,8.95485630065
24.5755914352,6.94911026864
24.2796413182,6.15619493498
24.1884315297,6.98094160251
24.1744746389,6.64342072918
25.1355804971,10.2204428081
25.0013522523,8.83463480142
24.81269423,6.6285705523
25.0096966506,5.47151376273
24.8038633431,9.06514082028
25.1625678645,6.44796539028
24.0848303399,8.54051927824
24.164607838,9.02399265108
25.1956786287,6.04026649689
24.1192667242,6.26801686963
25.1059189959,9.64712819362
24.8067315581,8.76707107793
24.6296233157,8.39358296972
24.2775818363,7.65845778248
25.1947398637,9.36391928937
24.7302357987,7.96259169214
24.8883064666,8.10522165884
23.870362643,7.15354144604
24.6567852335,9.32626095293
24.4563224167,9.01544488925
24.7421284299,9.59631056742
24.4149724458,7.32481274188
24.5655006308,6.76722720475
24.6941187045,6.91463838759
24.8138560653,6.41056970321
23.9911265258,5.80247691118
24.0530172236,10.2688672722
24.033305999,5.6574711505
25.074454051,7.83265101349
23.9873033567,5.87670676164
24.4659354949,5.37730043366
25.3281300535,5.91357617621
24.7032083838,6.10350697694
24.2816866827,8.52743925939
24.6766086389,7.21401754883
23.9708662549,7.8800698215
25.0890154565,9.80309260437
24.6896803268,7.74934057941
24.3451444323,9.2079953105
25.0803982085,6.89163260197
25.1959328472,9.91715425639
24.0169421877,10.2089774289
24.6292677902,7.35388488853
23.9447632339,7.33577452087
24.4465912216,8.45907682697
25.0165333852,10.1692695313
24.1710254749,9.18635857157
25.0414476976,6.0470868432
24.8034532964,7.5039864426
25.2356109005,8.10436633588
24.2911195392,10.188431354
24.2970217704,8.28253388295
24.3886646978,9.45363964079
24.7057742895,6.19765346649
24.2917356922,7.08111725659
25.2229628637,9.65472693075
24.9605497859,8.05135126836
24.623242527,8.50608500395
24.6117660002,9.95507567263
24.7411025911,7.66301271163
25.2124830127,6.25288567987
24.5370050371,9.64726019296
24.7896396482,6.52774228784
24.6551856869,6.00254159563
24.8888145776,7.11078979367
24.8301040211,7.36527225395
25.0199720606,5.82105225131
23.8561877874,10.0550187769
24.1825437672,6.13598316547
24.1100004591,9.098121038
25.2279006222,7.34407743541
24.9088171486,5.50040497463
24.3210926068,7.72417587907
24.993285286,6.8304283892
25.015723734,8.21494314136
24.2629827448,9.15219962556
24.6411930656,7.90925759052
24.1576232803,5.78808159497
24.9711654177,9.25954087846
24.1023195264,10.3029296644
24.9112309499,9.19711971475
24.1387778316,7.38133262479
24.875115822,6.80447769736
23.9668075345,7.45127143417
25.0081677896,7.41566625881
25.1178748351,5.9701047814
24.4810735251,5.52382337113
24.790698734,9.38557066743
24.9367715949,10.2374946415
25.2077099029,5.55653006446
24.3496415914,7.04998268916
24.5366160926,8.25698642244
24.5659422057,8.77895975185
25.1526290683,9.74902364432
24.0561433227,6.0856123206
24.3093674148,5.4718216913
25.275448267,9.2941717939
24.8051847899,8.17606764565
25.2222538581,5.82403663632
24.4847343174,6.67309920537
24.7837331864,8.98248650796
25.2865099162,5.85753096017
23.8765120503,9.28475399703
25.2088102294,10.2756551671
24.6095012049,9.85882280696
24.4597416957,10.2606845628
24.1205512047,10.1219173383
24.290306306,10.3135298914
24.5480363319,5.54254580829
25.0096867974,5.73742252937
24.7238326672,7.41687642159
24.396708252,6.97633010744
24.0581843232,7.5052019542
24.2444069918,6.75064342949
24.8836228227,8.37570937628
24.7646968,7.79851170295
25.1068110028,6.69427972696
25.0243469817,7.97249458552
24.653670114,10.0862385835
24.144587999,6.05843497767
24.6184519863,5.42902393835
24.7334889264,7.01802424034
24.8243526274,7.97076765029
24.9728012999,7.1532472886
24.3476707112,9.29825284177
25.0931424661,7.16836210717
25.1065628136,5.61196848459
24.4742080755,7.86378901858
24.7310270181,8.87183152074
24.5049982087,7.95729464456
24.805491813,9.79717392596
25.1601069333,9.04303906069
24.8486186511,7.18977437065
24.241361784,6.57496794489
24.8482236215,10.0438142303
23.9212849311,7.80732676646
24.9807735002,7.71139373059
24.4917172398,6.98295734649
23.9795698879,8.2264079885
24.0059621526,7.83773179234
24.3374292455,7.22637247397
23.908090102,8.17890658937
24.5140228878,6.89205870677
24.6440458125,9.21571089429
25.012860543,8.37983529891
24.4308995126,8.12908990559
24.8218250554,7.65349604314
25.1987484742,8.87874257314
24.9596477737,5.38338207309
24.472129109,7.65178296333
25.0908064659,7.06995332783
23.9749408105,5.71751972191
24.0852955882,9.59081606356
25.086139012,8.17581895183
24.9834640361,9.14170030008
24.5766749491,9.0424598168
24.8448260308,8.45393267053
24.7032651491,10.2047175015
24.3684814914,8.86460563545
24.9397206735,6.25960763963
24.5170063047,7.08625224386
23.8919661426,8.91758696276
25.0113244544,7.52475158209
24.9229469822,10.3385720815
25.2758134194,5.49124523187
23.8828627357,7.62532029029
24.0731356509,8.26260204913
24.3909949169,8.00942964102
25.1225453144,6.23740435052
24.5977870941,6.60212364292
24.3977004573,10.2209924598
24.8706116297,9.31460346175
24.2213589122,10.0935264779
25.1957973338,5.70751691168
24.6340461571,6.66864081559
24.6992582936,9.97503990446
24.5622413785,7.85387570133
24.8814623818,6.42737129931
24.2108863321,8.293752738
24.6289185412,10.3045883965
23.8404968726,10.2246332128
24.9247709182,8.20671344413
24.0976836039,9.24772080132
24.6212658904,8.69982006338
24.4483195065,6.53092034728
25.0106346524,8.52974783881
24.2372625657,8.18656902083
24.3347165962,9.97106214663
24.9379136144,8.80074428968
24.71561469,6.84270049338
24.6253786101,6.44340411951
25.1951312127,8.35641846989
24.8393879143,8.87209182421
24.7572954568,7.17557027223
23.8874908325,10.2533077218
24.6041195529,5.74580715961
24.7211271089,9.06451042518
25.1759029992,8.1497179125
23.9308972554,6.9689408629
23.9772631503,9.28673346517
25.1603210126,8.42958449722
24.9904097164,10.0506658752
24.2155084458,5.73025875087
25.0783282792,7.37474897582
24.8262261809,9.5848287563
24.8877394979,5.62326091465
24.3521745617,8.60718590408
24.0628425254,7.07308747478
24.7571980123,5.36482677568
24.5369745385,10.3425516648
25.0446296393,8.73786470592
24.7118662534,9.7853791527
25.2347695155,5.75739857915
24.321978872,9.69479839588
24.5762899013,8.96114634825
24.0944492891,10.2137692392
24.8739298778,9.97671033345
25.0146259177,6.71831507119
25.0081593861,6.17984008399
24.5202075877,5.61021337804
24.7962658493,8.26554897221
24.2277761344,6.89869854308
24.2155995196,5.99688323543
24.7980889876,9.98527603189
24.9199703239,6.92002858345
24.0188911823,8.90453432597
25.1558928154,7.37089467698
24.1705305984,8.83732378314
24.6975025167,5.55388596135
24.9389261337,6.15916773066
24.410087305,9.81620858509
24.9552211212,7.044503606
24.0675357746,8.98655522813
25.0778043775,9.89282569559
25.1094727895,7.46046547792
25.1016595302,8.8314688052
24.6189408694,5.5066206586
24.6987864286,9.68451105488
24.8621127512,9.87725220149
24.7866032503,6.33117373967
24.0864384032,8.18085996017
25.0248617204,7.8729862301
23.9435579045,7.22208925071
23.9768206424,9.85575427684
24.7880466745,6.72135167834
25.193969192,7.55113797909
25.002613645,9.63735552952
24.8193397593,7.87461125751
24.0914378881,6.66364767777
24.8034436699,8.05077390125
24.288853517,5.55727034194
24.9747752753,9.82497461013
24.8956900973,7.70257985064
24.736165946,9.20228484266
24.4551059794,6.19443095528
24.8105590611,5.89068595554
25.1046295362,9.37860789728
24.0035073628,10.1100840577
24.0786775992,6.00185062991
24.3899104252,9.54237199085
25.0351959746,6.24297791775
24.4713231701,9.51530429697
25.170800797,7.85579682325
24.3741091949,5.86984795324
23.9653600076,10.2950652688
24.9200817291,8.7084477938
24.6176462012,8.00852579104
25.1738191417,8.28265086007
24.1680503344,6.34134337124
24.8795812844,6.33920430972
24.7521155209,6.00095063501
24.8755172362,6.49806959152
24.7689040338,9.85711384637
25.1301049677,8.04812929511
24.6187106535,6.22702916442
24.567654938,7.01856028828
24.0293790495,9.9269081675
24.1415452655,5.95931449211
24.1255053143,9.47429664517
24.6332974203,7.05023815263
23.9843856524,6.82004849693
24.3666379951,6.90495195515
24.1148137816,6.52017166172
24.9335395401,7.36945824179
25.0975611994,7.90507571463
24.5306197201,7.17938125122
24.5422707625,8.4422319466
24.2260647265,7.95248601999
24.0706274084,8.80102821527
24.222324881,7.25840251533
24.0527698144,7.37358570596
24.3743408006,7.80625530107
24.3272314629,7.13717460455
24.7074152785,9.88145106583
24.8982503617,9.42832894198
24.7897432251,7.73055250428
24.1226843922,7.24470538049
24.6232980711,5.63004182083
25.2211243998,7.4385102343
25.1087083918,8.3452842114
24.2960305214,8.00245679119
24.4742477378,9.71873560521
25.2304561575,7.66834052964
23.9823819398,8.50147063312
24.2031330582,5.5095803191
23.877872507,7.27830923964
24.1636823237,7.68805122884
24.5981432431,5.92160770986
25.1084749473,5.50613677821
24.2256139037,9.48804647052
24.8517612117,7.0141203402
24.7092043609,8.29525859107
24.3077587699,6.77132742643
24.4510837252,5.59085904088
24.6220156466,6.14018777412
24.9205248443,6.09470896401
24.8969055169,9.63045995861
24.3336949683,9.13213365142
25.0726612708,8.45197166195
24.3014946348,7.33955738993
24.9378065696,7.83398686534
25.1721483798,6.93341794407
24.0624983168,6.87046732184
24.2980767989,6.85785834347
23.9747887219,7.57090303664
24.0708746652,7.58834453295
24.1634179825,8.61933446994
24.2137021423,8.10721317123
25.0278663163,6.31471181713
24.1152362533,6.12983509221
25.2185264413,9.19026675062
24.3148888161,5.80077767667
24.2846017989,5.37248780415
24.9974841902,9.3736001328
25.1652329431,8.52166259777
24.8829824631,8.81645289224
24.2642752319,8.64343616319
24.5379089163,9.14891180504
24.5098315883,6.43330948048
24.7068015743,8.07058820402
24.3114577467,9.48121097715
24.0763682061,9.42021544036
24.7613219565,9.28745629821
23.9661565159,8.13870108537
24.1698886491,7.85920151088
25.2688454178,6.10483208217
24.6841017516,8.7638451291
24.4957505465,6.07957940162
24.9424938483,9.04546750871
24.9662587205,9.94774509199
24.1576691539,7.54301368288
24.0092285844,6.58339476442
24.2145731301,9.70755533338
25.1326744398,8.97043849958
24.1258989106,8.33243950177
24.5340439094,9.9798440226
25.0369387244,7.02831238429
24.4286546676,10.020039427
24.843050027,5.97902515702
24.1102663942,5.63681577892
24.5363880344,8.89107993377
24.1883523286,6.49434071878
25.015901116,5.93061698699
24.0476676675,7.16410560263
24.243270236,5.79938262388
24.1002344552,6.59416100455
24.7994299564,7.10245987803
24.3475453853,5.62855971443
24.9987331583,10.3107058651
25.1185003224,7.64100649098
24.424719411,7.04851650919
24.4585566743,8.70743544635
24.6966291073,8.653371109
24.2944265302,9.3855402292
24.4876132369,7.25421683731
23.9262433993,7.68299760758
24.5866001406,7.26641243766
24.9669267442,5.67656962668
24.6043908584,8.30216781467
24.3761896646,7.41908649876
24.2814479028,6.67450801268
24.9581048262,9.57552536975
24.1098172962,7.44358542513
24.6229294672,7.45162664932
24.4546184196,6.84205740457
24.5138361593,8.53885880966
24.5333591898,5.80992571377
23.9144878811,8.6316277979
24.5310128793,8.35056447675
24.0529339509,8.35745727609
25.1999675174,6.33866026164
24.8532024144,6.28475470617
24.3391800531,9.88575566124
24.6507669337,9.06099359673
24.4821694079,9.41917564712
24.8564281839,5.36433954609
24.8542498473,7.77888234668
24.3965109502,5.77061665531
24.6039826673,6.07887539146
24.3431333449,6.57380753364
24.4316586236,8.35945244344
25.2096693259,8.21044774254
24.7152563677,7.31339168038
24.6776377794,5.71527512927
24.2979647262,5.72260579374
23.936225211,9.00182487104
24.5961849152,10.1831635531
25.2097024862,5.47475431019
25.2366066631,9.74307660713
23.8708717578,9.04848125385
24.9705847935,6.49273953349
25.0590692772,9.30037204779
24.0731795615,5.72183818249
24.9138401145,7.95206620115
23.8879989886,9.39526433402
24.4446376831,8.24555478296
25.0142727963,7.6313340712
24.2551645209,8.88705390569
24.3858857632,8.77251824727
24.3955054571,6.85894222232
24.1698232172,6.56123408757
24.446658065,5.97333030448
24.906127275,7.58854737849
24.7566816818,10.3176099789
24.1281512795,6.43569691992
25.2058783074,10.0668857097
25.0518029211,7.70444496099
24.6041144962,8.60822397833
24.1536549818,7.75970305662
24.1520311907,8.215092923
23.9379370827,10.0054565739
24.6404617357,7.8236069466
23.9231262415,6.58426720913
25.0507576353,8.91219304329
24.8076599763,5.44385127266
24.0718073418,5.81176217526
24.0305256698,8.19256155221
24.018545311,5.49190450432
23.9883896596,6.91504156432
24.7594392614,7.58916486227
24.0808504511,7.80865482703
24.9097256509,10.1221780996
24.9619526834,6.59068690123
24.0326610147,7.27289555639
24.3476807955,8.70070609514
23.9247808592,9.80054622686
24.9418063655,7.27085034987
24.1095268692,9.71148605298
24.8276664999,6.08387705472
24.3199073209,5.96035255931
24.0754577497,9.52865793854
23.9881425744,9.68410283216
23.900813387,6.86492302057
24.9920250465,6.64581438474
24.5649919517,6.52339823321
23.9860971807,9.3760418828
23.9559275885,7.95873280782
24.6092046846,7.1401502729
24.2731408673,7.84621968913
24.3369073,6.26386363696
24.5286223265,6.2631395133
25.0732847735,6.4970157709
24.1676444543,9.38205818829
24.1290376815,6.81847728014
24.7108613378,7.85378058395
25.0945504966,6.98207549755
24.8138691116,8.64122782694
23.9179642902,9.71610548014
24.0008045941,9.58996038756
25.263903678,9.55382038152
24.5698364927,5.36967550343
24.606278993,7.5505920045
25.1068525157,10.0559112389
24.556611123,8.67641693821
24.7333719758,6.42704950073
24.8014186883,6.20945186548
24.6001827059,7.77465290103
24.1931944611,7.43945342394
24.1519124343,5.70942936787
24.9121658212,5.72174144803
24.1749783898,7.18695057723
24.9843013324,8.97159314205
25.0063795673,5.58480679559
24.0299300754,6.47075241716
24.9584166765,5.77918939992
24.5227569105,7.50380411035
25.2652086305,5.43548104835
24.3036979429,9.05186542096
25.0519253008,9.46398235423
24.3887929574,8.53051379867
24.3894810624,6.43279522692
25.0916495502,10.3246438367
24.2228725721,5.63465785254
24.1553955209,10.0394651862
24.1444474903,9.63770977626
24.4739861995,6.75388048139
25.1306111382,7.75836379264
24.1959303876,9.88370288708
24.5443462179,9.27015179791
24.5994059801,9.72914760681
23.8397254516,10.1414752718
25.132676199,5.68477583884
24.211487301,6.81663184942
24.2041476316,5.89184715688
25.0242904717,7.08521181017
24.6167629267,8.89993421831
25.1356285501,9.9895335016
24.0644298931,9.33649280072
24.271208649,9.89969444895
24.4473618652,9.2159882331
25.1036847407,8.25856149305
24.0305547123,6.66315908171
24.6918978941,8.1693694813
24.952687437,5.84889818705
23.9479730968,8.72201767627
24.176176778,8.41599637084
24.2160438436,6.07729167368
24.1549933435,7.0934187281
24.6987679829,5.90252465312
24.485186207,10.3070160291
24.2665446317,8.40627331014
24.6542341672,6.34074196838
24.9631711196,8.12453766655
24.5286057801,10.0951302121
24.0886799728,8.89000032137
25.1694922247,6.56204938694
24.6908599292,7.10556372396
25.2173974806,5.92576894825
25.188816828,6.15529114858
24.5329783929,10.2525331613
24.2021819404,7.35030916928
24.1092212096,9.8725052119
24.0071364261,5.95745335265
25.0179642774,10.2531087937
25.1682159668,7.95133699387
24.9089998375,5.9121018427
24.5277190346,6.82043892846
25.0762230103,10.2304509076
25.0825605681,5.38247818181
24.6488649594,6.97077630788
24.3219833245,9.54149469441
24.4485871118,9.61377787591
24.6294120509,9.11817696442
24.8494040345,10.3038894878
24.6097134619,8.11541294668
23.9816548877,6.22767678716
24.7406644383,8.54029145214
24.9383796902,8.43860337041
24.4390652559,8.93285852339
23.9847087166,8.96621706584
24.7123897419,6.26895389864
24.953336067,6.7572086195
24.9590088378,6.37488142296
24.2762023509,6.35759213459
24.5337771861,8.16497508189
24.3411985388,8.21170711385
24.1492541477,9.548765838
24.1571548842,8.93258896021
24.9178505095,10.027562562
24.3815541191,6.70642272361
24.3370526494,8.94920469909
24.0590559646,9.66389703217
24.0505235033,10.3484968973
24.5636393342,9.47346564569
24.6337819575,9.61508677803
24.607457939,8.21126066077
23.8408988571,9.48342735104
24.3994126049,9.67656658917
24.4360257884,7.16459141244
24.4834600465,7.76820186051
23.9414436986,7.73240196119
24.71625491,6.66908613965
25.0642558097,9.210618056
24.3115855653,8.79826792439
24.236116982,8.80325422829
24.6240587893,5.83212646106
23.9873046678,6.3024460943
24.1910761214,9.11033331897
24.6730343171,9.50504823672
23.9309566665,10.1911790512
24.062557453,8.67342060022
25.1366882814,8.70991956479
24.4055048628,10.3227796762
24.5491004705,9.5668643584
24.3471173832,8.42723459794
24.9649075328,8.90042535877
24.8261992133,10.2146834101
24.2722510319,8.73038693797
23.868613424,7.04974512737
24.0732701042,5.55550446541
24.017035698,9.18950229758
24.6971702931,9.14230215217
24.8107618942,8.3364059204
24.8008910876,9.69505774547
24.0949475287,7.71894534077
23.9458632233,7.13178055338
23.9980394091,9.47309090982
24.7951996784,6.9062650544
24.7067798053,5.46028102659
24.5268129681,8.0674477101
24.4116580198,9.920551513
24.3529181142,6.35312840109
24.3759118162,7.10299131715
24.2745797399,9.80119708567
24.9693941357,9.4906639327
25.1810248714,10.189636086
24.4989721187,9.05274414581
24.6040317395,10.0124377873
25.1560411638,5.77474071428
24.4337164746,6.91424549234
24.9048062099,6.67824718292
24.5487738096,6.69254062445
25.1546653679,8.21969160075
25.1013076354,9.54613451945
24.8333484398,9.21348400876
25.0777253917,7.30567330468
24.2821063899,6.47614139982
24.3862895297,6.79246980765
24.7980033125,9.49635163574
24.4579659511,7.43481120372
24.8516924487,7.27304354449
24.7968400486,5.55085190268
25.0055093407,8.15996074005
23.9132678403,10.0961680025
24.6698558406,6.55041946655
24.1635591228,8.03718213815
24.4444932059,5.67205513049
24.6349528313,9.4156357273
24.0127584032,8.5894807027
24.2063615694,6.71536021933
24.408800167,7.70921171486
24.4490489707,6.32384233618
24.8457792303,8.54456911229
25.0443368409,9.73663492948
24.9334713603,6.0119896726
24.3228608405,10.0714541132
24.7412415218,5.64859171213
24.2819738566,7.55261677257
24.3644743201,7.63733962496
24.9192628443,8.51854187271
25.1126420789,5.86734758337
25.112096572,8.61824711477
24.3547237461,9.60979043964
24.1758917835,8.52207437383
25.4406645834,7.15968133868
26.0501522995,5.98513991053
26.4439180082,9.15950375942
25.6748807758,8.28205410542
26.4224563846,10.0210943628
25.461631317,9.65244628831
25.8463607392,9.14514054579
26.3855994626,7.50363409914
26.0510447383,8.22825965749
25.9606837959,7.48814234296
25.2317350989,8.30696607753
26.43486281,7.37139308197
25.2347538574,7.78216901763
25.6330728876,8.00979350739
25.4326035001,7.00025543098
25.7453020612,7.04552255698
25.2444732522,9.98532026453
26.5328771433,7.76206658403
26.1432634688,5.04976735388
26.089170901,9.61766351663
26.1723264259,6.04552044857
25.7746168513,9.76368207967
26.1136224716,7.69171101824
25.5329808767,7.29074835462
26.0479643618,7.48208050314
25.640364154,5.84962829396
25.2408380279,6.76341950375
25.2796479432,9.8896615794
26.3054562088,6.39251975403
25.8709526925,7.58931377494
25.9386755422,9.83107686849
25.2009567065,8.60118423883
26.286177167,8.67082925903
25.8365389446,8.39094424719
26.4411296135,7.97674056862
25.6216833134,5.74684784005
25.917281858,8.32131007076
25.9345662684,9.50004726399
26.1710130949,5.82049156226
26.098289792,10.167249007
26.3059496507,8.86442976428
25.3181245286,9.83502935985
25.659446951,5.15259893261
25.7152797379,5.79280614835
26.3380940659,6.67178425891
26.2096594515,7.36592628505
25.5452182793,8.03563675343
25.455120857,7.32548280347
25.4643440939,6.6946897216
25.5065691479,7.90424936696
25.5429057034,9.56766569257
25.6115082246,6.17803901016
25.4780113376,7.06450735126
25.6820593129,9.52251111096
26.3827310047,7.0536294444
25.6375097734,8.22315879233
26.3306570186,9.84264256362
25.7629174453,5.16424276539
25.8253308111,6.72913947944
25.8349036062,8.71419295459
26.146932457,9.54207812836
25.7933143763,8.13000764425
25.6076547677,9.60567647459
25.7948264803,6.49265795932
26.3136099146,6.60977300993
25.8633492608,5.72861577151
26.2260063963,7.44682068284
25.5691730531,7.78751824629
25.5157997915,8.75489224878
26.3080896043,7.43527544111
25.8952648253,10.0007490222
26.3336560846,8.95841545651
25.6287037737,7.57961254978
25.5995093468,6.68300946524
26.17213246,5.97279225825
26.2631498808,10.3161905211
25.6310243038,6.81853205598
25.7001550554,8.84508678419
26.1988815438,9.43743811397
25.8937463316,9.03087949813
26.4761285102,8.98784168746
25.7725845828,9.31412787147
26.0759951933,7.77065667406
25.3975117508,7.57837973872
25.6315463149,6.00796646723
26.1492857402,7.77156746125
25.3534136048,7.98237564776
26.1809654004,5.18156366093
25.7488719881,8.76927751999
26.3376915099,10.0214527379
25.5025645218,8.14102279936
25.2960245783,8.53223187161
26.206396342,7.72212480071
26.1692021972,9.77432929075
25.2960455783,7.57625899107
26.5288196054,9.53915504493
25.5759298072,7.36592078919
26.4582312895,6.78106112126
25.6904590323,9.23560577261
25.4221537533,5.64669040229
25.9544880728,8.77603593675
25.4558344444,9.56630560808
25.3679176242,9.06009099803
25.5407711808,5.64928334046
25.6165441956,7.5036317744
25.5670622102,9.04210832223
25.7801100613,9.12330682092
25.5421045131,7.57613383068
25.8109901985,6.40220801869
26.5231426116,8.89800371877
25.2644336782,7.91039306091
25.9061011815,10.2229910017
25.9331130345,5.41059794831
26.1902351084,10.3035607766
26.1365198771,9.8722884411
25.9812899503,8.2595318455
26.0605072004,8.59866416998
25.7942341707,6.10317398782
26.203181167,10.1538578534
26.3732461081,9.5624865677
25.6457380362,5.62395534739
25.9235169521,8.92549535937
26.3278634527,9.13435338732
26.0881852654,6.06021979702
25.8751546777,7.67591523426
26.0761764412,5.80101588025
25.4536104495,6.26161857743
25.5807609116,9.11953785492
26.3985356678,10.0999337046
26.2472783029,6.81702198579
26.6183374415,10.0698266023
25.9179655145,9.91781375321
26.0326131306,9.84049430041
25.5458353415,5.83394518432
25.314479276,7.81036884579
26.4305030629,9.94305927695
26.1817884178,7.61405514364
25.6212696915,10.0427701917
25.7082820853,5.06429407836
26.4770578155,7.6838445347
25.2978451441,6.99036916438
25.444940858,8.89304188375
26.6202570305,10.1866048341
25.2838102593,8.75042636002
25.7611533029,10.1604936914
26.0205749074,6.97544512118
25.3352320616,8.35506998328
25.8107803864,6.59520472101
25.8593225222,8.62074813187
26.1201655874,7.14955568448
25.5976936768,6.48596662963
25.7096674733,10.089456336
25.3771271051,8.73276913955
25.3453879638,7.49256490306
25.8436580923,8.50761976474
25.3537547227,9.4944406019
26.356333682,9.32810703709
25.9660599344,7.62558270568
26.1522199272,9.33190886259
26.1808313976,8.64645283192
25.4657105371,10.1250122486
25.4123929339,5.11406772465
25.2353021536,9.81917128105
25.9602244184,5.78147889363
25.7850664893,7.58527947414
26.507160778,8.6273414808
25.4529056425,8.04808864143
26.5074248051,10.1857675687
26.1302149988,8.02256224985
26.3315733329,8.17504274508
25.4580556789,5.83835985865
26.0461654131,7.25446770366
25.734024152,8.34347260525
25.4719060567,6.91930510282
26.1571804916,6.87653939583
26.2040798468,9.02472682466
25.8935543226,10.1403265849
25.8356317662,9.93016143577
26.2590135509,6.61828433181
25.3873496178,10.1347818012
26.340261707,6.98059916828
26.5126700855,9.48622322187
26.3416533324,8.59114011094
25.4471896844,8.79778207137
25.8822252738,9.19634719109
25.3184494595,10.0856647214
26.2392894113,8.49053427566
25.7959782581,9.68445971667
25.8000030034,10.2548731079
25.7377764306,9.41456464564
25.9431361935,7.03287114142
26.4302990574,7.29171540219
26.2675173883,9.20756147423
25.8814475542,6.39335865208
26.2185892515,6.73343630659
25.2748316441,9.41014847192
25.1322540171,5.0270015965
25.2403046533,8.99836700484
25.7751632336,6.94243256661
25.5659220805,8.97101333981
25.4593878976,5.4815881789
26.478003992,9.61539896664
25.3647311634,7.06752964983
25.8250183016,7.89881296338
26.3731968635,7.8154417468
26.6386926501,9.86384943389
25.9680247719,9.18293342256
26.4604382826,8.44110828053
26.4015474674,8.67085081646
26.2258690118,10.2471535594
25.9212288525,7.54416676437
25.3414420891,6.15105868209
25.2032666538,6.68711958439
26.2943677939,6.74094965132
25.5471321324,9.4139951213
25.2571291795,7.23155269945
26.0798872572,6.90309380713
26.2974059121,7.85778995889
25.7968439202,5.24479985201
25.3124505318,5.58313827273
25.7690380264,7.14301595587
26.2009344496,6.10907131836
25.9528754348,7.22792401414
26.2780577329,7.54275910538
25.5257184496,8.91372003957
25.4682511513,7.54394859093
26.3959399664,9.01028942479
26.0010975849,6.87942404001
25.6198050267,9.32085554418
25.5668662247,5.14607168607
26.0959207832,7.55659187559
25.7066348377,6.29058175664
25.3085658341,6.00848235601
25.5740800015,6.88499204658
25.9631439515,7.98581405238
26.0927474226,6.69548931482
25.8738926686,6.17540984977
25.3989611634,6.84894459262
26.0773862327,5.91161042623
26.0578868166,5.53297562911
25.2699503893,5.05677960521
25.8526963993,10.3593577868
26.5542976394,9.69551706007
25.8824042848,6.47209159101
26.029543993,6.72775799003
25.9067722339,9.11351497331
25.4562040064,7.66650464842
26.2394628397,6.4946880489
26.1927347982,7.03169545467
26.4652273578,7.56846914252
26.1933625509,8.83386906288
25.4331095187,8.46578555332
26.2966900243,6.55326785853
26.5468985606,7.60877250573
25.3148889908,10.3081280609
26.2937698114,7.7886886475
25.8280993405,9.38474559139
25.9485039117,8.83750270008
25.6235713458,8.15826782906
26.0985023582,7.3686082642
25.587014503,5.44948593206
25.9855426559,9.0208409723
25.0771711628,5.0280920614
25.3207934947,6.46400788782
25.5254815771,9.14945605724
25.6552338858,8.10320383907
25.7800326112,6.83408953703
25.8757590539,5.69494726099
26.2181863622,7.80949947914
26.0024377842,6.57181791199
25.4207584905,6.01702553568
26.1605808658,6.75617828224
25.2278746634,6.84557828221
25.7823622023,7.80130613072
25.4913365639,5.56141320945
25.2937018829,8.61898902557
25.8803360866,9.75589669851
26.4433164421,6.68550548504
25.8438336516,8.29791983612
26.4057754294,10.1872499723
26.2283432545,9.11642314721
25.3327881778,9.00366552101
25.7606032795,10.3303976747
25.4960656697,8.97766134496
25.5873605275,5.33612460584
25.8247059427,8.02418972858
26.2993011539,9.44091283904
26.0193159065,8.70674160286
26.5364923284,7.8876876573
25.3466794544,9.62473063094
25.6249787475,5.2190361653
25.8390295909,6.79138949816
25.330378875,9.97608195184
25.5785353714,8.69520430459
26.0260151957,8.05902877145
25.5768262773,8.10086449991
25.9371898139,6.33386516054
25.603199416,9.24691381361
26.3055548194,6.27711087014
26.2345818403,9.84261536589
25.6385332302,8.36493601461
26.4970736677,10.0690289405
25.7781565844,6.21976985529
26.3699160231,7.71621965781
25.6071001279,7.42603231165
26.2182877738,7.99419745499
25.9945330656,9.47228782333
26.3895222745,9.08318536799
26.052451503,9.25842624486
26.4117818606,9.45024341148
26.2557623791,8.9555589913
25.4248726447,6.13139777267
25.527046832,9.63441984525
26.068007647,9.12767525148
26.1715962662,7.26679452773
25.7982642957,9.21476373809
25.6686508037,5.38048736893
25.6530716509,6.64152659289
25.3651471833,7.3008371343
26.2368309017,6.32002738966
25.6702069859,5.50577859842
26.3378016187,7.24982750058
25.2640994405,8.16808453251
25.6969099458,5.20528042235
26.3568432399,9.74131015438
26.0098664066,10.3511598569
25.5420652078,9.2145004888
25.2502001113,5.65755476757
25.3610745256,5.46930612463
25.8698431555,5.18148823416
26.4106080218,8.91562542463
25.6306211771,7.88548851694
25.3807500542,9.36761583903
25.9874465136,6.23497363388
25.3315814919,7.18651049557
25.5305019085,8.8431824627
25.3972239696,6.61416660963
25.6328261735,9.8394971803
25.8865576433,5.6631588379
26.2622569412,6.68517301901
26.2137444562,7.14185491491
25.8840161602,8.20861127659
26.3628926223,6.76074293525
25.2699114573,7.29369676175
25.4725566944,9.36527545598
25.3855543765,7.87994450095
25.8472223028,7.05377419872
25.4168925492,9.711970226
25.6468998034,10.1498290587
25.5436171695,5.43314138515
26.4102753994,8.07860336526
26.033385958,7.86272041602
25.5680143139,6.96943986863
25.405421224,10.1947840164
25.2684253032,6.40699948582
25.2108663135,8.67726534691
25.7073741117,7.66556498893
25.7667883522,7.32085955495
26.1516989972,9.08328057756
25.9156977854,6.0935369332
25.6945492451,9.33883331533
26.4168899743,7.20553424369
25.6706450053,6.89710311581
26.261979642,7.19514009479
25.4538814982,7.25299619492
26.1539958011,7.94271922032
26.2190471342,8.88934446055
25.912542231,6.5869740264
26.4447434539,9.27924653862
26.2665830244,7.63746171214
26.1213670874,7.85806767901
25.3929446472,8.55922059151
26.5347227661,7.12741980077
25.2660738809,8.24779843332
25.3126197401,7.39580887949
25.8276113069,9.49523316678
25.2398373965,8.02383911232
26.2238065242,6.17610018947
26.2985937499,8.39933820344
26.0226516693,8.8037985953
26.486543569,7.45776718317
26.5717779866,10.3142976713
26.0874059772,8.88276237699
25.3311470935,5.23336025752
25.2972515971,7.73521168946
25.4645478718,9.27664787241
25.589901333,6.60968966946
25.7847218472,7.97721742538
25.5499762899,7.98235869401
25.8393671491,10.180302783
26.5078225619,7.35290903678
25.7267802083,5.69573117948
26.4357136851,7.88064172126
26.110798018,8.1107104937
26.050785724,7.94666753858
25.9337506742,9.68113482304
25.6352365519,8.48184685919
25.9527775575,5.53567660202
26.3441187332,6.88286408205
25.2635939002,8.38866596863
25.4332387034,7.4958605704
25.568053605,7.05058302691
25.948726146,7.72174038952
25.3698089698,9.88707036708
26.0474750054,9.90837954204
26.2580226654,8.57362112702
26.1270827558,8.45163933681
25.996699008,7.14499941044
25.3305466271,8.28444567833
26.3505028311,6.32287322354
26.1111665694,5.88353299737
25.5177858406,8.52357858161
25.8677532334,5.83506585442
25.917995031,6.8281556866
26.2293291426,8.19931795399
25.4162978731,5.91336116094
26.3827008903,9.65852809196
25.9876797955,8.16239193844
26.5235132388,6.93548055945
25.9591369696,9.74412374774
25.8416989461,6.86465184095
26.2666064891,9.53893520575
25.613998686,6.10665842875
25.3696023006,9.25464425701
26.4520417455,9.72657771275
26.0607006249,5.62216129874
25.4646204819,9.85805163777
25.5349324915,5.73055479768
25.9197095042,9.41507760319
25.9801268934,6.1261345795
26.1318783016,5.33410269246
25.1680895016,5.09910532276
25.6752200209,8.69181537391
26.1296881289,5.51009337267
25.7543477715,5.89023974135
26.0475973165,5.33983247322
25.7151075134,6.41455000404
26.2939153935,9.27982062816
25.3683910048,8.82274458009
25.9532374978,8.55297365367
25.7756602878,5.56338836478
25.7567814228,6.66987041153
26.0084422354,5.44042910833
25.4681740527,9.45139112563
26.2047541723,8.25924273587
25.9060635705,6.94242765342
26.136477684,5.91329144112
25.767336879,9.57275934411
25.4219034509,10.3546083858
26.0640966518,6.15788074344
25.9449828977,7.89339639763
26.0492914621,8.48529448643
25.4763604854,5.35454902308
25.4075600828,8.98794981081
25.4292809413,7.95663513344
25.256501594,6.51269647169
25.8394519891,9.83682389043
26.3597084696,10.299998315
25.7099597502,5.60905300374
25.7403031339,9.98930032865
25.5294597327,5.24942749717
26.4498719596,7.12337711901
26.3002483973,6.19508946966
25.4210383249,10.049916215
25.8648546669,9.67661624326
25.9286456349,5.46452715678
25.3493057127,5.1312199695
26.1624504527,9.20614760585
26.3557958783,9.22900966145
25.7567165497,6.01347377097
26.0006353136,7.41924420233
26.2146375589,8.10086196069
26.2330803778,5.41666858663
25.949343656,10.0779373721
25.5764205433,10.3458710953
25.908098412,6.7219725705
26.1920231428,7.09271353699
25.3432818479,7.66101226881
26.2611488294,9.3527821945
26.4848511858,8.05132556663
25.996019778,8.86509683538
26.1435650606,5.58578188434
25.7079299822,9.64880708673
25.7093110259,6.81848101988
25.8096302729,7.24382606784
26.4155556969,8.25079199763
25.8829993332,7.16696960432
25.5107634908,6.99679107384
25.7296284055,7.85903910248
26.1176060402,9.41472018776
25.6722465655,10.3514856596
25.7605739239,7.51543821481
25.8343890757,6.67257650035
25.9726136231,5.66737801365
26.4705701312,9.52329451991
25.4605276646,5.75307988474
25.537980982,8.40571538876
25.3907219779,6.46196799224
25.5969308226,7.68341281898
25.498793534,6.5906414134
25.7359482006,8.43534332802
25.7636143753,8.66088289425
25.5978735029,7.24159689688
25.2583209516,7.05331269819
25.7744518049,9.02655909722
25.5141928484,9.72506396183
25.2799642352,6.71194621732
25.5322524294,7.19815151148
25.3821631156,5.74710079923
25.328984098,8.0908864824
25.4021134792,10.2735418297
25.5379327498,9.34503971471
25.5176042109,5.95910757259
26.0941513027,9.00820985252
26.0403038073,6.38975173344
26.1681277434,9.67159488472
25.8557217072,5.39622773147
26.2560653392,9.93657970249
26.0355714833,5.04482253577
25.9268027903,8.68304672235
26.0974765385,9.75085110626
25.5995202526,6.35574879919
26.5340239716,9.3006651046
26.2269961236,10.0451354924
25.7884527433,7.71890645635
26.3650464834,8.41757107209
26.0827474909,9.96460750212
25.8169243034,5.65601106733
25.7860729673,7.41514004516
25.6950810996,7.55365994974
26.2675173442,7.30307360563
26.0150438606,8.36695123175
25.5299511179,9.81311936665
25.4981733366,10.3151133057
26.2287312655,9.27323749337
26.3479658963,9.93262880681
25.7099793175,6.13823742347
25.3876675902,8.65739232407
26.1494398762,5.96924552696
26.016388967,8.9432476027
25.2414566503,8.47196003473
25.6347092337,6.23853674466
26.2976030937,9.03633713025
25.6929931614,8.16907385791
25.7915020587,5.76606776088
25.8782637668,5.59109589568
25.4850556056,8.6489084437
26.0478196923,6.52202459727
25.2596790927,10.3488341127
26.1396550087,6.23045996468
25.9872164451,9.90150341778
26.0228457188,10.0621331213
26.3279827015,6.48325848498
26.513710906,7.21699117836
25.6563526396,5.5128973555
25.5871855563,5.5348637052
25.6627841145,8.9954770894
26.2441825303,5.08504264196
26.4742703161,7.01878026225
26.2458695018,8.76835407207
25.7822391663,8.90765378901
25.440347933,9.94241799101
26.2938707122,10.108621352
25.7144390241,8.10655215438
26.0246638542,7.70461164608
25.5575402628,6.75535308066
26.2862738107,6.11470503636
26.1116603328,8.39208626934
26.4999862852,8.12330026831
25.6526148554,9.7601164393
26.0046666965,5.5875578333
26.3627592281,6.24228888217
25.3750974941,5.04818229259
25.3280506496,8.68654248293
26.2843181519,7.70429831742
25.6468566532,7.12342547661
25.8444027714,8.97331063358
26.2750765002,8.25524417787
25.5172671574,10.0080128875
25.6765761526,7.36795317176
25.7007231118,9.73694096716
26.1019669863,8.67299863697
25.2280607111,10.158099637
26.5474604053,9.95371447456
25.6413626058,9.93800832329
26.0553196123,7.63096809306
26.4530327869,9.06221564887
25.1838369872,8.76976375938
25.3704764578,9.15692553754
25.6097070326,7.30464939914
25.9851675226,6.77515884862
26.043357081,5.82353615553
25.7465368012,5.44121896262
25.9607207841,10.1596968278
25.7624067414,8.24506267594
25.4293683214,6.52962434968
26.4147895388,8.79815382831
26.4570920782,8.32882307358
25.3718130566,6.22232043702
26.2181044427,6.57337814583
25.4846815299,5.06229775409
26.4544795994,6.86740012594
25.3326841474,6.87318550456
25.7797195001,5.32957181737
25.8194949796,9.61856132209
25.5256764958,8.29360697095
25.3218404463,6.79009089416
25.9667498278,6.02020805152
25.9526203382,6.40618347115
26.4705429735,7.800513155
26.1626868017,9.97672298198
25.7397173291,9.86649247401
26.3431933526,8.31476995528
25.6559176592,7.00213144713
25.9897188911,7.79601506076
25.5096350252,6.83349939859
25.4678164801,9.17942026912
25.3500101079,6.69396212469
25.3267279384,8.91781932927
26.0699577594,8.16948878131
25.9048128045,8.08333427095
25.6769295423,7.77303280698
26.1469896484,8.19017119722
25.8795800255,7.78818719907
25.2915923738,9.20083728494
26.1763215041,6.65817783117
26.1747159114,7.50839558904
26.0001638797,7.05743860542
25.9753209702,6.48199439777
26.0872633898,10.3240699319
25.4978902137,10.0790743689
26.0250340456,10.2332171332
25.6998154369,10.2251855237
25.6828181577,5.29271786738
25.969351371,8.63768202055
25.9523376253,7.32765099441
25.3940323282,9.80979988035
25.2884251744,6.29457907532
26.3179157518,8.07190027682
26.3718071883,7.89145462575
26.2093096391,6.40632835044
26.5340268049,9.80020128957
25.4464094004,8.73128347897
26.3992899227,8.37436560229
26.20043284,8.41076972086
26.0840392752,6.60525859638
26.0781154914,6.80240333585
25.8261300325,10.0770672162
25.9757726641,9.09939824018
25.4740657822,6.19496665649
26.157677494,8.53385303867
25.7200452308,7.94545383898
25.685885337,8.90525811707
25.5425986047,6.66162661569
25.2336512481,8.55516343072
25.9746907456,5.14128412822
26.3298771833,8.49531886563
25.3502168742,6.09052401764
26.485254175,9.87835663639
26.3061270402,10.2026141277
25.3713490139,7.75105860021
25.6244464238,8.78985090322
26.3208659419,7.96487990009
25.3127314815,10.2003140396
25.9279003493,7.09217496159
25.952350504,5.34486467549
25.2368495565,6.98038438526
26.3705540145,7.61430769134
25.4611810008,7.79197931076
26.1387680801,10.2422120329
25.5951896695,5.04712160792
25.970239711,5.90046858242
25.3467208722,6.5342103166
26.1089505717,7.46369833236
26.1213860979,8.29664366807
25.4686966864,5.16920080595
26.1298664436,6.47606549645
25.2876144104,8.83699591552
26.4795786713,10.3016342183
25.4856413055,6.34775829746
25.1721918193,6.76973051766
25.4662493891,9.79227727043
25.6965666703,7.24278510878
25.552681594,10.1281850262
25.4873264387,10.2076908461
26.0689235728,9.4754716672
26.129884397,8.76158136137
25.3753785012,6.362405115
26.0784512408,5.23849657609
26.1136381967,10.0698095116
26.2863385061,9.64690726791
25.860053171,5.49626798185
26.0814124249,5.13186620258
25.3222451778,5.69769176028
25.227915117,5.1738472031
25.483316141,6.45143424156
26.1353334696,6.13377525985
25.8507624882,7.33671543912
25.9137107869,9.58926031099
26.0350730653,9.3806381229
25.9711792524,5.24947276758
26.0252942824,9.76536348454
25.4141660772,8.25554946301
25.9941795919,6.65702223918
25.5482519037,6.04543610437
25.4189034919,5.36550299008
26.173830123,8.94360423506
25.9456504827,10.3051326504
26.4437344563,9.36297086587
25.2776065849,6.1975839993
25.6178827625,8.60139558927
25.3201677764,9.74328755167
25.8876922179,9.29607117888
25.5178349323,7.46406958517
26.5622006969,10.2540209738
25.3657391106,6.94502716826
25.4542107374,6.78637628547
26.3456501026,7.34608444041
25.7033689707,7.46826136363
25.8982999269,7.42590489445
26.0673706318,7.04987751554
26.5133952433,8.22708793447
26.13124806,7.05757656641
25.8417591882,9.08539588583
26.1416949911,6.34060196029
25.4917747606,6.06216331855
25.9317457786,8.44589831771
25.8361304796,5.06394085629
25.8640995969,8.81282028874
26.4278127102,8.55410985226
25.5630905652,8.19665769595
25.5024549512,7.37344159745
25.5373684763,7.12026149437
26.1630189179,7.43478405573
25.8732201311,5.29249177707
25.6704694997,6.72904534449
25.3109900258,5.37190021174
25.5311923142,6.1389506105
26.1228073859,6.97836143795
25.2811366277,6.92082906109
26.1566011107,6.56415896018
25.3775776051,5.82199411628
25.5984390412,10.2525236056
25.4176561163,8.15364200492
25.2164485182,7.14954908481
25.9801577035,9.30747820037
25.7655566015,6.76030104512
26.4327620409,9.82066438564
26.2424754571,6.94682308171
26.2256560408,7.90362359785
25.4106635571,5.54987190008
26.2324877648,6.24001037355
25.614426991,8.2832167246
25.8866018321,7.98090032128
25.3967257902,6.74649812011
26.2508584869,8.3283811342
26.1875038458,5.3611911936
26.299095907,6.06751897098
25.7048748439,6.56030415178
26.2812435113,7.06117523573
26.4128226553,6.94982076636
25.4669453513,9.07955008311
25.5828478772,9.77148459871
26.3910132411,7.416696338
25.3768798433,5.23136226339
25.8511911014,6.06093260074
26.1605340069,5.27291255381
25.8287867864,6.3112600799
25.2830870582,8.3181641204
26.4346663709,8.16737428917
25.6773266931,9.11669995667
25.7416246526,8.03774092985
26.347471734,7.14987418691
25.601357813,5.44307233717
25.6654360972,5.91792427685
25.6329599284,9.4144753793
25.7004736936,9.79079627802
25.4314406654,8.36945273848
25.6077867097,9.1827894373
25.8911100125,7.2597321796
25.9444174758,5.04609257355
25.6096022935,9.6985047626
25.6026809817,8.90285356676
26.0091597706,7.54312041351
25.5692689118,9.49181087257
24.6406223001,4.7043536631
25.285844862,6.61832007638
25.8417869702,7.51404829796
25.3391090543,8.19414252434
26.0284845046,10.1294264526
25.9935506257,9.98761360716
25.5199209597,7.72861275077
25.7325314763,8.55485855091
26.2572197201,9.75368567322
26.0678962619,6.29478674001
25.5504980179,6.24569639698
26.3330878865,8.7429685865
26.0275609952,9.55855909412
25.3407316075,8.44969906301
26.0226407288,9.67471349089
25.5439281534,9.90591338145
25.2560265285,5.17864114835
25.416791645,7.40690006462
25.8628007005,5.957669282
27.5352461941,5.20254452822
26.8950878532,5.30815487746
27.1478873288,10.0513099478
26.615867528,5.32738188943
26.6808136376,8.29254428366
27.1587856024,6.04906701844
27.3698053133,9.47059860583
27.2316892424,9.96627494731
26.7020966701,6.0346063615
27.2954067252,6.96488945754
27.2948215522,9.68291872327
26.6625363964,9.70395615405
27.196095889,5.82237107656
26.3934098501,6.28868439492
26.6071154248,8.57851515215
27.407275386,5.62365744763
26.590407,9.33466276806
27.3693065933,6.6451363628
26.6638582055,7.55805847407
27.2018700875,7.33914180544
26.9851883728,5.28357342424
26.6163778368,8.93716681227
26.7784144981,5.4643238897
27.2938995318,7.85890004236
27.5072506893,8.71407471159
27.5176354478,6.05526321146
27.4491874778,7.47236483798
26.6179542439,8.68780999637
26.5807360984,7.71380790466
26.7382660858,7.02102675556
26.9246962532,7.82669051165
26.9191433193,8.37376831046
26.2206819901,5.25594215726
27.6221387778,8.99733347116
27.7885750039,10.0031918746
27.7641604402,9.11768412268
27.0864416292,10.0358497166
26.9564281417,7.01377923417
26.7751131517,5.67127796156
27.2276847134,9.22122966625
27.2762021089,9.8007655133
26.3671756631,5.53153072615
26.5709674521,6.06732559731
26.6030878959,7.13987287864
27.2083855131,9.33445276061
27.3580447529,8.65550328091
27.614963708,8.37386874634
26.7846940333,7.24464540006
26.6556591616,9.97165208821
26.3315597927,5.99511303541
26.3527377719,5.88777848853
27.4380881414,8.76336974938
27.3011191976,9.75191116058
27.4343067187,10.1944398726
27.4254744671,6.09244370717
26.8278045693,7.31677727432
26.7036917851,6.28086804422
26.2000753005,5.49816710703
27.5681412362,9.14603051686
27.580601811,8.71899820955
27.5782253729,9.41599668679
26.9894151798,7.67452115961
27.2584082334,5.54352611784
26.5638810885,9.20491248458
27.6147820719,9.59542792945
27.5587619117,5.9326284365
27.4719027142,6.6108781356
27.0992017765,9.33868336103
27.8896098267,10.1629027339
26.7465786508,9.7981279349
27.0240180548,6.08770115816
27.6486034353,9.69329067042
26.9985538786,9.19988860691
26.9299926518,8.50599007682
26.2194750039,5.74463567951
27.4737907528,5.14624236351
26.8967849043,9.27301752248
27.5975904746,6.25373874655
26.6833440092,6.19905696426
27.2228822625,6.46389343222
27.1087924903,10.1286143273
27.2890693556,5.4424675642
26.8527684652,5.74183435337
27.1750825344,8.50650304856
26.8752418155,8.58796399591
27.3521591976,9.62225880822
27.0165927354,6.50483096827
27.5262500763,8.18893851524
27.1432582672,9.41630201492
26.6156450486,9.77692502757
26.2903976196,5.45408209527
27.449455432,9.91689147674
26.9122025685,9.95293624809
27.065604682,6.43377805719
26.9680024522,5.74896399988
27.4451522024,8.05431423901
27.7264896256,9.78987817968
27.750859216,8.52473314036
26.9486107895,9.11061035378
26.5832397641,8.4597750222
27.7469331113,9.6726334831
27.0728245185,7.88540986871
27.2436544918,8.52237483127
27.1101104223,9.09083588115
27.0310382461,6.86520499834
27.185109625,8.56767981105
27.4797338695,10.115302259
27.2928637748,10.116120313
26.8414642433,5.38551012863
26.7801156626,8.33060257908
27.0140800659,5.14336554859
27.1126241275,7.96300618118
26.9965818986,8.98426612163
27.0870498283,7.51497599524
26.5434059142,6.75695433402
27.010275045,10.0784520299
26.7081113294,10.1253477907
27.1760020987,9.0488689476
26.9666225223,5.1995718226
27.2334204232,9.44160263948
26.9010790673,6.35883373032
27.2789073257,7.32142882479
26.6765575585,8.38131655901
26.7320219277,7.88092438772
27.0397773665,5.7046577906
27.3464373961,7.4003223873
27.3100459258,5.52445489572
26.8481536053,9.58042326863
27.3094722053,10.3418311453
27.5547147277,7.53056197285
26.7157409716,5.62151578656
27.098109329,5.55522395423
27.0611263844,9.43484642789
26.8034280451,5.20152865499
26.558213543,5.16617133679
27.5917704585,9.32370794847
26.9785530996,8.42414482044
27.2995313216,9.95772663502
27.3974578674,9.84666074581
26.8948131375,6.76385548877
27.2390354577,5.72474278094
27.0471833238,5.77094348133
27.1271963223,7.04340494974
26.9347294924,8.97211126438
27.3842269714,9.37871634801
26.8327359257,6.86410377709
27.5477843973,8.09593842577
27.5721769337,9.78505681127
27.4576860079,6.32641208399
26.7847365836,8.67698829285
27.8443547308,8.33922304038
27.2252789562,8.9861980395
26.9961935191,8.2355190788
27.6087451269,8.43843502037
26.7416671388,5.38213477031
26.8698357803,5.99990203145
27.2051529707,6.97044125185
27.5926178905,7.86493921439
27.4546688153,9.16149782217
27.2119787343,8.44850200991
26.7743997871,7.40014587728
27.4285391008,5.82236720872
27.2576162255,8.38823344909
27.0901468827,6.67157761958
27.7595389523,8.32069782429
27.2905494964,7.21487756274
26.3605036864,6.07797232984
26.4274717743,5.80214519316
27.7957968341,9.94552894663
27.7793441798,9.39535306651
27.3786948008,6.91242473074
27.4511392801,7.31207212002
27.5139269365,5.62247731245
27.2849822043,8.97499377678
26.9842767991,5.97768058306
27.377587083,10.0947529988
27.9087800399,9.81809133733
27.2707518582,6.38644212686
27.5764720015,10.3541946626
26.9953645695,7.77439888981
27.6479146629,10.2500598707
26.6070777718,7.40147340108
27.4336943093,5.24988639374
26.6275573699,5.87541446578
27.1571131563,6.46655837166
27.3106755084,6.49822189471
27.6568164065,8.77907897371
26.9404843507,5.37459723254
27.0133067014,7.38421526605
27.3782718493,5.52079761971
27.5549870208,9.88228762254
26.8507463444,7.01162218472
27.6488753789,8.67243321953
27.6521333837,7.58109112778
27.3633267539,7.27550484707
26.7512260241,7.18923748227
27.7002056249,10.0494941615
27.8481256741,9.88158827542
27.3062649859,5.02633854617
26.7337362247,7.56379447622
27.1295080015,5.73880644369
26.8655910816,9.76370718994
27.4402070385,6.9838628287
27.1663798187,5.93460688829
27.0845482878,6.00428497325
27.4639811377,9.41025193042
27.3623966047,5.91220699377
26.7582532449,9.09896977675
27.5265820437,6.27070577613
26.5326453185,5.58968582833
26.9728104105,5.05384371318
27.2844640506,10.0376440323
27.3230111819,6.09767949806
26.7848265438,8.81884640681
26.6441155593,7.86822323663
27.7981829468,8.40565978074
27.4202700524,9.60076102087
27.0958629929,5.45923268453
26.7897093697,7.51509154746
27.8214079252,10.2423330926
26.5495695483,8.06864745111
27.4874383336,7.36671969517
26.7729632744,6.1821193664
27.0913763029,5.06518775467
26.6771373547,9.01672702205
26.1226052849,5.42530410268
27.3010360491,7.94698974751
26.849719743,7.14125032533
26.6398048216,5.03015462589
27.2538324704,8.10778440753
26.5383443983,7.99062309137
26.6144379557,7.50342340186
26.8940768909,5.02873536529
27.0685411892,9.76818847763
27.5521549542,9.51774879932
26.6441763467,5.09521402347
26.7659803602,6.37474684686
26.7571952124,9.54916581586
27.4234080345,8.1626167063
27.5536500655,6.00020232755
27.4420179476,8.51501487241
26.5660000828,6.43188299415
27.5931508568,5.69543390678
27.7065511557,9.59363436623
27.0489387671,10.2895097077
27.3845197575,8.82379813598
27.180749889,5.51320410957
27.2078138482,6.79998238106
26.8910655015,8.28034521336
27.5157141675,9.34624915844
26.7011572493,8.62100124381
27.4391979396,6.4785692093
27.6784912685,8.51151636193
26.5115493122,6.12117758688
27.3119731021,8.69597960265
26.3681152292,5.38207986157
27.1388407563,6.88761679006
26.7664412407,9.01916730688
27.0572397146,9.12402559415
26.8315802875,7.72786743141
27.264892938,9.04224841904
27.2585002046,8.61953166067
27.1582836981,7.72747173768
26.222762591,5.57083928053
27.6647793003,9.49322945837
26.6520801784,8.05995363118
27.646226331,7.80251874505
27.0379388705,8.752197805
26.5689259821,7.05928874256
26.9292034847,7.56814438152
27.9663750141,10.1756545855
27.4570719986,8.44263305159
27.2212583227,5.0646436123
27.5047606379,5.53905297172
27.3837778364,8.27038617391
27.8775123092,9.50038664566
26.627904313,7.31201992839
27.7339556113,9.96437745276
26.7221104899,5.2799793038
27.1462884258,9.16447543941
26.7021333085,5.95139828223
27.5462535094,5.39862989408
27.5747118756,5.48402150876
26.9305960166,6.12681478559
27.0914485219,8.04492965165
27.1520609123,9.52418191742
27.2456510128,8.79392521858
27.758387574,8.78460518585
27.3732584739,5.35738631257
26.5203753096,9.08841810795
26.7269008549,7.68390124711
27.0792019343,7.18317586377
27.5424150044,8.62481113415
27.1332637882,9.85309298495
27.2696401905,5.91681790229
27.2132344616,8.18895745332
26.93834348,7.91118493312
27.6418905199,9.95564656878
27.5411823298,8.81077844688
26.9474020834,6.46389855807
27.2954364643,5.27082576172
26.8404974877,5.54131677054
27.2539484676,7.26224243435
27.0718985284,8.8426157061
26.2808961956,5.6840978203
27.55405842,8.28245868229
26.7185908015,10.2232052493
27.1419313388,9.96549386566
27.0085248664,6.95503189909
26.7560295992,8.41578093361
26.9631277946,5.640366858
26.8494279988,5.63107356849
27.5666222713,7.97496920279
27.6407674947,8.58973368564
27.1623632891,8.83563195001
27.4476656205,8.85830346657
26.6500805101,9.40316791041
26.6473440994,10.2903207552
27.2328272891,7.90373858683
26.8561193066,6.12900641338
26.8471147025,8.96782037204
26.7058830005,7.96304539187
27.2919255894,8.45614548951
26.5197480151,5.85281834689
26.1775159026,5.89373793
27.0219663486,5.48041450551
27.0032270853,9.08000818768
27.0551618031,9.50867583767
26.8067684344,6.62941586156
26.6545082177,6.76622889673
26.7313665547,9.34811808119
27.3929504435,7.73940950333
27.1390508994,6.72773657451
27.789845792,9.61181167039
26.5802753118,8.14762567684
26.7071445771,9.60754161642
27.697129422,8.41060078772
27.6284145562,8.89168068916
27.0915220803,7.80029606344
27.05708305,6.7657045143
26.8992797719,5.1411531644
26.5000342115,6.18619082403
27.3432160195,7.17140453842
26.7046364032,8.50071093569
27.831700271,10.0409289448
27.4637310547,5.96979937595
27.4881210074,6.42468680904
27.1644641284,8.77051833678
27.5736809039,6.35483764038
26.98499519,6.57387168695
27.4034232605,6.54304830487
26.8592219742,8.36564293224
27.3207833509,7.80030529542
27.3544802897,9.9072030213
26.6110475039,6.82533059005
26.7174921257,5.85383413974
27.1116107488,7.63708406127
26.9143512667,6.66779175527
26.7349819499,5.7541864159
27.1702524304,8.25919762187
27.7277888976,8.95433894055
26.519495349,8.53681535501
26.3857642145,5.20462216671
27.4661696602,5.71376468117
26.8952294041,8.00079027559
26.7823945701,6.06121374544
26.451841329,6.07746341193
27.4344706596,9.28891369791
26.8611914769,9.66942754786
27.3713545153,8.9326518456
27.6871825271,10.1504999166
26.2388756369,6.03122354706
27.3571369902,6.32118949124
26.6693474408,5.80476554632
26.8063231545,8.88464912582
26.693495819,9.08950557943
27.0323968763,8.50959921108
26.5270791164,6.3801435097
27.3482690539,8.3773890726
27.1197058855,9.70276545
27.3877885159,7.87085452172
27.8907292806,9.9832213332
26.4701370426,6.34920242698
27.4785959733,7.09322441134
26.503939475,6.0298216337
27.034656797,8.13126461945
26.9725788625,9.76031474626
27.6915784384,7.73551751716
26.8898625835,8.87409710948
26.9312544058,6.92212097299
27.5382578668,5.79160429467
26.271839705,5.61669639798
27.6097025335,9.20760326561
26.8072928392,9.17337436669
27.8976778247,9.72658879401
26.600678812,9.59653488148
26.2340049612,6.01819357416
27.0127485226,7.97750898893
26.6204258923,5.15480878826
26.7592974372,10.3045243746
26.9982123022,6.20977554347
26.6137872847,9.098267271
26.6937467807,6.40669462535
26.9708324391,6.76526732253
27.3265503529,9.09321716042
27.362529251,8.57390098756
26.5932363254,5.76701824956
26.6828383212,8.93028779969
26.8740099746,8.66939981726
27.8562393409,9.19346975339
27.8754989126,9.5871336405
27.2183803338,6.14036834147
26.6380543108,6.01568237627
26.7427085984,6.72694835371
26.4379883271,5.32639450076
26.825151764,8.49821131228
27.8033813618,9.7250143565
27.4950680131,6.90961934355
27.2596154966,6.0192889539
27.0195072699,9.70157460081
26.7409944991,9.41100954138
27.0905213951,7.35123432139
27.3245228715,6.81209067824
27.4792572811,8.23111840537
26.9297711859,7.34788540186
27.4730382522,7.7023574362
27.5014977892,7.87701169544
27.5874078714,5.57550813814
27.5172692367,10.1712944276
26.9915177895,9.4524996155
27.5092434481,7.18253122445
27.2587730605,10.1707628304
26.6735323298,5.45486483018
26.9654134672,8.677775437
27.3394422917,8.76895486528
27.2097602113,8.0074966741
27.2324667651,9.74373706563
26.5632226104,5.49744271382
26.9871337309,8.3332931239
26.7309677079,10.0314477939
26.9388951656,9.04381382637
27.3541127823,6.17912631727
27.2081602776,5.38948622779
26.3449920998,5.44158771389
27.1414668612,7.42877000448
27.3112391007,5.10727223205
27.5859234908,8.51813209926
27.452709531,6.69445651992
26.5901395614,5.39445143685
27.7414982518,8.22086794985
27.1511785955,6.3923187433
26.6209898387,8.23618691018
27.4517320721,8.98220761779
27.5645963747,7.625538239
27.4536599542,8.58190042232
26.7160124274,7.30584354839
26.9024138454,9.3650362509
27.6797948561,7.94472493984
27.0663263984,5.62991895642
26.3868713853,5.47974706225
26.9487138406,10.2712787983
27.137541764,9.2607758049
26.9817872458,5.85844063183
27.0234951048,7.09208499276
27.4754921882,9.79913955738
26.8615429714,5.46892401522
26.7390328739,7.7900408777
26.3036006515,5.39719134532
27.1468090325,8.45744556408
27.2338932713,6.6408710582
27.5206312238,6.13526200189
26.9165875581,7.11611547111
27.1013515425,8.59131025108
26.7760195377,8.58021218989
26.8039350685,5.91922865653
26.6560674826,7.75243657205
26.6594210318,5.68704568381
27.7734881023,9.30551553352
26.9043077176,9.44596575749
27.0863319125,8.29829567225
27.3578935865,10.2711155502
27.4132201979,10.3566790653
26.8998268851,10.330626132
27.3668753399,5.16688472183
27.2849362183,6.71786888049
26.7055454712,7.47694163476
26.3194224887,5.03367379625
27.4472966329,8.35573509521
27.6003743801,6.06246990174
27.1201097967,10.3466683661
26.9680184404,8.06238221435
27.0192620994,5.55595261359
27.2021700488,6.70610048049
27.2014642808,9.80588487775
26.3315888103,5.78341201675
26.7161911856,8.12753150924
27.5730870781,9.65352644485
27.6835640777,9.87791652598
27.4226971225,9.69419914373
26.3962287217,6.03950209997
27.0140458243,6.69455060431
27.507769322,5.87801072284
27.1852347011,6.31626105863
27.5327958584,9.99791917431
27.2666054366,6.88931510286
26.610415535,6.34106653723
27.1810564764,6.23500245102
26.4895878055,6.18383763393
27.2707783838,5.3376991273
27.1957370743,9.64388288224
27.3618473434,7.04111444016
26.6308294049,5.5907237603
27.1717302525,5.62995311438
26.7030389839,8.76591787785
27.7357951,8.62163542067
27.1672188402,7.16455829008
27.0965977138,5.16613885942
27.3764560881,8.4738591282
27.1180091037,8.19772306749
26.4076835857,5.71676420366
26.6005926878,6.90441467947
26.4370069972,5.87688175176
27.5288396069,7.31365575758
27.1148054536,8.50505009235
26.7767837484,10.0944788055
27.1110806608,6.10307087712
27.5679089616,10.1858709952
26.8154674385,7.6100890016
27.3313073414,9.1961088373
27.4430527286,5.54657385825
26.8269609699,9.99644831733
27.1299924248,5.37813738567
27.436886109,7.19886602157
26.8137430714,10.1757521589
26.7779469856,9.27257700096
27.1181365004,6.80391706535
26.6727748132,6.95994995686
26.8362020441,6.71134296406
26.7034947201,5.1625959426
27.6337247195,9.83085641949
27.5184376695,6.67324378931
27.5614248946,6.83522830202
27.1550816379,9.76254881125
26.2617831994,5.32392118289
27.4565593934,6.21140484957
26.8451951617,10.2766132594
27.4032774801,7.13950790039
26.8990968517,7.22761506229
26.384976191,6.43305377408
26.8818121599,6.55207353325
27.24736138,8.70874883847
27.0780085215,8.41221611487
26.4418498424,6.14790844146
26.7579041129,8.94105752411
26.6624047881,8.16096138509
27.7513056729,9.20635541387
26.9384799125,6.05235004527
26.5101984778,6.28529069286
27.2744929216,6.25460341497
27.0583056708,9.27114044292
27.0465577399,5.21556843172
26.4674884659,5.65078432165
26.5267756918,9.39916536404
26.8862277719,8.43268287585
26.5856764528,9.48982606593
27.3010540903,7.72911723629
27.2077930014,6.54636425351
26.9840774464,10.3484663683
27.2893916789,7.55329937992
27.4442655535,6.80309081365
27.5210653021,8.47381241265
26.5876951185,7.79923543306
27.5310724979,10.2601779536
27.3141280726,8.17997565491
27.5279304294,9.71045852528
27.4933116507,10.3376961521
27.1550710561,6.62635454901
26.8227691583,6.30160650828
27.5035271232,9.61429428086
27.1627662626,5.22042456532
27.31995955,9.31135537642
27.6785536715,9.37567679138
26.5540532486,5.06086462839
27.0841367312,9.21773543799
27.3455562424,5.23928100484
27.8296939164,8.48083269005
26.3891023614,6.16735422293
27.7405421294,10.2032963019
27.0978459972,5.2896063438
26.8649448485,8.76567955314
27.3479378575,7.63698672744
27.2329403152,7.65908866639
27.4842189679,5.34542545165
27.0645939131,9.6205770152
27.6160537072,10.1671221804
27.6964310483,9.05580777235
26.7103855693,6.85254101208
27.2424953228,9.87792870578
26.6268197528,6.47236736767
26.858771149,9.92697191345
26.5194010999,5.22404737411
27.7367460064,10.3207070706
27.654170928,10.3414064735
26.6268668102,7.22999427676
27.7767835777,9.03703024009
27.218085456,5.27857030925
26.7298907929,8.86758937764
27.4753698887,7.79623508834
27.3208025405,7.48573553418
26.5667082379,7.2959817036
26.9736947225,8.9079017124
27.4473474094,9.99561348223
27.0995397119,10.2205121357
26.4519949233,5.5451522316
26.6027635153,8.77342533143
27.1645184233,5.1463544988
27.2997877287,5.82764991386
27.0752526777,6.31221985812
27.3311539145,10.1823632336
27.0685055484,9.0239599204
26.522038216,6.63634870561
27.4642575492,8.28450323376
27.0941382972,5.84237692705
27.0454334739,8.93945684613
27.0168829474,7.26921568606
27.7370249818,9.4403635339
26.9171987581,10.1354178781
26.8840648528,6.07673378303
26.4621083618,5.02708946894
27.5377602528,6.7457923438
26.4488256438,6.260700197
26.8003671292,7.94298696136
27.4635549644,7.60806181146
27.649909753,8.05119927253
26.9926376425,9.35766628874
27.0623681167,8.67624690683
26.6763198028,6.55772882693
26.2527228953,5.84648314536
27.3323764821,9.01973248775
27.0913258712,6.54995070598
26.5644779341,6.51458548039
27.670181146,9.1520658642
26.6989258424,7.39260430247
26.6112752559,5.24125667348
27.6691151702,9.26260098228
27.3729978612,7.99465920378
27.323210742,8.8462093837
26.631589691,7.6366105392
27.1573818633,8.11020503609
26.6865408605,7.14961155686
26.9384122176,9.86362387544
27.6243019285,5.21964027777
26.9106054013,5.2334375283
27.8324024898,9.66169232746
27.4565498092,10.0543287795
26.7962223849,9.47888993258
26.9170750229,10.033047461
26.5691874136,9.00211541052
27.2225478768,7.80543879113
26.4594609442,5.42223086324
27.1638869153,8.68394315171
26.9265406026,6.28844157367
27.0219222306,9.93436136106
26.681789316,9.51276288788
26.4407609347,5.96548428451
26.5192233897,8.73501424098
27.2390155055,10.3236957321
26.2516416587,5.94150478631
26.7810465433,5.59231613498
27.6829863199,7.65741556504
26.7671293226,6.94313155346
26.9121827656,5.92400274484
27.2603821144,7.11468183524
26.3928418922,6.56530722729
27.3796114179,6.2503442001
27.8699605245,10.3163030794
26.986578547,7.46888847398
27.4570560265,7.95542400725
27.0379996231,5.38078182909
26.7783194176,5.12101535075
26.564033622,5.66697203201
27.2541280099,8.89873162582
27.0384863017,9.85116489128
26.5887376066,6.98072121191
27.2660938818,10.246124939
27.6238181311,7.66253999128
27.5201193926,8.92641243738
26.9772603637,8.58151321079
26.4049318601,6.36227336706
26.5803932683,6.59115337753
27.0803577099,6.96116094781
27.2122444672,10.1084678503
26.7242979833,5.5399223429
26.5941345504,6.21877229258
26.8375422296,6.42581224841
26.856125464,8.08753544963
27.2910784253,6.58833977629
26.4963514037,6.57188504028
27.1602684879,5.43414538775
27.4581432458,5.45434203362
27.6120034663,5.86428470379
27.3067191951,8.03741220722
27.7840836799,9.5178801817
26.749117699,9.92139884154
27.7543806159,9.89095903355
27.0608802803,5.92677617922
27.8871436946,10.0793313367
27.2651699658,8.28921562674
27.1749236804,8.36507813235
27.5050516894,8.53534739239
26.981166899,6.36939731798
26.3383051887,5.70400749003
27.3690269553,6.73949851516
27.5405511539,9.24320075348
27.6192473187,9.08013991613
27.7631755459,8.46773810735
27.1711689592,10.2695646907
26.8422644441,10.0819741685
26.6303057687,8.85720903466
27.7927678286,10.1214756485
27.5149423875,6.5200054077
27.4387363307,8.66364609968
26.5459337318,7.53343763773
26.9667574605,9.54093325263
26.8267850122,5.06262763226
26.6648476143,5.36610174228
27.1459219432,8.93708933013
26.9240196509,7.74390851773
27.6612458881,8.3099924676
26.5594769642,5.96208887176
26.7915335501,5.82762725017
27.0433566906,6.62162478818
27.1115746487,6.18658922142
27.5718337132,6.61566824242
27.1513692431,7.88575252574
27.8283605317,9.79242608122
26.4668283497,5.14438910552
26.8707787426,7.45571254574
27.0077921349,7.8573410104
26.8713528545,7.90869794006
26.4968791084,5.739869613
27.5667248463,7.7381072817
27.6105163924,5.32888905504
26.662808584,9.28083212816
27.4510614668,9.52916064329
26.7549172657,6.45781229561
26.9781950609,5.43706103438
27.3106806648,9.40171991291
27.2577487175,5.18720125167
26.850897635,9.07814824831
26.765242439,8.03778917545
26.8206482458,5.29265629577
27.2791547334,9.54654927942
26.3960125078,5.02794776626
26.5415764662,6.84972300872
27.2057807503,10.0273725237
26.8298161639,6.77255413844
27.1086884036,8.75041345272
27.243300335,9.12672168025
26.6604598211,7.05944088144
27.5223566654,9.04485146278
26.3538480808,5.11666194194
27.5644022676,10.1067236749
26.6663576059,6.11600646658
26.7373959491,8.22018128836
26.8757378596,5.85110870669
26.2917817577,5.21172268211
27.2036437813,7.05167912572
27.3772155773,9.55507975996
26.4478037322,5.25330209231
26.4440335091,6.29984934867
27.5359840654,8.39457592828
27.3741600087,9.99231324708
27.2333507071,7.20566675127
26.832248821,8.19840602747
27.3757255536,8.70740750994
27.0656439064,7.71206993111
27.0125493752,10.1890544942
26.8189440016,9.37552185294
27.3749786228,7.54526786435
26.9360669173,5.50759515235
27.1380109174,7.26048163205
26.7251855265,5.05523933988
27.172750715,5.32704095157
27.7241753681,8.71458789854
26.8322870059,9.86107091815
26.5655011038,8.33523018516
26.8938945439,10.2155415743
27.3231374516,9.84122244707
26.8134925038,7.18660455062
26.4795333497,6.46909464942
27.2409951487,7.45486408706
26.5523110328,8.81087254785
27.0268520148,7.58658376769
26.363169224,5.29496793224
26.2050545847,5.64682947861
26.7778602305,7.10654260314
26.7880640202,8.12920391766
26.7773376565,6.53375297765
26.8844816708,6.20818686273
27.3639175388,9.77809061449
27.4897177753,7.2568764575
26.7791140729,9.68207800044
27.3542954882,5.72727856485
26.616915659,7.95600895129
26.3660217332,5.62148426591
27.2920040893,5.62354163731
26.628931817,6.68239844854
26.3591401958,6.11556281851
26.9002458972,9.16430728254
26.8208166425,8.41162404224
27.1802668744,10.1847599178
27.5292448727,5.27218716456
27.6147096323,10.0383295888
27.6334870339,8.18504755894
26.6960484353,9.16979901805
26.2902153126,5.52997161717
26.8268755586,7.84170660525
27.4093432393,9.05379000524
27.361975086,8.08590690421
27.7162753477,8.85477691497
26.9690041532,8.81407876105
27.3631101807,6.00648955335
27.4476901883,10.2820071895
27.7290524146,8.10795429052
26.9192013065,8.15731600394
26.5241045538,5.31750964176
26.9449641819,9.65845741965
26.1250553365,5.68949133533
27.1899664924,7.55309150507
27.3859192528,6.41721682364
26.9012784735,5.58045376222
27.5060296156,6.9986522439
27.845724188,9.36908839502
27.6691859309,5.42762339778
28.8930214603,9.42326333511
28.2958791251,9.76911572775
28.2040005725,9.95946521559
28.4507348498,9.10485169818
28.2027594643,8.55306453883
28.3102838624,5.04367781471
28.0016171397,5.79229846425
28.6244028919,9.8667948186
27.855760625,8.83284538833
27.7617168766,6.42291338046
28.1911836748,9.12281579453
28.6552327292,6.07926253822
28.1556624625,10.2434213568
28.3629145144,7.29583499224
27.9116751102,7.12552443766
27.804248062,6.64318948804
28.7709108502,9.81413806988
28.7946048401,5.85021480717
28.6729462019,8.42683657522
28.2153462353,6.5563068413
28.7868631432,6.87518774366
28.9108718759,7.72371367213
28.2602874307,6.16108106751
28.2260122291,7.78639490016
28.9155882017,9.94725063957
28.0866372996,8.92644287158
28.1206794666,5.62166466306
27.8764420475,5.24319366624
28.3233677008,5.64092618656
28.1988997562,7.19938822413
29.0973840801,9.89310312397
27.5904585401,7.42140854884
28.0128671266,7.32174263771
28.0524351685,5.58453874431
28.4468391088,6.7236975107
28.7388745109,5.78443374779
28.3587324166,10.2179639853
28.6574895765,10.0139771331
28.3847813259,7.87577594046
28.0867896654,9.85452888655
28.7937845566,5.21582581349
28.122275663,8.36856980719
28.241083575,9.24839009026
28.7882836963,9.53851810599
28.5639423649,6.57253029635
27.7524475943,6.01809551412
28.7005679984,8.74726372762
27.6511149374,5.96690879761
27.6655353032,7.03180272076
28.6440125442,6.61021139091
28.7683493328,7.04433036181
27.8503131219,5.90141112794
27.867879231,7.66026219652
28.2807517405,7.8980848542
28.7696078443,10.006138281
27.969933911,7.22111532383
28.5623709975,8.26706927862
27.9477177051,7.36228055368
28.1422287231,7.41129892871
28.6216633106,10.2876269149
28.3329771848,6.83581745581
29.2130757787,10.0382646508
28.5233506175,10.0696922418
28.1514682405,9.73062859707
28.7299011946,5.69233385496
28.2968778339,6.46398018696
28.4839219237,6.35544247816
28.1893737348,6.46157439096
27.8241492306,8.5654001436
28.532794729,6.43865486286
28.4494791965,7.93095961409
28.1623360474,8.84120715721
28.1973895401,9.19365300431
28.7096729371,6.80687929549
28.5286537821,6.78763826057
28.2912116009,9.04728530657
28.1788243884,7.86942049595
27.825185402,5.66434753698
28.3430167223,5.82453888894
28.6187687168,10.1101765985
28.4473593458,6.64446502595
28.3374767925,7.78984527153
28.6517388827,7.48588219764
28.0578504449,9.6913141703
28.3044646819,6.3721520075
27.854934991,6.4742726115
28.356487114,7.49587568032
29.1732936842,9.6285421212
28.6862870144,7.40314733462
28.365277714,10.3076416326
27.9813306314,7.77589263932
28.019475264,7.84314389812
28.470232745,5.94883643171
28.8274923549,9.4830295148
28.6953331775,5.87381716563
28.7301752747,6.27477867993
29.0686759815,9.75698239906
27.9429487236,8.97615678684
27.7412828481,6.95548746533
28.1966679724,9.68473895189
27.994337905,6.22046661655
27.8086384796,6.55818900174
28.6161963807,9.288144815
28.6829797359,7.94547616583
27.5817439169,7.24338269251
27.9176766523,6.38825064443
27.9688012444,7.89888780656
28.9742269107,9.51500291666
28.1405745139,9.16876084944
28.629394603,6.40335818617
28.7679092864,9.72162611198
28.0558337187,7.61320194877
27.7729829292,6.86122062789
28.0401812043,9.56528697805
28.3740677846,6.14427464618
28.490086967,8.92369699869
28.4160146842,9.58149294348
28.0693555372,5.26342287136
28.5062085098,5.05233875014
27.7517156117,6.58733091429
28.9325450932,8.44397320335
29.1261752177,10.2114753162
28.3443340016,8.37825372016
27.8852158046,7.27437553808
27.6265141345,6.7691554393
28.0672628262,8.76858705771
28.6692304566,6.523627108
27.9650078977,5.55231365096
27.5669056192,6.45183616181
28.2635558017,5.90107885217
28.6924662886,6.35261284048
28.9943358377,9.93874085303
28.4404929067,7.57506960737
28.7286060823,9.29166197703
28.401048132,5.90219270595
27.8366628676,8.18236466234
28.1180450131,8.16338395552
27.7221071867,6.13125024208
28.3595008605,5.35529850252
28.2208528369,9.41172072816
28.6123364317,8.73253095222
28.0257874123,9.88030002651
28.6168120441,5.9355793012
28.4812124034,8.55164536496
28.7013129746,9.05854778255
28.7320283644,5.12850536357
27.5772531588,7.13994151577
27.8318978444,5.3125150728
28.3444429243,9.65766973024
28.6359489993,7.58643978442
28.1982064208,6.09134412507
28.103289211,5.37808318478
28.3893626751,8.96204276446
28.4219868838,8.84297344914
28.1125596397,9.02126381099
28.0068525183,8.13060096216
28.258075637,10.3534274447
28.555892301,5.14750910463
28.4317963796,8.65648716723
27.9398139734,7.30932265501
28.0881618641,7.34857337624
27.9604093023,10.0340016437
28.9684034887,9.05439545762
29.0311059323,9.22636741667
29.1555722019,9.43664731933
28.4603141396,5.8876795019
28.5419143119,5.95873587908
28.2580962587,9.70828486946
28.6064988039,5.51102003488
28.1359748912,9.2599183321
28.563205928,7.77199403302
28.1255210659,6.12217885532
28.6394314328,8.08600436005
29.1469381803,9.36709105919
28.1348932817,5.04901527145
28.4016856107,9.32926358198
28.4307464987,7.19898955994
28.4512068159,7.81378964513
28.628630416,9.68651179977
28.6315664143,7.68964192079
28.8052868645,8.16508844837
28.3561146769,8.55923514132
28.5349440166,8.16150913489
28.312494021,7.21805293379
28.8404253359,8.41399604555
28.5648732552,5.67045336821
27.9053058028,6.76173181092
28.4328067346,10.1497008537
28.3458691265,5.23516193726
27.9404222881,10.2665208448
28.2065729259,9.32236373385
28.2309251075,9.52158386143
28.437865284,8.73865231126
28.0911807256,7.2152328668
28.8824660688,7.61137809431
28.0401687326,6.12563984091
28.0957250577,9.10024013448
27.8880600635,5.3668858614
28.3769063299,9.42344385088
28.335845808,9.23742727661
29.0500898246,9.56117431177
28.2163546396,5.60601425676
27.7981434891,6.30139428485
28.8198622212,9.15353995462
28.3114142005,9.47194818851
28.2874251696,7.5814325577
28.8086331668,9.27671132457
27.8017480484,6.21926360018
28.1631822396,9.86386363082
28.400621859,6.35298301804
27.7577915471,7.92308837756
28.2299275144,6.9020083941
27.9449548252,9.88398893995
28.557677112,7.07865153708
28.5456487379,5.85379774878
28.1528482594,6.74264075076
27.9694974837,6.64203729966
27.6563103378,5.15075721229
28.8954913587,9.1038556275
28.3887793519,9.0583463865
28.4351383049,8.00613922797
27.9170859948,9.29965689411
27.9070309523,8.52100231315
28.0215543014,9.15168454354
28.0358173541,10.1580456703
27.8530600564,9.07977967328
28.3437933414,5.90917262487
28.3178513262,7.64104955758
28.0727220178,7.78460617336
28.4370520521,5.77232273405
28.0242812175,6.57465577063
28.6701724071,9.78050221413
28.1955894031,8.23658613094
28.763554711,7.31616059135
27.5779974502,5.1269799164
28.8287553782,8.51691683863
28.6197612688,9.52176644213
28.5279161117,5.74524234947
28.4230260681,10.0355499629
27.9449146051,5.45374432257
28.2824700867,10.2477234519
28.30125245,8.08227411982
28.7202261555,6.45114233796
28.6130200902,5.05448446915
28.9229652345,8.97115715792
28.1031024358,8.27661983086
27.8455616232,7.19523199473
29.0338804487,10.2216641958
28.8441091792,7.24274346071
27.5083736684,5.04944792043
28.4171670478,5.56369995159
28.0975090641,9.7875015556
27.6631929986,6.33030471688
27.8916266933,5.61181062567
28.3558312632,6.54265041077
28.5303224191,8.79421559577
28.5759209162,9.06944346439
28.8167858044,10.0932365472
28.0056184329,8.95960346899
28.2027328016,8.75472994282
28.3391620801,5.5582590539
28.081027726,9.19442330963
28.2413947493,8.69303037158
28.5446848474,5.26238038785
28.0042363108,7.97669370255
28.6072156822,8.35845886707
28.3536032474,10.0702269662
28.9150055695,9.48066387056
28.1603017108,5.94443618565
28.5438539771,8.87738691941
28.5753054619,7.38439967827
28.0542927581,10.0575372449
28.5788970058,6.96288842361
28.2458444107,5.69502569957
28.5160731891,10.3545470211
27.9920645626,5.34895240946
28.5166013596,7.16425670477
27.7366063004,8.02184100483
29.0571325565,8.96434671992
28.9578359223,9.26338849435
28.6450791444,7.88054465609
28.6539412861,9.19127156271
28.0129812407,5.88939106552
28.2498675784,5.27697644784
27.8075483656,7.95027884658
28.0579764365,8.99623009723
28.3309097977,6.31378892902
28.6188812987,5.42576509983
27.7383220244,5.78463154886
28.6991791799,8.62172487768
28.7580969262,7.19417452832
29.188456154,9.28246399111
28.7267535258,8.94207052554
28.7544893106,7.89697380591
27.8906741138,6.28769416305
27.9815276622,5.97955041443
28.5685648825,6.13459783165
29.1042309099,10.0600470255
28.2589990779,8.01217203197
28.7249020308,6.99270160814
27.7559370465,5.90396638869
28.4548149324,7.09917957134
28.3903888594,8.43491466886
28.043067798,6.72147740561
28.8703839859,8.21765220446
28.4711114001,6.99961960421
28.3719385056,8.76978945999
29.0555141504,10.0822765639
27.9160589173,6.93452205618
28.2175679387,9.78407049444
27.8608291588,7.36704956264
27.6570754419,5.63174654779
28.915032534,10.1206162016
28.6316343013,9.12213627265
28.3867738528,6.92088174768
28.7979469682,9.60359041361
28.1922950923,5.8684220105
28.9101968709,9.3406000465
28.1436809047,7.70753073137
28.9747884736,9.60463845743
28.3505313095,6.4071345847
28.2162742186,8.11038044748
28.8553002788,8.78616887296
28.0039432551,8.5633604213
28.7225698913,9.48131344297
28.7819939919,5.05949669586
28.1012581345,7.50633308331
27.6748358087,6.05198273609
28.3641347439,8.18843676516
28.7112033087,9.90089846216
27.893642093,6.58032991883
27.7521791275,7.37710625761
28.279471508,8.18943970363
27.7483642096,5.47458649339
28.9957541327,9.74734840442
28.9953305948,9.83184418216
28.9463344927,9.17177423396
28.4845800801,8.41954928257
28.7889029672,5.28984434888
28.930166598,9.88967173564
29.1357628314,10.1223525776
28.0234860883,8.85751374724
29.0084418296,10.1357146522
29.0746984809,10.159922578
28.7612562458,8.42639650415
27.9853601232,8.6471484756
27.9312189533,9.42177792868
28.1780863583,8.30874959707
27.9713955121,6.0734009565
27.8944308562,7.75941609385
28.2066262305,6.66512203426
27.7861549264,5.15460833265
27.9871587939,8.44413560298
28.2608268845,10.0429684979
28.0384084418,5.68693884473
28.0535470428,8.67015357732
27.8521472183,8.96368732041
27.955829158,8.79997767255
28.1687475456,10.0565901738
28.7852142732,5.14909164659
28.0485733142,7.07568328209
28.5201987914,7.55754358596
28.054204699,6.29489411533
28.5829387607,8.48341343085
28.6838678702,5.99532354394
27.9443397169,7.57812993047
29.1758462498,9.79294160325
28.8426557338,8.90542326278
28.7529990173,8.83142639057
28.6818764911,7.09978800907
28.3078275768,9.40001679764
28.1203266146,5.55269168882
28.8066943903,6.02886677704
28.5506534918,6.2430315018
28.1825888197,7.95473609198
29.1330731238,9.6939549738
28.071140409,6.03391690917
28.3086360398,6.63782295069
27.9934276922,9.7915923546
28.2647945895,9.15912035621
28.1024106492,6.50225425347
27.9962213347,6.94319234338
28.4959475865,9.02032230802
28.8773446239,8.10344254402
28.2823575756,9.87181523172
28.7615207208,5.99444686025
29.2191302161,9.69288890171
28.6893295471,5.09248185493
27.983110866,6.32822257018
28.1450898968,8.69584604495
28.5363119631,7.26126218371
28.4648782305,5.67357655435
28.6963041177,5.50477004537
27.9615819148,10.1031297549
28.8018284047,9.3771975939
28.5432687495,5.46293370376
28.574717905,9.98406705648
29.1302612363,9.9949544576
27.9374170123,9.12512826092
28.2299499866,6.39283953503
27.8509973861,7.85187883329
27.6135965485,6.6855424429
28.3614267919,6.72907533065
28.0270810394,7.48471480167
28.5030288148,5.20944469055
28.6888212057,5.33519593943
28.6307621217,9.43826909585
28.4674043199,6.54727809207
28.0947258371,7.96635074474
28.3094445284,5.73259832438
28.8313252071,8.32348370697
28.2701091452,6.99150120993
28.6087827182,8.60067293189
28.3318415236,9.55109555315
28.3394928507,5.13135358197
28.3708230525,7.02518776807
28.2597576782,7.41056462006
28.4640203898,9.4264303766
28.3911679829,6.67306348948
28.8627379645,8.61917405951
28.5107787028,10.2403688195
28.3689184292,9.83469118097
27.9255941192,5.80747444425
27.6737650499,7.12425389252
28.9903094596,9.41330450819
29.1455895741,10.3144975262
27.7233608774,5.62691224189
28.9246115884,8.85052128841
28.4753603325,7.73669710875
28.5412241928,6.66702946067
29.0699802383,9.47614559458
28.0368224324,6.89948139116
28.5982282346,6.51091280418
28.8512972056,7.03175325216
28.0544076978,5.4794481915
27.6246022524,6.52267216982
28.8079085825,5.67399915628
28.711054432,8.34232980755
27.6094022595,6.16189808915
28.8952201404,9.83192699264
28.2151366192,10.1954624288
28.2133112386,10.273056806
28.4139242311,6.09282700514
27.88968284,6.68990357758
28.6431566344,6.46768978145
28.1926533478,8.96546621183
28.1042091793,7.29453654542
27.8248781774,5.96855690877
28.8330174139,5.18103383424
28.4038149981,5.05006948177
29.1135594189,9.20493279478
27.5765418378,7.04478653544
28.2627502614,5.10362497612
28.8455939863,10.2048015798
28.7185839051,10.1034571429
28.2610044245,6.84731989903
28.4896146013,9.52390556712
28.1707392161,5.48266910678
27.9712029772,7.68482080689
28.7685430621,9.22379548472
28.1476657313,9.44390221039
27.5937045225,5.03680394734
28.7716402401,8.23766123544
28.271781536,5.50838380814
28.1123134475,6.62182841846
29.1043325123,9.62039429591
28.4934618099,6.03910967481
28.594446628,6.02138618642
28.2347815254,9.6447276671
27.8265119473,6.37078976791
27.9490808329,9.20030271694
28.4015751115,9.4976710214
28.7303804279,7.67344489748
27.7634916086,5.37509468388
28.0692605833,9.31305225004
28.8665747294,9.67553699878
28.5717887245,6.3353474241
28.4791951803,7.46558363111
28.2604175665,8.60086416768
28.9467994029,10.2080925647
27.9087283568,5.2971556207
27.7477688133,7.06497281576
28.8242525351,9.03221517483
28.7965370784,7.61616093096
27.916190633,5.71630311706
27.8111103096,8.70422608574
28.0063969578,9.05602905826
28.3997555044,5.63245682185
27.8328394598,6.8013618858
28.1126650085,5.8239907073
28.7106780122,9.22123933569
28.1539666973,9.61081456256
28.6195310379,6.83581681507
28.7013554407,8.00620424199
28.6495671693,5.60864409267
28.5799248932,7.16562560094
27.3973569155,5.06228496044
28.9793210136,8.78722003648
28.193544246,5.11173730692
28.1618253809,6.03488001049
27.8100693561,5.24153592591
27.6918575579,6.84606718998
28.5909814634,8.89936100324
28.0337196841,5.05218878048
28.6159110887,8.97872762113
28.1588984671,6.37081454069
28.7357790357,8.07021585986
27.6759130372,5.54037221659
28.6437101603,5.13721736298
28.6262981955,6.74136272372
28.4372156671,8.1734669083
28.3621946187,9.13814435452
27.6918536963,5.06537033559
28.3032914106,5.4331862855
28.5228175156,7.65874205749
28.6547211593,7.31555152441
28.3715721913,9.75894135219
28.3943376733,6.60928981926
27.8619193297,6.05813536709
27.8995195207,8.63705271405
28.2692206856,8.3178554162
27.7947725954,7.28192554025
27.8263787569,8.26778841343
28.1228541706,6.23133304164
28.4645230733,5.48725066363
27.7651909945,7.15011656869
27.835290464,9.43936520543
27.9125809308,8.13326201758
27.9216500893,9.03050738984
28.704440085,5.21417378735
27.7348539126,6.50859471499
28.1291070052,9.36655979409
28.0701668218,6.38425078041
29.050182118,9.67116180884
28.9929921301,8.8834176504
28.1476382181,7.79574489009
28.1858916466,7.31060094577
28.2324691365,5.7950534897
28.4480233509,10.2974220619
28.7907791939,6.96747908604
28.2682506287,6.75385262924
28.0897680572,6.82941859684
28.63934177,8.20221639948
28.3576380991,7.59547614815
28.5547897257,9.4578889428
28.7283424676,8.15303519217
28.1568862447,5.19985182709
28.2615581411,7.64463880873
28.9274691707,9.75790577035
28.5294465229,9.13954802782
28.1557217009,5.70851015715
27.9206833313,5.87995495072
28.4590631588,6.17043337585
28.3658528609,8.26877344793
27.6555620052,7.32735489168
29.0214293572,10.333662654
28.0133955466,8.23259464419
28.7336839702,7.57836047953
28.0465491245,7.7097404172
28.6237106172,9.93500955163
27.6885950667,5.8399631207
28.4232341859,5.8495732497
28.3332154336,6.09021378167
28.6693666401,10.1877371309
28.7696624444,5.4938153554
28.3696280221,5.47997924427
28.7515974672,5.93587940951
28.8133018717,7.54112012946
27.9926431686,9.96132975472
28.1203191269,5.12306564217
28.1308848943,9.51200621089
28.0185818227,9.24824731869
28.0535156776,5.16271264501
28.2154669175,8.48722314409
29.0922039235,9.40565360872
27.9724686752,5.14045291699
28.5146240788,8.322186346
28.1686449871,9.05978954529
28.4609457564,8.11043911479
28.0590765359,10.2517790897
27.6714692464,6.41802694313
27.8484066548,7.04019393949
28.1883543872,6.82851444112
27.6769492969,6.62388611879
28.2732819182,9.60008386359
27.8401338269,5.45396116299
28.4078009447,9.92266012484
28.4117062756,6.44824112054
27.8369166384,7.53657570971
28.884558064,5.12489014155
29.0711652658,9.31659119824
28.1595253179,5.30296101778
27.9522587815,6.73394656608
28.7520452457,10.1870724917
28.6982641389,8.26186868525
27.6972390175,5.70319781609
28.7669474411,7.41239744743
28.8984997942,7.97629562872
27.9609242609,5.63288755472
27.7054621928,5.18157247273
28.4788445308,7.3661900574
27.7595193739,7.62442751514
28.8437295641,9.77289633792
28.1717274085,6.99784669538
27.7962259422,5.56452286798
28.5744010238,7.51126202509
28.4165624463,8.34430921503
28.2642198951,7.10889578361
27.9199234155,8.23744447424
28.9095433951,10.2943030548
28.0108501596,10.3506924489
28.7009613129,8.52993435345
28.7240200497,9.15599557293
28.0838618921,5.91140150369
27.834121318,8.06451651201
27.8402319526,6.89125742574
28.456768877,9.66712966666
27.920202911,5.0617256093
28.9715440249,9.68621222938
28.8758826511,9.23578169294
28.2926451502,8.94761675819
28.598907906,10.1964961778
28.9467340017,8.55786127665
28.7909789785,5.40483334433
28.0509200476,5.95299727927
28.4945701356,6.89301467723
28.8796080224,10.021552207
27.9597417357,9.64090116476
28.4366538869,7.29993458013
28.6953831494,9.6921774834
28.72514053,10.2610831102
27.8924259957,7.95932289213
27.9169868609,10.3627338353
28.5020536796,9.28665845471
28.695652385,5.0313270268
27.7195455378,5.27046321601
28.8061128587,10.3067319122
28.1287952217,10.1539950683
28.3801895988,5.99459395604
28.7316542199,6.69290110364
27.9396130676,7.45998269851
28.3978599701,7.68163412739
27.7317281661,6.7325354826
28.4586541569,6.27246795001
28.1990250506,8.63740876856
28.2862633738,8.79207457957
28.893567267,5.41413255354
27.7938421012,7.74496135868
28.6920412188,6.17281648924
28.0382068992,8.34542275915
28.2553281241,6.01522938097
28.6139621804,7.97535362579
27.9471739916,9.52131694235
28.3943250919,7.38788491449
29.0621887644,9.97473497896
28.2270171655,5.38424885058
29.0439379529,9.13227086841
28.0952950646,9.94384412176
28.6482189663,7.2167179833
28.5839860768,9.82050878866
27.8275043115,7.12261032748
28.3670605523,7.11715390238
27.9464429227,8.0461903121
28.1316658863,6.32158380488
27.7312849649,7.84035805217
28.7858954103,7.77567805884
28.9847666235,10.042110446
28.4647143193,9.82016498517
28.2246839496,5.04069800723
28.1504064078,6.91288451541
28.5194146026,8.03921893664
28.777861168,8.69129144264
27.8148876986,6.13778526475
28.5231061707,8.67416490702
28.7831458406,8.60508391677
28.358489502,6.22745131813
28.557690177,9.61383495616
28.5435453114,9.73812513097
28.8343059165,9.90782540323
28.8869074301,9.56241329769
28.4838221142,5.38287644738
27.996637894,7.12610156593
28.7777734799,5.5842759376
28.2995953381,10.1408438619
28.8193001617,7.67970052909
28.7988881002,6.77935222774
28.0074512477,9.35034266662
28.0895259124,7.87375591275
28.8632017158,6.84658263308
28.3615916061,7.97754288689
28.2961828555,6.90183949216
28.4919843992,9.98076686115
28.7397807643,7.48656333706
28.5392543063,7.88074019473
28.5248863643,5.57603830019
28.5456317479,9.21529886695
28.050025394,9.44293259384
27.9655084156,7.03525106926
28.4497318722,5.27146739163
28.2597801576,5.18221493226
28.3835148606,5.70290292037
28.344083724,8.68492528479
28.68776065,9.37692183867
28.2547254996,8.88531336999
28.2592424672,7.51243691231
27.7761053139,8.88123307537
28.0619994115,7.13695696189
28.6355597445,5.75879652582
29.0633874683,10.0277342697
28.6952885295,9.60222415866
28.5912559096,9.17171101353
27.9807280455,8.71957549959
27.6114130478,6.93644440672
28.6697430492,7.78208231104
28.6953201128,5.4244215396
28.6389324277,6.26735842436
28.4444653143,9.20246700538
27.9693160926,5.22929931456
28.1399811984,10.3358730038
27.7031611406,7.22632262129
28.5425525971,9.89921231384
27.9693781623,6.82703599741
27.8378736351,5.81337968316
28.4439363426,5.14967897742
28.3823906744,8.08306323385
28.3272354807,7.34402512018
27.6464916651,5.77902536411
28.2761896862,7.30461644787
28.1836894908,7.59145517998
28.0429901308,7.41341793392
28.4640553401,8.26003184732
28.3370641379,10.0021385285
28.8126238031,8.00582113094
28.116553101,8.59005201759
27.7374048961,6.34407958924
28.7476520992,6.57161544566
27.7757183618,5.71695370423
27.8981774893,8.73629008311
28.8648623899,7.90578694144
27.7216539179,7.48825388637
27.8076679285,5.05130231854
28.6063755519,5.22041628642
28.2020556046,8.40771119188
27.9447319276,8.33578609836
27.8965132272,5.9608155638
27.8960123239,6.16458415374
28.660675652,7.00266858461
27.8847090543,8.41315433942
28.4207949961,10.2441032172
27.9443898577,8.9013257976
28.7959821896,8.10256738565
28.825878322,6.25091498888
28.2394551793,6.28360790731
27.6949050061,6.24988294216
28.713006281,10.3420799847
27.979114315,6.47938070028
28.2890625882,9.32160535043
28.985790836,9.32674001107
28.330553052,8.88010960005
28.4405132642,9.74382951897
27.8872748149,5.16594554848
28.9245093557,8.73843712185
28.6406077353,8.83123166744
28.7435764287,6.0728456233
28.684004487,6.91462809142
29.2066465334,10.1958975934
28.2965588374,8.45381780575
28.4238194339,6.81757097339
28.5500188091,10.1580985112
27.8351971368,6.95309164207
28.0710323094,6.98434259811
28.1095515891,8.46981406747
28.1894727107,7.48773998688
28.5421137691,9.3709678958
28.1438848853,7.09624701409
28.2841036756,9.95946231105
28.5841478953,5.34074061703
30.1114393433,9.07855940222
30.0532836528,6.20519695826
29.7039174617,8.422251902
29.6303987139,9.99174859253
29.5446887052,8.09734108728
29.387123009,7.55740982357
28.869968357,5.33217267815
29.9762964644,6.47480651533
30.5464285246,10.2921310827
29.2769568553,8.93024987914
29.7895575924,6.0030960062
29.2488796652,8.37996335466
29.8878498191,8.51656514247
29.247174432,6.97615739998
28.8370924792,5.94553131785
29.8879294082,8.03528657402
30.0977618794,6.09734627236
29.8636288733,7.76372797035
30.0149499587,7.57797864187
29.8100349616,8.85595609843
28.9678947583,5.15928097642
29.2031237007,7.37902128976
29.0148670687,6.69128041288
29.5359262336,5.6378313175
29.1324718176,8.87584927496
29.2989706114,10.0569597404
29.7118898755,6.94304737718
29.2577126622,6.28314649062
29.4320883399,9.18544207198
28.8002734439,6.15298459661
30.1867105193,8.80238615743
28.9446416885,5.22342354609
30.0929161913,7.55081035594
30.2717000401,10.2434743649
29.5826331092,7.06230655731
30.0977134577,6.98181027398
30.0230436511,7.24328924106
29.3218780502,7.75557900447
29.7038671754,6.04572180208
29.0892746017,5.66175480425
29.9282708744,7.72207018071
29.9808738019,5.48122248322
29.5778753234,7.95300083095
30.0240107577,6.9915807548
29.1618765589,8.09481886351
29.5832681006,9.82197632126
30.0034566772,7.94105851246
29.0907619618,7.45656408626
29.1018289171,5.33363869066
29.1437460815,7.29212341834
30.079467864,7.18564205275
29.44296179,8.25616840992
29.4297662028,6.19612003178
30.056014414,5.06276516172
29.9344016317,5.56388991866
29.7592472582,9.08642397467
29.1581186419,8.38604224789
30.0334588474,6.90115143585
28.8201658379,6.08103770412
29.990833587,5.77097750111
28.9316089559,6.29687673098
29.296786941,5.73456641762
29.2382373042,5.80554811477
29.5000314212,7.76533280966
30.0303836712,9.26218011725
30.125141675,5.67993842495
30.0445830079,10.328728555
30.0688252146,8.53536594523
28.8607542483,6.61040606263
29.0505845949,6.79766322308
30.1540386977,8.08085211288
29.609004657,7.84947475918
29.3232614233,8.73206268792
29.750183564,7.95833584719
29.5123640453,6.41446549944
30.0962400858,8.4495194645
29.2627714734,6.56313012191
30.1640490986,9.72987568373
29.6014931016,7.50546035674
29.6011914915,6.36700675247
29.3346891773,5.36284340877
30.1424814176,6.83492597894
28.9627966543,6.9282563437
29.1894940591,5.46941206731
29.7689470083,5.0638749317
29.492410091,5.42513839134
29.6157455236,5.95670580486
29.3559667189,6.98609896343
29.8660986359,9.06722352116
29.0232940162,7.16896009924
29.4800545993,9.69609932233
29.2270603557,8.86838930036
29.5142405756,7.66398744207
28.8784841773,6.93280341537
29.0388354081,7.3742241579
30.0827703485,5.4646764834
29.9849649745,9.70409154127
29.2632889008,8.51306137006
30.097991199,6.43041038421
30.0175876276,5.67422242205
30.174914476,6.62859830749
29.3811773499,10.3347530063
29.7592162931,8.51284902537
29.7595355655,5.70941581999
29.1254049844,7.38635663001
29.6723327025,8.59621950671
30.0552074063,8.90547354262
30.10358663,7.64018182208
29.5114455779,7.0922292736
29.2983326389,7.65195535495
29.8569892803,5.5725554171
29.6231269435,8.48894099836
29.4225034318,8.44073093773
29.6284827599,9.11848043742
28.8731603747,6.03941668517
29.559107105,8.69474639615
29.6227892767,8.67308018085
29.6856484116,5.65647081347
29.6260256441,7.38281713797
29.2016360081,6.69445623881
29.1649587584,5.84815945809
29.6751998351,7.94110344415
29.9623884308,6.53587488432
30.24595007,6.6643750347
29.8607998409,9.61737697649
29.8139192889,6.46415574535
29.9103060344,9.43479448764
29.4497622903,8.95126042854
29.148684136,7.16461893012
29.4903732978,8.68254589537
29.9939549655,7.86479210871
30.0322540941,6.79237518797
29.936432191,9.10759907753
29.9747284236,8.31963613115
29.8504866204,8.20053582432
29.4536139535,6.31537429568
30.0838306397,10.0309607689
29.9153533775,6.40718813654
29.5059577378,7.42076519166
29.0307102474,6.89839987646
29.0528522127,5.11722975496
29.5643561642,5.9178264575
29.4906674072,5.92407901272
29.756304996,5.21060030957
28.9392947725,5.0252217694
29.8124986742,7.93162561814
30.1845366656,8.40734242891
30.1627898959,9.03186221421
29.589904969,7.73966117582
29.1344752426,7.5336862122
28.830912774,7.39360454057
30.0130473757,7.3461851393
28.9971176381,5.87364091051
30.0113700404,9.47498440375
29.3979073284,6.51568951181
29.6562292592,5.37762007636
29.6198459346,8.36568123646
29.2221599538,6.4857534732
28.9058934684,5.71286401302
29.7887185003,9.94733970232
29.3459477687,6.34719136612
29.5347978112,9.92648894443
29.3787728795,6.07381837851
29.7436847676,8.89544863111
29.246648663,7.23662096092
29.985958004,6.14222568996
29.7144124487,5.46450791386
29.7129676791,9.90533626169
29.1083111372,6.17039831138
29.9663932202,6.66952842832
29.6442184196,6.85459764448
30.0933277066,6.63708006913
29.3904348579,5.55248518303
29.6044998192,6.97320357729
29.8509271029,6.0238931427
29.1775898447,7.46153767835
29.3425701018,8.19054757675
30.242854539,9.74604597982
29.1966302632,8.45118258249
29.7334540976,6.30975884291
29.927464872,6.74279036855
29.2495018126,5.62760561377
29.3283684706,5.6556500759
30.3831986298,10.2664903363
29.5187507402,10.0326764432
29.0387001179,5.5938740624
29.2868468602,7.84670981302
29.2224572368,9.38552934007
30.1029975183,10.2947274001
29.2962867991,9.20417460203
29.5700578423,7.13895586613
29.6019339154,9.2301317972
30.4768181273,10.2382972994
30.1270367934,7.28176509035
29.520621083,8.31051822405
29.9338065459,8.24276542491
29.2725680749,6.74103058188
29.886156323,7.85670168126
29.4451996187,6.81510514968
29.8564435006,9.80191418537
29.3727528642,6.71674546917
28.8323253939,6.48572688621
29.7967078341,8.02118182319
29.1675966015,5.37883471873
29.1154863612,7.93527394065
30.1286636102,9.28899791041
29.8487064898,10.1069980137
29.2891247353,9.84592315662
30.1492977937,6.71154878588
29.7518098001,7.90460096173
29.2391036831,6.08275457033
29.4136787163,9.28250289843
30.040248138,8.25278902213
29.6656836194,7.16099684496
29.1477153849,8.53768935266
30.0098763359,7.66734447319
29.2908167307,9.27838171496
29.3893985127,7.06963863681
29.1151576951,8.4448466916
29.8824048188,9.88286853862
29.9971261833,8.47428630668
29.5179730377,5.23247220243
29.8210925215,10.3063733142
30.2420408587,5.05442695331
29.9322364394,9.19339236768
29.1181207674,6.94643502669
30.0506851997,8.12765568176
29.8014152702,9.71788279764
29.492576859,8.87063547786
30.0888427032,7.92194259284
28.9027644858,6.4008383049
30.1148302061,5.88037417276
30.0773730847,6.30619002097
30.1765176967,7.14307652374
29.7942507018,5.53039951986
29.6866852754,7.7665565855
29.5952423263,8.85310700583
29.6902176527,7.31862114722
29.7839440754,10.2187759781
29.8270625182,5.92444558841
29.1478990013,6.1109438124
29.1154530938,7.82314407571
29.521483505,8.77099292739
29.0705600288,7.05465263056
30.1493457474,5.03945410526
29.3460259058,10.237094873
29.41757839,6.42723086281
29.9077356623,9.31034553076
30.1403349043,10.232394759
28.9560552629,7.01587221778
29.3992431034,5.05349033597
30.1397745975,8.71357419722
30.0524995017,5.53038189954
29.6362180674,7.63886250259
29.4671922169,8.61551508481
29.0670883932,5.03244125425
29.0369281398,7.27441324059
29.7628686614,10.1259502682
29.9135815125,7.61118384598
29.6047338603,8.94879662423
29.9612631676,10.3111345271
29.4357440935,9.93241138241
29.613825057,5.06319543207
29.4365961658,6.56276214224
29.0326462684,5.75381199716
29.9498926847,5.12787957843
29.9598578507,9.04695526601
29.3107798683,6.17780942788
29.9428244413,10.0667220162
29.5248261593,5.1370754066
29.5528211481,6.26804776207
29.1633847843,6.60265736969
29.710405319,6.63961571499
28.833704704,5.75654232209
30.1100753546,5.38131673557
29.1883638352,8.97817013322
30.1830385747,6.46926634277
30.1768837399,7.02891081834
29.2744505867,10.3166932356
29.7018092784,6.51751368875
30.002150787,7.74364999853
28.9425658802,5.47063812403
29.6906409426,5.13149989349
29.6558599385,5.79269101427
28.9707283041,6.06252585994
29.2779156022,6.65525845225
29.7002912651,8.7064921039
29.8714001661,9.98797508763
29.2771192159,8.25880159787
30.1978055949,10.3184779981
29.7341872831,10.3433935647
29.2249325044,5.38487089719
29.9459452888,7.93455293223
29.9233155852,5.97592005097
29.4408302386,8.52758148306
28.948404694,5.29283612402
29.0168679474,5.33361459084
30.0872164357,5.74491601236
29.4817573224,7.54680952307
29.7542162545,8.60511957919
28.9524085293,8.1599011105
29.5308586318,6.68699685616
29.7915705635,8.97179484924
29.1765139774,6.00069553211
29.3614101533,9.5038771143
29.2100944046,9.93237657207
29.9988148053,7.16928293877
29.0398678592,5.23694537177
28.968573815,8.03764384145
29.7692487974,6.83262105343
29.5197851495,6.59449075836
28.9385086091,5.96469745746
29.8707188831,6.67163746841
29.6342444517,5.49464556279
29.1422300683,6.48460472146
29.4342673907,8.18054457722
30.0448296863,9.57444716089
28.9607756872,6.49459131742
29.598261523,5.65786009045
29.5168004038,9.27434740816
29.2181844219,7.74960916201
29.5081890385,10.1464738606
29.4878741921,7.88111935411
28.9045274115,5.8880134897
30.2326791701,10.1596993445
29.7987986168,9.38361644941
30.1099205927,10.3615234693
29.0000777997,6.38643239236
29.7119796205,5.55571378143
28.9988476496,5.04056415016
29.3389023745,8.4354670406
29.905700075,6.50144797058
28.9477560864,7.52993021907
29.7619862888,7.02455280885
30.1318717117,7.45561246381
29.0261698192,5.96041402219
29.2514357005,6.39640237068
29.3662611209,7.20717477768
30.0723504307,5.59122500911
29.5743375867,9.37675752242
30.1676670471,9.98460598783
29.4418733032,5.63154642714
29.4313940233,6.94214188333
29.3993811577,7.46678426101
30.1425349535,5.60314716542
28.9603015165,7.31679647354
29.5651214024,5.3303945663
28.9100373779,6.16925627901
29.959051837,6.80046460654
29.6201863131,8.11523515459
29.4788074245,6.10547144228
29.295417499,5.54314642442
29.7952776435,5.45145206267
30.1160597434,9.44497254595
30.3442895829,10.2246726343
29.9431723487,10.1604048798
29.0358139685,8.49311124839
29.3735435987,5.25551111877
29.7806595134,6.22707785769
30.0398942349,9.03813239414
29.9736546367,9.93169118065
30.0298907184,9.13718755848
29.4247718737,5.1675734158
29.1537515401,5.18835283774
30.0531296279,6.58653973288
29.5235026815,5.73267577469
29.9154391496,5.7300263642
30.0736747085,9.94395723158
29.7081324727,8.81261529805
29.2167272802,6.79001549073
29.345013335,8.57222776002
29.4214011456,7.99535684077
29.9857768879,8.5791209786
29.6021366933,8.26986735183
30.0726134693,7.71640094359
29.3927363237,8.66280523672
29.2846265836,5.06139641937
29.0886418442,6.38010622994
29.9338042316,5.84435747069
29.6205724149,8.75561676368
29.6563130961,9.8166283592
29.2403763228,9.06994108016
29.9114426578,8.97192641292
29.820289662,6.34362697675
29.1538787814,6.31838377099
29.6796946849,6.75151879617
29.321185895,7.32507964203
29.2209505429,5.29230279923
29.2854670649,7.44652327086
29.619083133,9.89213804978
30.0551555966,5.17791646004
29.0578296838,8.12984523079
29.0345770437,7.72386267702
29.8463087086,5.11374931365
28.9483399669,7.91451747671
28.9693645798,5.66186932842
29.2341896165,8.75023088778
30.0628709516,7.80577905564
29.9477290918,10.2368294557
30.1797576876,6.02310933783
30.0017480939,8.9658823353
29.78635701,7.58200882589
29.6983002803,5.7435661158
30.1173233052,8.87279794212
29.6235694858,6.58810949518
29.0952066137,6.86871361457
29.5073238554,7.96836604893
29.9637692524,9.81501764514
29.7118711389,5.95440003764
30.1590682979,10.1678218989
29.82567191,5.26687046582
29.2330083906,8.04128147075
29.3863128376,8.90821211547
29.4107979962,7.37543095294
29.7122967911,9.17043288432
29.8714501509,10.1903801741
29.561822519,6.77531954153
29.9600648378,8.86894559166
29.3784541648,7.893183244
29.1662251826,6.85180476374
29.933368462,7.09538966713
29.8560376658,6.75958523308
29.2981681427,9.41238521731
29.9254517261,8.77121373989
29.5927661583,10.1989981923
29.5744417602,9.17931717594
29.3755839143,9.75516340696
29.0769598153,6.61765431031
29.4629368411,5.52808076126
29.3853652751,9.62941333262
29.1586446914,5.06462168817
30.3874170324,10.0789489536
29.9640953878,5.39030033702
30.1970369836,7.3682388047
30.0274171052,6.63534926991
29.5975412132,10.0930239246
29.2465551882,9.47814358795
28.8811925984,5.58248162906
30.4702244872,10.3189247088
29.535275132,6.17332501526
29.1222616005,6.23830983069
28.8772681698,5.03814247912
28.9547258671,5.08957890654
30.1849207988,8.91633195396
29.153401515,8.66237330845
29.0458876738,8.60304408284
30.0030991834,9.37468454973
29.268231722,10.2178614311
29.2979815337,5.9785247354
30.3928905661,10.1786326796
30.030571768,9.87342513887
29.2242263335,5.70094432939
30.1531556618,5.80610516166
29.6625151222,8.20548320824
29.9840401694,6.59362913155
29.3066489531,6.93755284687
29.6592095768,5.27530362937
29.0972964561,5.8316617916
29.5132654568,8.42688386891
29.4113494187,8.11593131597
29.2323819862,7.3163035885
29.025550152,6.15634530804
29.4544778302,10.2518391493
29.9743562251,5.23021277171
29.2702889623,9.7465936429
29.7917808474,8.67279139002
29.3325247659,9.11295868304
29.8819386468,6.25638655196
29.6748829521,9.01365719938
29.1135647818,8.3364202008
29.4193246839,7.29588145881
29.641373946,6.0224002841
29.0672282496,7.99326092749
29.4507696765,9.55472063896
29.4152200737,8.86140247848
29.8061230611,6.57903058109
28.8200819731,7.46397238496
29.3011545648,10.1451617152
29.1111837426,7.62883681644
29.2854698662,5.89025855949
29.2996616398,7.01937745358
29.943513049,8.11193127577
29.4575673506,7.15145279827
29.8113495959,9.51240541675
29.6417281734,9.62264444415
29.1031842155,8.05252987359
28.8733582023,5.24367144362
29.7870062676,7.79135001571
29.820878639,8.42093757061
29.0419120906,8.38548706651
29.1591261805,6.4074860071
29.9203231079,8.39575287074
29.4488822226,5.31641358715
28.9436935705,5.757977743
29.2995978915,5.18483944422
29.8423310417,5.83455642099
29.9704034175,7.80020954371
30.0073942273,10.0162219983
30.0055829704,6.39910306026
29.4579959985,7.22325900726
29.3222437409,6.79996849823
30.2630948101,10.0527174431
29.7353761789,5.39208502851
29.4751553006,6.02333638866
30.2018244767,6.38653697445
29.4076080674,7.79695728377
29.2928054869,9.00779081545
29.8446340433,7.03628778359
30.0411801489,5.30625392807
29.7094401156,8.02012121089
29.5541880038,5.55576411791
29.6918483461,9.50118369099
29.2164104302,10.1235847375
28.8335872879,6.70694145312
29.535935599,6.89075236194
30.1551427326,10.0906271047
30.1071986604,8.97655503204
29.760963558,8.22447107867
29.4108367539,7.63503127411
29.6341048893,5.58853413413
30.081616446,9.68283710125
30.1381002285,5.1235559017
29.4510523755,9.34264653169
29.6266879977,5.7254207009
29.9976265763,5.92012501581
29.7503627679,10.0331065849
28.9511780982,8.6627238136
29.9229535572,6.31813306955
28.9486076317,6.64857295103
29.9883475768,8.70236845383
29.4099689191,8.77564333777
29.8229775001,5.75745619582
29.5212540515,7.1922971049
30.0837898464,8.63707959704
29.8686068771,5.20492236365
29.3092002721,5.45134840228
29.1432321609,5.55664866143
30.3269947107,10.3301289942
30.0550024624,5.81372342857
29.7584083996,8.35827695406
29.2073268528,6.92488477662
29.1968028083,7.90862485763
28.8378752279,7.1736775813
29.2650929828,5.42118673514
29.6579541007,6.09187391095
29.668812543,10.0709033613
30.0298712304,10.1067827137
29.941814696,9.51486314294
29.8983411215,9.72304934082
29.6760171083,8.91044143503
29.8673686284,7.15480207935
29.2728145636,8.64756118724
29.3317167346,5.83906928381
29.6797737279,10.1541178682
29.782735155,6.09658636918
29.0454220592,7.5405983188
29.5642672363,10.293555101
29.7351238436,9.6487703752
29.0151860197,7.46324790225
29.1963593836,6.18840454239
29.8385045888,8.7592845943
29.716765747,6.39662593749
30.1786884997,8.61611396596
29.6312657164,8.02398865626
29.1487197583,9.09294501267
30.056608866,7.08024012821
28.959593028,5.55345620695
28.9504154576,8.30305577054
29.049477655,6.29182051096
29.399486569,10.0374307575
29.5363593808,8.02858058665
30.0332498666,5.40087749505
29.0420988586,7.90667355008
29.8460309688,8.30733504242
29.5316362831,9.01369558661
29.6760876591,7.0512834906
29.8416397329,8.1100611862
29.522842056,9.12444444078
30.0154611813,8.38377398749
29.7792483062,7.12558213854
29.9242947485,7.19218878352
29.350984851,5.90467207695
29.3194518865,6.47968127067
29.886685689,5.42503886524
29.2305699668,9.1561761945
30.4649325497,10.1508439827
29.2613899534,6.85807117037
29.8673647525,7.52670198341
29.375617251,7.7069808201
29.1530802054,9.53538817632
28.8637787688,5.50084544809
30.0864714675,9.34947919439
29.4777445307,7.03062814382
30.1940083597,8.98882498932
28.88031141,7.81814962943
30.0559692414,9.77683613804
29.7476881225,9.26844321769
29.1146949631,5.41294151758
29.1832996446,8.2975197084
29.439046791,7.71594477872
29.2445680817,8.14503733567
29.3211980007,8.32246340645
29.3938610419,5.753034899
29.9376057028,7.27076271687
29.816664156,8.59292033607
30.1516088407,7.74354318365
30.1223269431,9.21764987732
30.1847124976,7.84862121643
29.9060073524,5.31171429647
29.7636311972,8.74685065441
29.6967311598,6.15975817818
29.8743688951,8.90387393581
29.5327756266,8.52003552564
29.8118443929,5.36556066618
29.4000805836,10.150649903
29.7425227643,5.31446076294
29.9704211555,5.03367006912
29.8563698692,9.15436043548
29.601822964,9.46841768865
30.0597989236,8.79258825593
29.8064618336,7.45573656602
29.6102352552,5.18165988272
29.8355116313,7.24343322067
29.9540368328,7.52565259411
28.9284384456,7.41874801035
29.3503488051,9.34551986338
29.1300156835,7.71725185693
29.2035937014,5.55980695865
29.213435007,10.2597819802
30.0862202514,5.97124461978
29.9348948769,6.97492635299
30.1001356843,10.1573712631
29.7680951081,7.34385094891
28.987304123,7.62097258711
29.2704217737,7.11985444064
29.3886407624,5.46854442643
29.6173763688,6.15474636953
29.7157404168,7.42010977949
29.5963358641,5.79588102119
28.7961032389,6.3634598632
29.3887570115,9.85993448614
29.8313569848,7.69089256025
29.7819894732,6.72051106365
30.11880942,9.15086435115
29.5020631072,5.04940426243
29.3285548971,8.07517347553
29.1756543175,5.62520556692
28.9617820286,6.75856089239
30.1259991494,8.16676390838
29.5886473714,5.42369522085
28.9073918902,5.81945424971
29.4913253555,9.8159335052
29.0621431254,6.45705382969
29.7481468396,7.70657607164
29.5695604045,6.07738031938
29.5244211727,7.29127188336
29.6329510421,5.8711466779
29.3617957082,6.59900515888
29.8258321634,6.93590096569
29.6976465279,8.29491887233
30.0584702069,5.88509332459
29.7007639127,9.72669829891
29.4160015026,8.35295855491
30.1143472963,5.53718034833
29.8785924339,10.3461202344
29.0525868604,8.83261026425
29.8433144176,9.2259334782
29.2966318081,7.96138948477
29.5632479859,7.5875717746
29.8823641052,7.95897406293
29.8517711912,5.49966591862
29.0653812592,5.4993630316
29.417771765,5.86566744421
29.9761038866,6.2502531401
29.7908970083,9.17044912957
29.4938963172,9.44975170847
29.3253290431,8.85163056896
29.8947327087,8.64117938018
29.8629083011,5.66177377682
30.0399362651,6.51722966715
29.8885041115,6.84440743271
29.2089342695,5.91129655774
29.4385608828,6.63214617187
28.9943865596,5.4129668694
29.7316220806,8.11552350195
29.1455032488,6.76192105587
28.8737095265,7.32486872976
29.6806893989,9.39627018126
28.809576517,7.10760737327
29.4809060302,6.49975115741
30.23747561,5.83123994399
29.4374822477,9.07983315336
30.0054989864,5.57260401863
29.4780838016,10.3548847762
29.4142217924,9.40432490059
29.1597389282,8.77234588095
29.8823878187,10.2633774147
29.8816300131,8.82157790718
30.2311290976,9.55828662105
29.8054683783,9.88605333189
29.5344617451,8.19163789449
30.1459470613,9.55600762075
29.155137604,8.00127187127
30.1336497668,6.55212257273
30.0006669328,6.03947202119
29.9747594618,8.01113893043
29.8849199306,7.35878655074
29.587523112,9.73579613342
29.3734400025,8.98340273502
29.6476728406,9.2913157679
29.5560072726,8.60662505031
29.1043843127,6.68521091543
29.7097477348,7.85353606529
29.2202133826,8.2222778594
29.4773271351,8.08323357935
29.6642761314,10.2581592708
28.935845619,5.36330602871
29.6938506167,7.57155074171
29.5879662212,7.210873008
30.0479386657,6.70254256991
29.9072293836,6.58359619272
29.9154452872,7.46329356765
29.6340737408,7.27731009386
29.676678003,6.32048193209
29.2230903969,5.13311240638
29.2999446715,9.68656080418
29.6078845257,6.67544542088
29.3108207664,5.27416738454
29.5473980591,5.98577391399
28.9098732834,7.12536395912
28.8740540615,7.48974011375
30.0362732777,10.2300259126
29.3731823133,8.27299030906
29.7096947449,7.5010819552
29.877655396,5.04625114828
29.7227130787,7.24879374461
30.2514246655,9.95515686729
29.7435468745,5.83273978844
29.106250433,8.77360701459
29.9865588612,6.3348432859
30.1012593477,8.34594568159
29.5270246611,9.60136335443
30.0251626723,7.47350784354
28.9752070577,7.8282452591
28.9336831863,7.23064116387
28.8838097623,6.77972216456
29.3422331505,9.94001596344
29.5808883466,6.48750159534
29.2789350916,9.98990570484
29.5356958816,5.8449022942
30.1835027277,8.51841240805
29.9264386274,5.63385085047
28.907536537,6.70470286479
29.0668254625,8.25577786466
28.9921758636,6.22782011583
29.0502742042,8.71511538412
29.3579217164,6.86937236223
29.0792956841,6.5433888633
29.0850540245,6.04255165997
29.8792034144,6.1626018632
30.0672213109,8.02510622842
29.1517571469,8.1870739059
29.3587094491,6.26019263959
29.2263382369,7.556601864
29.9576532453,9.62352347257
29.7840377422,5.6286745173
29.1036890231,5.93140590161
30.1468767088,9.36736704914
29.6632370382,9.22324228136
29.7345941488,9.57906462684
29.1863315212,7.03308106659
29.1403151764,5.74759743012
29.4651357214,6.68830628042
28.9469602492,6.84856586727
30.3207136012,10.1581094041
28.8747937224,5.65205286138
29.7656905432,9.81011918409
29.723742012,7.65047819732
29.987971311,8.18360594426
29.4067339032,5.96398353687
29.0053198929,6.59509977098
29.9140411882,6.07170534031
29.265626683,9.59065501817
29.5191667646,6.97840239279
30.1073340736,7.3791098212
29.318696207,7.54382210612
29.651631492,6.24428232105
30.1887893709,9.64598993129
31.2698722617,7.83119043933
30.7316380228,5.63079458198
31.0890077852,9.11521682154
30.7296178879,9.02576511013
30.6477589437,8.29491835915
31.0054487734,8.66655564061
30.7858472475,8.00821949318
30.4045995081,6.07125934304
31.4939789115,8.15327914233
30.3978577286,7.96096882395
30.8972311133,5.61138758928
31.1732013843,9.05380662391
30.4066760551,8.78850820498
31.5206333071,5.66614893419
30.8063519999,5.88314795949
31.2068291028,8.2491422726
30.9791018714,9.39716453807
30.8942842065,7.28123851233
30.5972890103,5.19013224248
31.3204450743,9.88375559799
30.9709781419,8.82140250686
30.7201632407,7.47623123071
30.8189559295,9.96144039421
30.6063608428,7.2171519379
31.4035992318,7.51536283646
30.9801737902,9.86754468695
30.62771545,6.29712378023
31.5275585909,9.67620837402
31.2900850465,6.08600815027
31.0158351834,5.47376472325
30.3597483448,7.72224457837
30.8602981473,8.31070823776
30.235761214,5.17259489098
30.3787081367,5.98824799369
30.7113024946,8.88758346024
31.0759046202,6.65336238737
31.4618857267,8.66754810015
30.2129952538,9.39603625897
30.9483703649,9.62233207513
31.0844615865,8.88878874452
30.2366987052,9.0484298046
30.1729649268,5.41537203475
30.8017992605,9.47376530802
30.8529648155,6.77487519108
30.6942465973,8.70732727722
30.9159442071,6.72358424463
30.2136785858,6.5192184851
30.4208186092,7.78801797256
30.2357219422,8.05385513698
31.3449131716,6.90349605853
30.9413220504,8.53166892874
30.7668544566,8.27894537586
30.2497193264,8.9669948348
30.3462654898,6.56715921749
30.8350911848,9.71761371175
31.2821161931,8.7221048553
30.7065956265,7.81106601889
30.8582739238,5.52588567628
31.5419883757,6.38157489284
30.5226637664,8.95776543
30.9102270523,7.54519014834
30.968341455,7.35826749924
31.4517682309,9.73990886466
31.1162073361,5.50035358884
30.9595920525,9.47828286584
30.3631927572,6.3554147483
30.2685215164,9.1571412757
30.1971013546,7.97191263353
30.1926572547,5.34045772987
30.4050746324,5.73918551752
30.4131016311,7.45062289572
30.33812499,5.19228461753
31.297218007,8.19311527064
31.2063794888,7.21101230083
30.4613325282,8.40334608592
31.0841910641,8.15852478045
31.2981173744,6.43070931408
30.8234504878,5.76704354478
30.7365877197,6.93169747364
30.7073166269,5.82075125303
30.2629914089,5.49324088164
30.9595914609,7.57353581089
30.3464225115,9.25469580196
30.4643802623,5.04554778012
31.2775028078,5.18884568069
30.512063289,6.47899379771
30.9896417982,10.0764173522
30.9560154027,5.68156038133
30.6867200321,8.56364838756
31.2791350215,7.73919168138
30.5350438707,5.36163757151
30.7128769597,5.94146859287
31.0124760689,5.06465373507
30.2583110592,8.2759952455
31.4741454179,6.72854855629
31.3601936504,5.22408067169
30.6074492662,5.93329636637
31.1670713605,6.20782435533
31.1189427827,5.5908386665
31.1584837948,7.71582349777
30.8171497913,5.64549422163
30.2853667379,8.09828554153
30.8933717779,7.80119211915
30.5056411982,7.89038952426
30.893945862,9.4366285845
31.0634198617,7.96427711361
30.7415908359,6.75393699054
31.4036618733,5.80042569353
30.3091074297,9.6821963172
30.5317923597,6.76178271913
30.7825931046,9.582081796
31.335841999,8.11925111295
30.6509965922,7.69159673051
30.9254696004,7.70766943205
30.389887681,6.62876189241
30.6676930642,6.8645445973
30.4098395496,6.75152522349
30.3642489402,8.86605373831
30.6366523021,5.11486889882
30.3453353714,6.81035789032
31.2861786908,6.97383737721
30.8331657003,8.2086687429
30.3192770001,6.49212152124
30.8842573835,7.89335712972
30.6437229872,6.02909326995
30.2939642896,9.52088882741
31.3828452716,9.10290647423
31.0690758701,9.79289271476
31.0900453456,5.69455386997
31.3696800058,9.50618531839
31.0928153577,8.66252689212
30.3463616873,9.05798058621
31.0256488772,5.26228145384
30.7348568516,7.3779869336
30.9718226962,7.94815605044
30.8796407048,9.63045428257
30.2482717899,6.21930711515
30.4836616035,9.72073486364
30.235227259,7.30529377561
31.0153014771,7.5651830809
30.9773630896,9.10820603206
30.2910663315,7.90158398359
30.1411124571,5.24780013819
31.0767189221,9.41778741194
30.9560913495,8.73581775168
31.3141380146,8.03282899367
30.9816838162,9.77272906203
31.3912534325,5.70729319032
30.4252525078,5.14322133046
30.9232335367,9.23003453938
30.6261348611,9.2320425349
31.2533191894,8.55061627015
30.9976386056,7.6818056971
30.3650660288,9.59173739082
30.9822942334,6.05409032994
31.1988752179,6.39075674991
31.1830159425,8.95049722387
31.1763796469,9.44060598597
30.4090948894,9.48709883438
30.696569676,5.33938936958
31.0216766973,9.68985991611
31.0029061009,7.77451160523
30.3733235159,8.47310755919
30.2010389012,9.2464768556
31.4577730054,6.05471058937
30.5215742019,7.774850679
30.9490972987,7.63300852921
31.0842909844,6.21473133485
31.0091536864,9.21253971632
30.5852481927,7.59457385662
31.060741966,5.42973601911
30.8012298881,5.33825384753
30.3802644661,7.15709669651
31.0353142251,8.0514842039
30.556138179,7.13908575158
30.9579023958,8.37025778062
30.9442903965,9.30347965515
31.0849123387,6.78056515912
30.7051522814,9.81381776497
30.8097009744,10.2247812904
31.0446534276,7.17652829417
30.7970373708,7.46669811945
30.2637303369,9.3222658038
30.7571885757,7.55133690382
30.6105748363,9.57328895292
31.4791595074,5.50575581822
30.7366705424,5.5433167249
30.309768209,8.65017749059
30.1606336121,5.47674359244
30.4693150091,5.68546518654
30.7108337914,8.01101798463
31.0232725417,9.47744123048
30.6464495114,7.88609803248
30.7713356311,7.13317526758
30.3963405609,5.82454801003
30.7138368078,5.03044324374
31.2953004601,5.27368719394
31.2354764122,5.7903059291
30.6315412495,8.18275503774
30.6269665699,6.75369962602
30.9270987033,8.28945225388
30.5126013312,8.08709114518
31.421522388,6.36555516504
31.0566059636,6.4349170822
31.5062616476,6.27768995806
30.58600023,5.48158942775
31.0354630803,8.45718793145
31.2267391422,7.27485114559
30.7688629908,9.75115727327
31.1219594129,5.43108582918
30.3442520893,6.43462996915
30.2552431631,7.08223440051
30.6278931796,7.44740625781
31.396227391,8.87174891667
30.6323668677,9.897672848
31.0330658943,8.57656618516
30.7847123119,9.82512843429
30.3519888474,5.50355980506
30.4707955121,6.95408785145
31.4473792658,8.95868505402
31.1020299663,9.52572938019
30.9355980125,8.05178755672
31.3150560987,9.11626465471
30.3717008163,5.66693829505
30.6773427933,8.79479950509
31.4934193524,7.33100191026
30.4815694409,8.20540793889
30.6531406118,5.64241279714
30.4992180481,7.05546928562
30.2739592161,7.55700787595
31.1659828067,7.00861259214
30.2863388697,7.77607002725
30.8895505808,9.54113887504
30.8067981909,7.30175736581
30.4011931773,6.49349770256
30.9548661839,6.16053201067
30.3127173729,7.27694814206
31.2025450619,7.43828104813
31.2272941727,7.63273709802
31.392466705,8.65178102278
30.9711060083,6.46963913077
30.7040346201,6.21183872786
31.0052177891,5.95143696182
30.6140346911,7.76961788421
30.8023225615,5.97241234483
30.5385726391,6.86830632035
31.0380044444,7.51304716536
31.4532160566,7.9508461034
30.4097625917,5.29852721648
30.2763086052,6.00090052556
31.3027362986,7.21703469691
31.377347708,9.1889291828
30.3607274295,8.39134959989
31.1764197043,9.58685492253
30.4575212464,9.10672059787
31.4173515781,8.06642773446
30.8678218962,8.55996610757
30.7865443423,8.56906767632
31.4463737853,8.51131153013
31.2706400686,6.80727626681
31.1648025738,8.1621639865
30.8643641696,8.72548725668
30.2325710611,5.61087887081
30.6926903463,10.1067655522
30.5561552883,6.65937612052
30.4012522082,5.53458204282
30.4670329004,8.31569779626
30.6345918503,7.99721529066
30.313462345,7.4842919529
30.8506050128,8.47320862832
30.6593106766,7.14363011603
30.8920996221,5.84577446846
30.2716245405,6.53340099907
31.1828386157,6.8119922777
30.8196095402,5.20890264977
30.961169774,5.56810752094
30.8951787726,6.66917392861
30.4912704613,8.26921864664
30.7383325239,6.46748285443
30.9530144104,6.3809826748
31.4755088061,7.2412631462
30.9480322371,7.13004873956
30.4659950131,5.35694436505
30.9592945249,6.78605875644
30.8399470797,10.039337618
30.7489620944,9.90125592879
30.5777677183,5.03251602135
30.5193896611,7.30525270762
31.0301706976,6.5445759152
31.3093643493,5.63841138746
31.2033979977,7.87650962186
31.1219682016,6.53027124905
31.1929752801,6.71198688008
31.1265646251,9.88340371284
30.5422682919,9.76943039146
31.3972659031,5.4862424362
30.8718355695,7.05167659475
31.1375988501,5.24593581829
30.1970897006,5.91636367305
31.0817802423,7.5562715558
31.0759969838,8.34925647541
30.7684739572,8.93849106551
30.9068797918,9.08685597317
31.3351216164,7.11031368193
30.5401079465,5.11109368866
31.3698222464,7.89543467363
30.6626130801,9.12662288896
30.40183477,5.43339524916
30.9046559989,8.88242111564
31.2834249069,8.9206465316
30.6111057803,6.94330578149
30.2190662975,6.58562292441
30.921983395,9.97873640341
31.471601422,8.80876376168
31.0505070529,9.96806319722
30.3575183995,9.37929524194
31.3641993021,6.02000469375
31.3494254515,9.27254331932
30.5319176104,10.1180331101
30.6316774843,8.6517717448
30.987220862,5.3780926941
30.5497954276,9.2454898271
30.5083011077,5.21328510711
30.5055889434,6.07307993208
31.0327781706,6.16124650078
30.8560840191,6.18774755516
31.2026157592,5.45671273911
31.2335061462,7.1446492804
31.4598039908,5.69204141472
31.2625221077,5.53712021904
30.422034415,7.32665510027
30.3018675336,6.07920506281
30.654028634,8.48814344358
31.3782742227,8.23307433739
30.636038795,5.73710005416
30.8963955194,6.28775289438
30.7388909961,8.47532733236
30.6110932951,9.405713577
31.1077691002,9.71958420073
30.388812629,5.03133259826
31.0035378786,8.27800537425
30.6469368329,5.03676693018
31.4249275989,9.4525640733
31.3594721469,7.96415472436
30.7386345696,8.07250006579
30.4234229851,7.22516908728
30.8185877831,8.6522330497
30.291976006,7.1685541466
30.8737844325,7.98909890457
30.9601189619,7.85621336187
30.9707033489,8.12457401626
31.1996111531,6.28735296724
31.1753019283,6.59999171904
31.1398401892,9.34874519511
31.1370532747,5.80918648081
30.7196173543,9.41169654186
31.1141005927,7.99699526085
31.5081221001,9.49292529476
30.6708633053,7.60912494927
31.0962811584,7.46257978371
30.3478922635,6.88566695153
31.5620962901,9.91005644067
30.3304504451,5.10599448708
30.6760704288,8.05864515544
31.0391688332,7.39097215288
31.2419241326,9.83589714665
30.2470621639,6.77100489147
31.3267520724,6.5492869067
30.9380030725,8.45122306417
31.2315975847,5.87238569015
30.8491699951,8.95084286057
31.3897536989,8.74629277911
31.200237159,8.76937333187
30.9632202643,7.23400628224
31.1906538415,5.95472026535
30.324057541,6.63769694941
31.3032191513,9.95657166653
30.5849899381,9.67559516076
30.6841161571,9.72174023041
31.4252354008,6.58241362017
31.3180471162,5.44165727438
30.5100002119,7.22492734874
30.9689280851,6.67338778047
31.0623963754,8.77383155126
30.1806090328,5.54334020956
30.6700424325,6.38814349817
30.9143495195,8.63666915873
31.305880475,6.71326212581
30.4241416002,6.16645967414
31.1241676248,7.9183788808
30.8637237595,6.36579658402
30.4428681215,7.88009415676
31.2086034013,5.60292056106
31.4231344066,7.07674796646
31.4303536266,7.8313890316
30.9451666972,5.4666231464
31.4374146425,6.96776463351
30.7003367396,8.38844056739
30.4848477603,7.71646761645
30.7465096369,9.20805638962
30.2030819835,7.63506546751
31.3807283803,5.33411040658
31.3797864598,9.6858890056
31.4468318672,9.28014340803
30.416425081,7.67503689916
30.4886987888,5.52798003699
31.0518795828,9.60476247879
31.3834018478,6.46892266269
30.2691043799,9.6087964551
31.2260410049,5.34460074628
30.3191033577,5.89414425453
30.6822461014,5.44540674025
31.2262230061,6.50645995511
31.2837376059,7.52246555089
30.8635687877,7.14444900564
31.4143355629,9.6043186776
30.4247834076,7.0163266036
30.9685467501,7.46185402638
31.0062523545,8.19055201362
30.689895104,6.5535008984
30.4384873867,9.00641648242
30.3612914771,6.96145622786
31.1964745058,6.04870362275
31.0686471451,8.99633899216
30.6853615845,9.62293282119
31.1943073483,9.64999958595
31.3023016801,6.3196589004
30.3952296389,8.33031980234
31.4790959386,5.34380887613
30.2129564206,9.48724968462
30.4211188775,9.29930495676
31.4816685537,8.32702402346
31.1409338169,7.25810893391
30.4649729162,6.8000442614
30.610493898,10.1076230127
31.471038998,7.6086720686
31.3990000309,8.16290403779
30.881673573,8.12541487084
30.4225677431,6.87358349246
30.8285021785,9.39371277233
30.4052877638,8.69016850799
31.3508347799,8.95622725209
31.1423971434,6.46290448037
31.2071081334,8.86053137163
30.69689468,7.07674105109
31.4670227863,9.66168414784
30.7689721643,9.37796835837
30.9901417606,8.90018276796
31.0174142574,5.78309205772
30.7531117761,7.01578699316
30.9021690924,5.29351129731
31.1244992098,5.90652612751
31.0328679184,5.61757477177
31.563657656,5.48471194141
31.0932435067,6.94025817653
30.4725845295,6.71243271565
31.4016201497,9.92187692917
31.4292945478,9.53638736579
31.3980888546,6.25381046931
31.1680776283,7.53763748564
31.5033642026,7.08837008299
30.573608548,5.82722258617
30.6021560425,6.21348053264
30.4625544428,8.86847693959
30.5624149171,6.38537472675
30.457339208,6.29498949138
31.3699481703,5.1492844519
31.0396620335,7.29447230066
30.150773069,8.24932792919
30.9026208816,6.87834393918
30.2790557999,8.45228538598
30.579506654,8.74503639555
31.2525756546,7.04983462636
30.6026165246,8.41248212275
31.3706759821,9.3580843287
31.2050301533,9.95640187986
31.4356887443,9.12734314834
30.5720543933,9.08411748607
31.2958866739,7.95374354262
30.5789519321,9.82260275246
30.3139765076,8.34096313386
31.3598691505,9.80185462252
31.1326866693,9.24080306808
31.3694068252,8.48617692368
31.1892971963,9.73333285994
31.2468204217,9.67143558417
30.8249396825,9.65566323853
30.9971826331,6.25270224614
30.2217461869,7.70962212891
30.4588793596,7.14521423547
30.5045933359,5.43257876995
31.2829024885,9.0202855847
31.187534812,5.16443542785
31.1891136662,8.3402962535
31.2939464368,7.31853845346
30.7836199851,5.43647044157
31.3501375086,5.54041169419
31.4327535995,5.42598370798
31.1279496631,7.36192756836
30.7927675276,7.77195783613
31.1437580668,8.58825672226
30.5210794597,7.51940522047
30.5293186792,8.46639219318
30.875822409,8.38630531536
30.1880727958,8.31978833569
31.0703335913,7.69990895465
30.617934125,6.5830350932
31.1790103182,5.53901487877
30.519262452,7.39608115549
30.2535315036,6.46385381464
30.9719456595,5.87274885892
31.1499774132,9.80486343448
30.8690034955,7.3859458809
30.9830738981,7.06306711091
31.3814438416,6.10930222374
30.6123447106,7.0408257125
30.360120254,7.2112291995
30.6567437018,5.51664255241
30.6481178715,10.2797349861
30.6061765473,8.09008385027
30.1742415344,9.1741495375
30.4846869116,5.94690193935
31.3097137053,5.11390102396
30.716047248,6.312905235
31.1178651322,9.64435281885
31.2561277723,6.21841041825
30.9136087432,9.70295570422
30.4227264866,9.67172951018
31.4481123856,7.71490478371
30.4921291026,9.64586999847
31.3511611254,7.63919448332
31.3140902088,8.64771912742
30.4150318861,6.68543960291
31.4582536497,5.17191542825
30.3479978784,8.28876556773
31.0441654205,5.53934090926
30.822024706,7.85230115036
30.9118932992,9.7910250167
30.4212787194,8.26110202929
30.6775599652,6.65392614888
30.6370658445,8.95291005002
30.7267946834,10.2211753603
30.8607424822,9.87280305454
30.4865414624,5.76656349795
30.3101527633,5.40265442237
30.8380626436,9.78375336183
31.574288731,7.09079560695
30.221909101,6.12188517283
30.5734321948,8.8524438826
31.3455417084,9.57654888394
30.2741329328,6.31081101038
30.1812721299,9.11032917259
31.1152437788,7.81553930718
30.7299372615,8.64492057788
30.5465375392,5.62469247991
31.1115536974,5.34706784455
30.7968707649,6.27463533146
30.2973649769,5.67599457445
30.7585227156,10.1522552666
30.4456061282,8.14017905711
30.8576749436,9.1649806334
31.2062553529,5.70219013982
30.5774885814,9.01946258126
30.2126179794,5.71483329322
30.9968305667,9.55005388073
31.4252140245,5.25174518627
30.5532281777,5.72077028514
30.700282611,9.31649063995
31.1373150498,8.07862655587
30.8927432909,9.36118484288
30.1675435469,6.9382559702
31.2150615431,6.1363155943
31.4768780981,6.64336094154
30.811216003,7.92720906139
31.0565597788,5.87943438222
30.2441545368,5.40060371133
31.3421969663,5.89812443188
31.3523414114,6.63911929752
31.2726567856,9.39037219897
31.4491408347,6.86338324017
31.3432719134,8.3911370345
30.685955361,8.12087204384
30.5536860392,8.23635556083
30.7705924557,8.73031160331
30.5030859714,9.34187004521
30.258936276,6.89008852261
30.6832792562,5.23214095382
30.3571603044,6.2546895067
30.3321176782,9.46616946789
30.7814396325,6.37174467629
30.5278477452,6.18132749578
31.0955934954,6.00082156617
30.8929338494,5.05526637845
30.7327884831,7.9444781517
30.3505001195,7.07082925783
31.2069782531,7.79641706199
31.2584561437,9.59799961323
30.6089963859,5.38805074484
30.3509336267,6.10875222842
31.1495828619,8.82678576264
30.8088046484,8.0828766671
30.8485334693,7.70761095597
31.1446539021,8.73354206585
30.3724544222,9.15692314975
30.8311902784,5.11341458588
30.5211406722,7.64495339224
31.215684691,9.3095105943
31.2170077029,6.91241189224
30.8032533498,8.84149819112
31.2254344521,5.06203554471
31.3501432292,7.01542897803
30.1860101072,9.32523662034
30.4735825726,5.8457895298
30.429649004,5.60916784984
30.3062121449,8.7598861822
30.5875029619,9.50190905926
31.2666874653,6.62685206221
30.4538129737,8.03737320857
30.8314473937,7.22238908256
31.4018942915,8.30720599214
31.2996442778,9.6603219864
30.7874005005,6.86092874023
30.8679090864,7.63005430397
30.4436529927,9.41292761464
30.8380992857,9.04697776392
30.6141735496,7.32242689592
30.3800876504,9.76052675754
30.519714043,9.04240973344
30.5483478066,6.96725721225
30.2936274571,5.28767685694
30.817815515,6.67612838927
31.3250089855,5.03997605493
30.7516172707,6.04131007114
30.6655396529,10.1798398998
30.8963080191,6.96466251898
30.9247729115,8.21462234283
30.3410877457,8.18792536185
31.415739597,6.662729588
30.5395291152,8.32696390199
30.2788140031,8.5424866561
31.4942241937,6.48682843172
31.3518314564,9.43966768786
31.2339223826,9.10397741828
31.3394718265,7.828524704
30.9241887663,5.77539302423
30.5548012752,9.1673000558
30.5973754839,9.30996186336
30.2447620616,8.60164289499
30.4631474656,9.2248112593
31.4867127207,9.58809816539
30.576637438,8.54770572912
31.2536324351,8.35182795302
31.4374515341,7.41136314297
31.3819643269,6.17791628253
30.471793138,9.80414157411
30.1828112609,6.29558109833
30.256972472,8.36701631511
30.5639874487,5.99864858118
30.7739419388,6.13139274592
31.1213375419,7.62849028221
30.3336646671,6.71579147751
30.5285652927,7.98196157439
30.376534398,8.07547796736
31.3283710665,7.41122647358
30.3148857255,6.17065037786
30.5202572648,9.56226813007
30.36228826,8.56557306183
30.8278168284,6.95207468274
31.2052315654,8.66853315006
31.3875392736,9.03000689385
30.2724562331,8.87765017207
31.0971695691,6.31811633489
30.4509811946,9.5998444562
30.7589808194,9.67205451792
30.8287896411,9.29375740946
31.379318123,8.57388730473
31.2869846779,8.81893520482
30.5461868134,6.26169858853
30.9170302842,6.57775682188
30.5551527282,7.84058435997
30.143634512,6.20685054553
31.2613523995,9.21075325467
31.2996391801,7.89071590019
31.1483662909,7.1624218791
31.2222091887,5.24985880235
31.0460674968,9.32019301928
31.0319564623,7.86661563982
30.6937464072,6.1092692372
31.0127286719,6.86712970001
30.4344063496,8.60758028009
31.1207442675,8.41941704233
31.4670989896,8.58838188258
30.8746243446,7.48686829962
31.0395922203,7.6271114867
30.1822452254,7.53715182798
30.3107935024,7.65326784103
31.2001304631,9.52250431596
31.218884612,7.34918084427
31.4125122657,7.18035475795
31.0756861522,7.05964517625
31.4921368109,9.91852915111
31.4537515107,8.41586979987
30.5533691133,8.15616855032
30.4660154839,6.57931338588
30.4501042034,7.59534719873
30.7070215678,8.21369505141
31.2741287074,5.99001642796
30.690055107,9.50558020647
31.0985262503,8.25261832375
30.515495012,8.65520314797
30.7663902206,9.1139896614
30.4601707274,8.52146719586
30.4159408093,5.8895726585
30.2971885419,8.0100883254
30.6113164167,6.49061436791
31.1799029789,9.15326008298
31.2897616943,9.3038203212
30.2708091367,7.00003694723
31.3133781678,5.7594785852
30.7496172973,7.86681039054
30.3347553767,5.58710425006
30.9001323702,5.95286004681
30.5892831464,7.68653822306
30.355518235,5.35730495917
31.4766870134,9.829664778
31.0096593994,6.73169437597
30.7923256414,8.38107365969
31.1690571486,8.39178072583
30.6770862848,6.96497444351
30.88003929,5.40378125161
30.3081541874,5.77358239399
31.1139168969,6.12020125508
31.3120343957,8.28619018207
31.120054202,5.0447691415
31.5194904019,7.01841010504
30.8973073529,8.7995867025
30.3254976216,5.03197789015
30.8586655952,6.07043933472
30.678927961,7.52525268647
30.7901280648,5.04781922392
31.1429253059,8.31135143235
30.5697043892,10.2001576887
30.2784732349,9.43300630581
30.487351409,8.7557282844
31.3207668977,6.16721346737
30.7060872757,7.7385967046
30.7334884052,5.13618888032
30.934268116,5.16908603811
30.5540581997,6.56073155973
30.2243565785,8.17013155403
31.1360870886,6.86025090267
30.8429229287,7.55199299534
30.3120766232,7.38885421647
30.769582042,7.65830922219
31.373830121,7.76218251343
31.1692187441,7.08456970968
30.85816864,6.46310450569
30.3860072187,8.94510394687
31.515776149,7.50104031426
31.2855641108,9.72929438918
30.2809559292,6.59347320449
30.9801899535,6.97324842911
31.2378890962,8.10960264113
30.2326453158,7.45444731702
30.3960658584,5.22285771196
31.5186404397,6.5898637673
31.2065872275,7.98914534051
30.5413708744,7.71590120765
31.2840813594,9.50008166649
30.8626230049,10.1358683151
30.4986863683,5.29896401485
30.9018858687,7.19289072171
30.9470076236,8.99931259442
30.617897118,5.56427588684
30.5104324924,9.45796216059
30.3694721632,7.55587359913
31.1474776346,8.49589559823
30.223815177,7.23721990871
31.3772610603,6.78847127764
30.6151198877,9.76922867822
30.3150185954,8.94730297087
30.3755380527,7.87111547088
30.2870347956,6.39550470562
31.0871155145,5.15636164816
31.3993382627,7.30050998182
30.5920681271,5.28957538295
30.4531679631,6.40460623482
30.7622655219,8.15304773866
30.7266541802,5.70875481486
30.7173172951,7.24941648834
30.6057307006,6.1273192827
31.43129735,5.60835200486
30.2196904789,8.69105677161
30.7922265994,6.57036833804
31.3035066661,8.47050578787
31.4371471971,5.95866759055
30.7572835315,5.27109850673
31.2320637062,8.43718035257
31.5231895377,5.41568168693
31.8878088397,5.42174893812
31.8787835803,5.04628407703
32.7532357213,6.24885510097
32.2797224496,5.39360258358
32.8555008083,9.95626074276
31.9661084087,9.62397132664
32.104389951,9.5325910063
32.2124240341,9.78704980044
31.8625892276,6.95273509922
31.7479439973,10.0012381181
32.3368225367,5.66307130481
32.3950814937,9.03425144088
32.571333978,5.82991767459
31.9087016217,6.54220843992
31.8444485887,5.12520240455
32.4308438908,6.39169502407
32.2200899445,6.73077835476
31.9122009072,7.45782049929
31.8163110539,7.57540842513
32.0941198929,9.62559131904
32.521064216,8.19565862736
31.9761625977,6.08292320198
32.0577856168,6.87954289502
32.5335315799,8.31107717763
31.5961113487,9.51086885051
32.721064454,7.90820844583
32.2854254463,6.97184705289
32.849056646,9.55680527282
31.7620706234,7.55405011074
32.8430421318,6.3024291812
32.00266264,6.26597587051
32.2480532911,8.51588059688
32.091869299,6.34050728424
32.6948280099,8.05106213578
32.5522687659,7.12703865245
32.8057968113,5.71448636763
32.4728991095,6.22869875125
32.2992928516,8.19254257827
31.6615627879,9.47011091721
32.2413328844,7.73425353594
31.6144988888,6.77773457972
32.1412838894,6.90209157112
32.1644303383,7.67600807954
32.4288488049,5.69554227824
32.4953372655,7.74241577753
32.6609100597,6.72545907558
31.7342166072,7.30980068716
31.6848565706,8.77500773617
32.4961897615,5.57352269433
32.4240350447,5.95156062746
32.7604977826,9.1969129611
31.9553661414,6.16483714891
31.8211167305,6.37367067268
31.6926143465,5.60661454229
31.9241480522,6.90917863978
31.5933340547,8.92799479163
32.3089131012,8.51283147313
32.537209465,7.88911423682
32.258260187,5.22515647436
32.6308656563,7.58864908967
31.7602400072,8.61544547906
32.4127844402,9.79761327153
32.1837589808,6.56790535414
32.0228963613,9.89312744982
31.9950070274,6.46933536541
32.3944351107,5.49353734572
31.8498164938,6.17920280676
32.5201857449,5.48011904046
32.3543093579,6.18813350683
32.230669308,6.30565272353
32.2601636411,7.41727524842
32.6846854594,9.00166252429
32.0139327734,7.72450777224
32.6255986283,5.89988636167
31.9047612576,7.57346841482
31.67438952,9.55622014432
32.8558759635,6.20588226933
32.2046566297,6.97002257334
31.6767696491,5.81965772847
32.3475903866,6.4685144318
32.5940952929,7.38656576903
31.5382540135,5.05500328653
31.8059405801,6.49640756417
32.1816905564,5.90276138028
32.0154679281,5.71355282812
32.6783510957,6.07378461456
32.3648418631,8.56214901292
32.716319845,6.8815556608
32.3648767945,5.94058982039
32.7990305157,7.45362608267
32.5388272471,6.4439800388
31.7295190608,8.70033886006
32.6697144861,6.28166764166
32.0177241866,6.83418883926
32.1698749952,8.82230368113
32.4858214252,9.48022747321
32.0919720951,6.07799965382
32.4905978257,9.59338039829
32.5700474831,8.63452167145
32.7784885288,9.83514363759
31.5909830101,6.27341710669
32.3795839811,8.90942115984
32.8735980546,6.53370107204
31.5457726669,9.62405128663
32.067773751,6.67421410368
32.5425045588,6.92559904901
32.4606624998,8.75505562511
31.521506642,7.17266872134
32.4435075921,7.26099204637
32.1893491228,6.48810738713
31.4990777222,5.26587894451
32.0234748753,7.14084936243
32.7289038908,5.65288397276
31.5876085648,9.11945939015
31.9164184384,5.57553827587
31.6691842386,8.19147075806
32.8461033559,8.15088214094
32.1618580789,6.62155443346
32.8117286878,6.01553281323
31.7046172933,5.24987433273
32.2303671223,9.93203022122
32.5152637272,7.43919223175
31.7893730821,5.78738574857
32.0831178891,9.45463361857
32.3610483083,6.91030592371
32.4379374948,7.35933550188
32.5943829456,8.96779212453
31.6157886444,7.90058075578
31.6425400725,7.3870507617
32.1693362357,8.10737508159
31.9168118451,7.69679048415
32.1190554019,8.25873541331
31.5943459578,9.97236843282
32.0555320089,6.95405620202
32.1436573621,9.93499614745
32.2634757064,8.05619816865
31.9370641892,5.17334252919
31.9786797701,5.56858014873
32.5817277554,9.93406003669
32.1599018924,9.09960680946
32.3423176224,7.25698315027
32.0913850873,6.55618309042
32.7608679584,6.08278770205
32.186213451,7.3579911118
32.3789578669,9.14917030753
32.6620260938,5.99377448396
32.1145611231,7.58870180232
32.1165657206,7.21516973471
32.2695400792,7.17563037646
32.5747798785,6.53438045918
32.5531585101,8.88358807314
31.6775637962,7.09350253244
31.682417984,5.15589689061
32.6254882267,7.07835386688
32.6598828962,9.98279433736
32.3842254695,8.69457008194
31.781674509,6.76823564543
32.3357011258,8.74045043483
32.2792895254,5.94706826849
31.9374014419,8.54165140284
31.7573759275,7.61762152825
32.0575981638,5.75879068754
32.3663620431,8.63657568574
32.4658572138,8.5226787512
31.7013110762,9.6583015569
31.5550538329,7.68981175416
32.0547582716,5.62861575301
31.6703084117,7.66101527849
31.9342734515,8.32294334281
32.1017645733,5.28040738824
32.578011145,9.61308856357
32.3846371508,9.6354832918
32.5634885553,8.75578049862
32.7869921363,7.78543521992
31.5947151888,5.28512004858
32.2785036195,9.0888034251
31.4620976936,8.24767373443
31.7803389999,5.69674820085
32.0708693467,8.10261165178
31.8058756244,5.30524032327
32.0575940212,5.50767954741
32.2607103635,6.4322697205
32.3682447607,5.0483448702
32.4326572636,5.55423834752
32.8011966278,7.70719052986
32.0823285949,5.37161820575
32.7073650365,6.44926896422
32.5483067707,9.22553343763
32.6234182517,8.89808281197
32.2351794354,5.61085597267
32.4712439605,5.2139359398
32.3350138534,6.72931229642
32.0959256902,5.12452043942
32.0776236038,7.40470110376
31.7624561394,9.72724279728
31.9232043061,9.70559911415
32.9348925174,6.71631107668
31.6413120387,7.28910389917
32.4224167295,8.36062648446
32.1983393874,5.04576765038
32.3053992686,6.26455722311
32.2159712281,9.61515749295
32.3627148394,7.17706453744
31.7154979331,6.36656083782
31.900460876,6.00559491863
31.8780264666,7.17809117354
32.4585685982,5.42023730201
31.5942263521,8.5510325556
31.9498304044,9.95659094462
32.1195376926,8.3381531325
32.1909976368,8.40573515017
31.9848737614,6.3577479464
31.9694103384,9.86370523613
32.7834117431,6.1643236686
31.6992365418,7.55125388609
32.5988818151,9.29394392443
31.838462698,9.26338056976
32.0659771244,8.5503153641
31.9002406337,7.3243977584
31.6501530867,8.36809889122
32.7330445004,8.43620993183
31.5109218301,9.34139528912
32.6918343419,8.14309763731
32.5833761672,8.6892918981
31.9646087656,6.98756780647
32.5238764638,9.12429852241
32.4440149375,8.25801228482
31.5322475552,8.04326771242
32.2393790958,7.59932774098
31.6087841368,5.64751416477
31.9836128077,9.40866915263
32.4163713403,9.41481861503
32.1279799552,7.12942321943
31.832098229,9.36826930671
32.6447598411,9.34341478412
31.9278925096,8.08480828715
31.5272222183,7.87499369031
32.1810043286,8.50129970783
32.1412604143,6.15649172246
32.1599940294,9.40302544772
31.6338320715,6.40568223452
31.8538701281,8.93053323493
32.4506392703,6.89086251385
31.642120207,8.98128130251
32.8400769465,6.79384150253
32.5883671997,8.51550144091
32.4706016079,8.86000816238
32.0410354777,9.17619362613
31.7037013572,6.95834177594
32.1867278399,7.24953475587
32.5325357776,7.81506505277
31.6329661621,8.06719195868
32.5434007604,9.47214854482
32.5327381866,8.82011026919
31.7679791844,8.12035153501
32.6013600924,6.14488949671
31.6061305453,9.04516353687
31.7714003628,8.84829514487
32.8221734318,9.91542607629
32.1044358585,5.04816734145
31.7328049686,8.9651820503
32.0299852637,5.9919984043
32.8781201779,9.83277743489
31.6762008853,8.56755246767
31.9440682325,7.2545954882
31.9598413597,5.50306031095
32.4638616813,9.23001695393
32.3327594887,9.72393397213
31.673124242,8.8738311079
32.2768570586,6.56757182172
32.6360735685,8.42964375003
32.0324967873,8.92772208832
32.6139581778,9.43423243019
32.5385485126,6.217305811
31.980475613,7.39876267506
32.3537431115,5.76505551841
32.6874219765,7.82133183687
32.8259479348,6.90478065444
32.7890200968,7.36943897142
32.7520163244,9.11007762062
32.5337368994,9.82303561343
32.3162090121,8.12748234439
31.7487567174,6.87074357316
32.2634196936,7.29865952336
32.5890303252,8.3823001226
32.4328688388,6.70851756953
31.8571858705,7.09557567993
32.4690703343,7.54944755509
32.4861022783,9.04894296226
32.4721402316,5.27343965517
32.5183496681,8.6726232666
32.2556512238,9.86500714743
32.6873209014,8.91469338742
31.944624466,5.65370905326
32.1157331737,9.26010452044
32.5381053393,5.24832571871
32.0170654885,7.98696667571
32.0848100558,5.20311008371
31.593920609,9.70187979342
31.5273793871,8.96546154022
32.0294680521,9.53616873982
31.8030819284,8.00451647452
31.8388817166,8.68907293489
32.7934854273,9.63876869885
32.5443211334,6.71609162486
31.8383760778,8.41394774305
31.7596109276,5.15658124022
32.2533463598,7.96260159256
31.8298627874,6.26985235764
31.7891238862,6.94280231389
32.099997203,5.92816195366
31.8538168628,6.85538302742
32.8297059689,8.21762001611
32.5281055817,7.21717338768
32.7792160142,9.40940614394
32.2919329754,6.82055810727
32.3946223899,6.09946820717
32.5501685808,7.0296299312
32.5751827488,5.99621054388
32.0827296301,7.68363927134
31.777504188,5.55029745706
31.598326924,9.81365900258
32.4829399049,6.14296108696
32.1571252413,6.26579620687
32.5470997914,6.07289094276
32.0264054497,9.79963410187
32.5563466008,5.60264715116
32.6201412106,7.44075150369
32.0822220682,9.88925768139
32.4640878301,7.96443576961
31.535090553,5.58279420737
32.5318370232,5.14747847939
32.2010405014,5.36894677405
32.680626369,5.14899066061
32.7054019223,7.06470008452
31.6386401601,6.87221489766
31.8961589025,7.90540024694
32.3500180474,7.08163862182
31.6147072539,9.61939909835
32.2285160645,8.18017549517
32.2324727946,6.19461134449
32.6049075825,8.8230074592
31.8556469346,7.80800734352
31.7072179808,9.09372768988
32.7045194961,6.16052390964
32.2277299221,7.06232748608
31.8292068205,9.82859974236
32.5561378467,5.75251910492
31.9470991789,6.84181779364
31.6451936957,8.66183680923
32.5971906495,8.0346065757
32.2512188225,9.71369881359
31.6632184253,5.34770148184
32.4656513659,5.50778617476
31.6166109759,7.16847929695
31.8391542822,5.64002159816
31.8896156807,5.50577930467
32.7413073758,7.29078630716
31.5925361126,5.37037051614
32.7550763284,6.36307856596
31.5597578579,9.28141900112
32.023006505,5.09995500018
31.7205846071,6.56986791395
31.6347205171,9.19143332881
32.2950038027,9.65678959574
32.6204771725,7.33669037534
31.5319751171,6.0975940768
31.9806794018,6.74797523554
32.5195803752,8.60148884106
32.8014049519,8.08311874623
31.7972105291,7.90280718797
32.6210258101,8.23846958168
32.4752833999,9.69886435362
32.3827832834,6.62082119014
32.5028377721,5.90540262021
32.2475390398,6.01994102998
31.6957979473,5.70328599385
31.7495650133,8.44524358104
31.6769023623,6.26700152843
31.8518262929,8.19302850781
32.1729619848,5.54713025364
32.5094311763,9.99858523121
32.3329084972,7.70474732366
31.7590603067,5.63645144007
31.9156494149,6.23426943616
31.6239661393,7.99424555089
32.1740833649,8.5821448967
32.7630024709,8.91205704846
32.1988027241,9.32220224439
31.8245170223,8.52248969417
32.4446598357,6.49606992761
32.8880531709,8.06113672566
32.0579293706,8.44933487833
31.9953480717,6.90144963995
31.580890634,5.16812453241
32.5960320484,7.50802901758
31.99842486,9.72307069086
32.1890128637,6.08232006377
31.7416015231,7.82228433059
32.5997237692,7.75350839579
31.5839552555,5.91730061205
31.8323594722,5.21051747754
32.126688677,9.17345255453
32.3191318546,5.45690649156
32.6568980034,5.41043162258
32.3355709493,7.3620673891
31.5778878517,6.02797209583
31.9057809338,8.74442246316
32.7849741593,6.72958179283
31.7723328986,7.72297395245
32.5170652356,8.42194651809
32.6834397429,7.38601512449
32.6536718705,9.5175529418
32.8484180715,6.39001338494
32.2736358939,7.87372010717
32.0325146008,8.27301752164
31.6457059167,5.44689403946
32.8541900561,9.45066661544
32.6553574954,6.97421751187
32.763374928,8.34386711582
31.5756308435,5.83127757503
31.6814031561,6.11020669755
31.8597363037,8.60444928734
31.7531905798,9.58310973342
32.1239148368,5.72746849978
32.344966777,8.26697594285
31.8809562785,8.26068818336
32.1971557826,9.99857508691
31.5163604134,9.17684143238
31.5024442203,5.76230318539
32.6647864051,8.3421343449
31.4231341049,5.06025326695
32.5443368512,9.32195737112
32.4532197147,5.78891340975
31.6532994436,8.46040247508
31.5881140332,8.82800346889
32.1063192864,8.75261027316
32.6669606288,5.55275137128
31.6976704775,8.03976168246
32.0565578114,9.95779955529
32.2909366109,7.498310395
32.5003160591,6.81764648051
32.1307769965,7.00969795657
31.868818999,9.58711448421
32.6709395342,9.2393032609
31.8625176169,5.56547316945
32.0039060755,8.48191436583
32.729587176,5.72261468407
32.4106698794,5.14836209779
32.2177691806,9.2024000369
32.1903653546,5.27527293669
31.7655998463,9.90135059433
32.6292085444,7.67091660341
32.85265649,7.00345278483
31.7964512095,6.07834191757
32.1876354053,5.80085206853
31.8505810229,9.9212387712
32.6062117174,5.31392597882
31.7181914709,5.99456710935
31.6848544199,7.87221849413
31.7541458343,9.21139756194
32.274513184,5.31566123608
32.2232039945,8.28378242827
31.7334882762,8.5194087692
32.7556944875,7.49746313657
31.6331308684,7.50038914712
32.7647486583,7.20874022193
31.5805141001,7.24299755627
32.272446037,8.60055552843
32.3053206242,8.37205312967
32.557789919,9.04053221218
31.6816639217,7.22232856976
32.3711231593,5.56893577548
31.8364683382,7.26473111597
31.9398559288,8.84642940181
31.6650447553,9.91673111288
31.7665195269,8.23554220514
31.6637073893,5.92059715051
32.0512365108,9.05384009956
31.6204109887,8.28980736932
31.91477217,8.00018934183
32.2102754092,5.98172122994
32.2985344555,9.49822250814
31.7617062652,6.3038610118
32.0079617947,7.62944184701
32.5921910587,9.7130691116
31.8376837221,8.31522397191
32.8479348735,6.66848390535
32.2377470514,5.45745761703
32.8115861875,6.58742992987
31.7818613846,7.03895590134
32.8241263951,9.23554634843
31.8837404603,7.02993802469
31.6436459129,9.99845310528
32.0282232087,8.36729949118
32.6225248506,5.21079180544
32.0999915725,8.39999033224
31.5853371693,6.18755714434
32.6486308474,7.15578266226
32.2843687785,8.78187865282
31.6384084368,6.70868612449
31.8227374818,5.45728582727
31.9112400921,5.7992949922
32.8603557078,7.18406564592
32.3227693997,9.22755212251
32.63405891,9.11470992068
32.5737175807,9.5345755429
32.3684472108,8.80630742536
32.3516373711,7.92915404501
32.4428988653,6.99516734025
31.9872061367,8.12370579854
31.657214809,6.61732127542
31.5921491792,8.12707814401
32.1790960546,7.88975792232
31.8957014329,9.39681328963
32.7221365606,5.41955387464
32.7032271812,7.54557541841
32.4423160221,8.63286388482
32.4953800374,8.95975539916
31.8298580267,5.38332021573
32.1788306424,7.48115498672
31.7786020546,8.75172282896
31.5492729953,7.94751848386
32.609189366,6.24221347011
31.8968580511,5.34543663191
32.7091696011,8.53697044045
32.0202520964,6.61481950972
32.6271728713,5.47747660847
31.9048284772,9.87156180694
31.5206390695,8.5541919765
31.9597062914,5.85245492395
31.7411671496,9.50668347819
32.359505199,7.57111121999
32.4003106686,7.75405701915
32.3368418564,9.34312349837
32.1927495963,9.86647687765
31.6561964869,5.06323488356
32.3770111882,5.42900778112
32.8323501144,7.52684195698
32.5918859464,7.84155876693
32.5058867078,8.07662054046
32.5387182707,7.63917892684
32.8464018008,9.37586567454
32.016198149,7.51381722285
32.4047358354,9.52031030867
31.9199909584,7.37633489063
32.0871673418,5.83833985734
32.715612057,9.72954101204
32.5116691468,5.33657321016
32.7700041674,7.60794951712
32.0120658102,7.32456464261
31.8024003233,9.65085242066
32.2361399539,6.91759077446
31.4668232498,6.16538823511
31.534341702,6.92484477636
31.7518993249,6.1859322149
32.5141781227,9.40214358036
32.1414044528,8.97492150575
32.0127358601,8.74295347742
32.3179782427,8.67572103457
32.5270050919,6.31746981672
32.2979322919,6.09380095126
32.2840591815,5.54184231214
31.9158617259,6.40277297117
31.578086059,6.44957476044
31.9785245192,5.4135972191
31.6747239613,8.10638709886
32.2701753678,9.28209683398
32.0003325685,5.78777505561
32.2772779399,8.86515034882
32.1014590955,6.44605633136
32.6499778881,8.61615115392
31.559608965,6.74444011194
32.5455410028,7.98976149756
32.7302855437,6.01264945309
32.004451698,9.29180650796
31.8753561183,6.72150108334
32.6825888229,8.84527911817
31.5237907877,9.74354857965
32.699527469,6.80416485335
32.6957143323,9.4006495713
31.8614084087,8.07722928908
32.7548464721,9.5202033502
32.6765503577,7.47606399377
31.5347762502,8.27443045567
32.7070011341,5.94064306595
32.3119723966,5.1702632865
32.7663831931,9.26407184164
32.7367173667,8.24850773811
32.225734203,5.7043827417
31.6875513742,6.7618964197
32.7161001633,7.1497470175
32.3982860293,8.16968433973
31.7088925484,7.94653789565
31.7415115369,7.46171597067
31.9292164568,9.78897049283
31.9312988041,9.50971211414
32.0674171737,9.36658064205
32.6485432489,9.81732608055
31.8404576802,9.45566223301
31.8311395915,7.37802049994
31.8314839041,9.05398633458
32.0651398083,7.89577050062
32.6266262577,5.06484823582
32.4509492763,7.15014824946
31.720915411,6.67544838139
32.6486900032,7.25434604915
31.9764919273,7.92375094838
31.776138276,5.05689573401
32.7111434585,6.54355135776
32.4086553003,6.28276879338
32.2649429682,5.10245297774
31.9434937281,6.63898029426
32.3035818774,9.58515401883
32.6260626505,7.93771019181
31.8260098294,6.62048897231
32.5722610816,5.53356787979
32.6916770847,9.90995345391
32.468621494,5.05209322626
31.9464272275,8.42792037752
31.8983150017,6.10612075055
31.8466898809,9.73106062308
32.0893440494,6.24735847937
32.1022437761,6.78412785656
32.0273932012,5.17384140846
32.5918216223,7.18731066264
32.2837218392,8.45869228512
32.3800611698,8.05226273793
31.6041700355,5.74443294138
32.7880063165,7.10594001711
32.7551589992,8.15238040517
32.7629243909,5.96130649933
31.8328704988,7.50392341654
31.9771787762,7.17955939383
32.224720046,8.70563740534
31.5670983777,7.32073652837
32.1870865203,9.50164439571
31.5171396967,7.78394921579
31.9883967787,6.56543012415
31.7500072796,5.89975636647
32.6926686664,7.62611869733
32.0461965332,8.1868136839
31.5299882018,8.48257618525
32.2851185538,6.89813967056
32.1237409763,9.33999518526
32.4250874683,7.65818417366
32.2681251143,6.69294955412
32.122764624,8.18161175176
31.7189009774,9.81349118937
31.5793296062,7.5885648189
32.6662870351,8.73730158406
32.3693213804,8.46158936826
32.0659705159,8.83248869494
32.241095768,7.81979694237
31.6975144151,8.27048470203
31.9627306045,5.03806750548
32.4974910053,6.59707465228
32.3614554472,5.25766214209
32.1886749289,6.38768937301
31.9500410081,5.7399577229
32.7457811152,7.43766916976
32.3638755707,5.85597694524
31.6255664186,5.97657413706
31.6118857842,7.00641889296
31.8792065708,9.66094381186
31.8641025208,5.8858097765
32.4581279566,9.91683791144
32.5658758578,5.41340650472
31.6968412089,6.47301959476
32.5097677446,5.66480791013
32.4506463273,9.31335369183
31.5975699315,6.09658487564
32.7163977526,7.7072616347
31.7406073303,8.34776258125
31.9511392475,8.21433585127
32.6216754747,6.61741627266
31.8942061802,5.26300481598
32.44765016,7.84804272027
31.6938450655,5.51915105403
31.9818141433,7.82011854348
32.4613947886,9.1713468702
32.2243193142,6.86378762315
32.7508390087,5.78234840067
31.5295286327,8.73653614259
32.279521528,8.9692213339
31.9424024724,9.00452710758
31.9324844557,8.65616059094
31.5408098339,8.62844035868
31.8429664502,9.15996259159
32.7705676295,6.81707137079
31.8045513595,5.97281407423
32.6378630797,6.3723480625
31.995906317,5.28998785781
31.9556459526,5.92562878439
32.3010441418,9.80864769838
32.1510565699,5.64300186719
32.3215830295,7.63929880102
31.6313779954,7.78662928841
31.4956050726,9.05274709533
32.8030661242,6.47729720859
32.4298879517,5.62017211798
32.4016681748,9.23340691498
31.7542644289,6.42709160869
32.2497134642,9.40939738493
32.9125747019,6.6066273689
32.8584883415,9.74041796072
31.5225423356,5.97085997321
32.3927355331,7.46332517552
32.6270726325,5.66341068313
32.053251565,6.16765282473
32.7663538209,7.00226596611
32.0171767905,5.89729324044
32.341411248,9.43010900622
32.467735553,6.02672640057
31.7715306092,7.16693478962
31.5360614112,6.81752536245
31.8756251829,5.72809709594
31.4578530165,9.38212269364
32.6342343789,6.48661417305
32.2206246634,6.65180421861
32.0412276035,7.21950547036
32.1146059546,8.00126319666
31.5615517902,8.38320504937
32.0992172729,7.29732546945
32.1104169665,8.66639861785
32.6597753693,5.78623336666
32.1034603222,7.78691603082
32.4506056371,9.10941534719
31.8905150024,6.46637187849
31.9900741486,8.04623771003
31.6210912461,5.55109732891
32.3212980603,7.80461023802
32.1397507429,5.99422403641
32.1182531869,9.81385740364
32.6896997538,9.45978129346
31.7768870216,9.31217249947
31.5581972877,9.56618478539
32.5378952632,7.31825173584
31.6093380762,6.33204492027
31.7466857786,5.39353441121
32.2090622187,8.91496414193
32.3519316598,5.36233974458
32.3207602397,6.35702026376
31.663599892,9.73853874295
32.3883589462,6.54140996121
32.5432995421,5.02676795127
32.204338797,6.80076642604
31.5819210873,9.3985621044
32.1793484684,5.16377467957
32.362777798,6.01903859536
31.7431078052,9.40793730055
31.9036020073,6.78980677851
32.0794049772,9.72966757843
31.5050076661,8.88951948574
31.4860971263,5.87094462366
32.1560974821,6.69248730424
32.6082659279,6.82739035054
31.6717228287,9.30648991047
32.6736427012,9.61443728035
32.7222401473,5.22137357879
32.7719945167,9.99071366788
31.9161387676,9.21812165852
31.6094745305,8.74294665099
31.9455506642,9.114843266
31.5740931912,8.20979109661
32.0196218157,8.64065248164
32.1225628093,8.47096710515
32.8811357601,9.90174588039
32.9323859799,9.50597762464
32.7288086631,9.33049453084
32.0419601301,7.05872511787
32.3315129868,9.91581255246
31.810535329,9.53479716362
32.7936442515,8.52065000065
32.4299231484,5.3290230039
32.1490827672,5.44541107742
32.4902668792,7.07322417696
31.5361660483,7.39993839716
31.9107961292,6.31756282163
31.9064930792,8.14051347635
32.8593513663,8.3129609927
32.3981304135,6.81136632991
32.2890842185,5.03240654061
31.6097535659,6.54112607102
32.2674555609,5.84993957484
31.8270969086,7.64353508441
32.729019315,6.64631818353
32.7937193161,7.9724762702
32.2133647275,9.02070536016
31.5635707511,6.66835771075
32.6104778713,8.13189510351
32.167245641,9.70965939781
32.3537802265,6.99346870422
31.6484180641,6.03265312689
32.3099829669,6.65589331844
31.7302917339,5.47587533426
32.7388451194,5.86382328853
31.8999560595,9.31884930115
31.9432714644,7.10330976284
33.1383127394,6.19787417246
34.1058048883,9.35126500054
33.5669607303,9.48346257316
34.0408918496,5.8904752435
33.3075354559,9.47068852466
34.1924646721,6.80445197888
34.1871649282,6.14277755235
33.4876390784,8.59295794217
33.5355102645,9.0747875342
33.6552109231,8.8921888764
33.2250725142,5.56188565322
32.8011555968,9.01049656014
33.2461553724,8.09905024728
34.1390720778,9.82880237609
33.267980622,9.60777249493
33.5855208999,7.79740709778
33.1672163323,8.36690649401
33.9714999116,7.73953462336
33.473759837,7.99287144343
33.6001660966,6.42067941855
33.7698833516,5.28460560955
32.9215684184,9.39425000519
33.5363829742,9.9047394547
33.3639404515,8.72729054306
33.3141434976,9.29749526189
34.029978288,6.85703280063
33.2804861695,7.96007171702
34.0641668166,8.68989498011
33.9977887314,7.27933179287
33.2609479068,9.77958051033
33.2887958916,6.44259061226
33.0400337288,6.67018533268
32.9139938371,9.10849291045
32.9605393739,7.51365421634
34.0460510099,7.89359079227
34.0604747529,8.10920270677
33.9941887357,9.22716968321
33.1998137308,9.30535990373
34.1307791082,9.72784528358
33.662040774,7.13008729339
33.2582948696,7.25817565761
32.9923998254,9.13630646755
33.0402326819,9.05887725781
34.083014549,7.93658125837
34.0030608965,7.94495700262
33.5285089066,8.16379246293
32.9916015633,6.60814315816
33.2749087234,5.61906173739
34.0930422286,5.22680461521
33.1943211988,9.50902486279
34.1778001077,9.06955504427
32.755052689,5.14394175618
33.2988730373,6.03995632741
33.9542201093,6.47112490911
33.10202348,7.89810681597
33.6065383025,5.50645826501
34.0617197441,7.33538752306
32.9795715509,9.9762379416
33.3992959992,7.3636659071
33.5226192518,6.98703082901
33.7212988543,7.69590009547
33.7965118128,9.04271830046
33.2348025191,5.37795741289
33.961517652,5.98191741239
33.3460397268,7.46937760792
33.5603033107,5.57772727499
33.1707230638,6.7203382334
34.1253881765,9.93767117566
33.3286504943,6.84581538262
33.1394595112,8.66097108492
33.0194622718,9.32597240151
33.7175341149,6.18862102573
33.33108536,9.93034755042
34.1335718693,5.56033705129
33.8149839555,6.71461315727
33.9240616971,9.18685065344
33.531191893,6.11225078155
33.0607347731,8.22495888743
33.6028569273,7.17952786705
32.9755188575,7.20108806585
32.9473105776,8.76148098364
34.09117588,7.65238417059
32.8739978184,5.34811448779
34.0007783731,5.78402006553
33.6911234224,6.47114543455
33.6957400279,8.22315040924
33.4743935348,6.91025587893
32.9562287645,7.70899595717
33.9263783858,6.71890150779
33.747116018,5.77448295915
33.2226153497,5.28113317188
33.8278434008,9.29382640253
32.9122247945,8.1387238913
33.9158091782,5.41073225882
33.0728011355,6.88387200119
33.576095561,5.03253149759
33.9288986328,5.87270061492
33.3022998432,9.16614091185
32.7778795394,8.80226290037
33.6883069935,9.63666284972
33.8462487909,7.1437159611
33.3598585541,7.69931718188
32.8310326039,8.44845444164
33.7357482212,8.3723987417
33.46267509,6.72793765459
33.834378937,5.11036852569
33.7257776096,8.83970330274
33.8346806353,5.19976509434
33.7739509635,6.54533411148
33.5158910721,7.80733466319
32.9232836574,6.93679506415
34.2018407066,8.96438217657
33.2793843429,8.94551658662
34.1477009589,9.43523079164
32.7138869143,5.09566167774
33.3927701134,9.09475556404
33.6555699786,5.43538092464
33.6830221425,9.08741647616
32.9078422163,7.67797003503
34.0291950211,6.6910059761
34.0233673951,5.04086922123
32.8432200238,9.11600040932
33.7151255585,6.08835458789
33.2209462831,6.27262082476
34.0351121333,5.69705201233
33.8004085647,8.08637947497
34.142060912,9.16502840199
33.9995333368,5.6091482224
32.9298695224,5.61266534328
33.576040439,6.03202705657
34.1286541231,8.06959032498
34.0666071707,9.68030649277
33.6519904135,6.71754334517
34.0542315864,5.52880016627
32.9834167614,8.28081966201
33.193711639,5.84730886128
33.2193852158,7.78717656575
33.1767504857,7.40210029287
33.3528204748,6.73881366256
33.7688543619,9.71363226648
32.9396578787,9.92383671667
32.8676901768,8.71142319749
33.2269548286,9.01730960228
33.4318247839,9.33548946171
33.1809533746,8.16361318724
33.9584816886,7.52520982646
33.2075287822,5.76943989937
33.1411978387,6.91826742648
33.5999673706,8.18596607565
33.5937454224,6.53545780729
33.2766206985,8.30871979087
33.8512002629,6.7900937035
33.5872839825,8.07164091144
33.3919111304,6.90531772879
33.5475941256,6.65698133804
32.826473443,9.31050912699
33.0884840546,9.13383274491
33.3153439103,5.34119389667
34.0560577536,9.39949913292
33.4915241249,6.56418402083
33.5017746429,8.70116695404
33.6067046864,8.9739114542
34.0216928133,9.98803209366
34.0516088186,9.88804473431
33.188027312,6.01594614986
33.1486962639,9.92272497187
34.0710487255,9.49474666612
32.9360790667,5.20450442066
33.0337672174,7.27719143105
33.6032665901,8.7212993872
33.6957465694,8.5270707457
33.5782814781,8.54734975078
33.0049192555,8.37846625211
33.3492626262,6.57417457949
33.3858464487,6.10717096616
33.4002805942,9.21673861513
33.3172595932,5.25087140538
33.740262072,9.14751123032
33.364441144,5.90711884809
33.1003610111,9.24355841198
33.1251203664,5.81098332219
33.9919556054,5.27354153888
33.3990212321,8.99061388729
33.251159604,6.58377374386
34.0344546517,6.06129549801
33.2106146546,8.30741723893
33.8175721685,8.29784625714
33.8370805524,8.43852885475
32.8975667199,8.8382427141
33.1325949384,6.3667421056
33.8833125829,7.51018178688
33.6135151873,5.65866284546
33.2039272696,7.21265389912
33.5893479091,5.87284955958
33.7819014879,6.2882745878
33.1869642411,6.4784339471
33.0594709835,7.98044445946
33.0058220693,6.39212834006
33.6839421963,7.23171161326
33.3269473226,6.64182681018
32.7334874928,5.03553539353
32.94447228,7.1229676309
33.445997791,5.54134168248
33.8974697201,8.20122072037
33.4119154111,5.02713671775
33.5560096264,9.80025441899
33.6433291093,9.88730481926
32.9664287799,6.13097424674
33.4285407604,5.63275316735
33.4458487944,7.26902726112
33.9324552608,6.09061470782
33.2743821445,5.72427796978
33.9705477376,7.37084319109
33.1212211169,8.0861740192
33.6696011519,6.0323526455
33.9084813709,8.05354712731
34.0904626709,9.26242423994
33.1382477437,5.27100875675
34.079206925,6.14879960402
32.9496181894,5.52955440755
33.2583336472,5.83250022344
32.9035936688,5.92999592794
33.4601558813,5.74400850112
33.7598313302,5.87982911294
33.2383586031,6.76374044752
33.4519289138,8.52159003911
33.4442190377,6.82492406802
33.3459170844,5.79314494393
33.7705179312,5.04094543508
33.1176224764,8.18777653937
33.9088196045,8.98740789451
33.1741875562,9.41308440913
33.0526919359,8.15906525959
33.1988098638,7.8820096846
33.5373825268,6.36041977411
33.1325497599,5.91789481297
33.9192461494,5.05205278239
33.364198393,8.28149324271
33.0066818242,7.72557828633
33.692208382,7.59794722538
32.9407613777,8.35330688163
33.82461664,6.62980697086
33.2589695914,8.67776310632
33.5915400034,8.36982551992
33.5804408999,7.27374705258
33.0960140205,7.68754494976
33.1179505895,7.09194707895
33.9655787618,5.48976849853
33.7596861076,7.5421078468
33.9789498268,6.62318698627
33.7396437087,9.53951761166
32.8469756053,5.63792994763
33.5643241747,5.78825923678
33.1754522816,7.29733497809
33.3706943659,5.49442510346
33.0567423588,6.30539193431
33.1878916813,6.65855706784
33.6782641756,8.32592183302
33.5541932755,8.77804193953
33.4947936086,8.95659280099
33.9687535152,6.92424071295
33.7239560811,6.87894600354
33.189936402,7.14830556951
33.2692106742,6.68087921938
33.8746857853,7.89744085932
33.5042076025,9.24285977348
33.0884823446,8.31829482318
33.8982831629,6.18444278958
33.679643212,8.41154217354
33.5072850836,7.18880208744
33.3516100234,7.06774270363
33.1140044404,5.69930242775
34.045925758,9.17916241183
33.0152673486,9.43066264231
33.3276683679,9.67167251515
33.6069306661,8.27303591304
33.5221394642,9.97512608202
33.2315872061,6.87137721483
33.1246949205,7.58550679662
33.7015616761,9.43398680413
33.5547702086,6.78598194245
34.0286210539,8.51108580963
33.6147787931,8.45865233524
34.0387120394,7.56826369961
33.606350485,9.43446078094
34.1278463766,9.61231807907
34.0295673037,7.45947943097
34.0336265586,9.00785891899
32.9132505671,6.36709181697
33.061280134,6.55966183901
32.9121876164,8.96155403321
33.4372585338,9.85328556466
33.0044396676,5.45895431398
33.4608229728,8.2149444389
33.9796422127,8.81831729022
33.7049371155,8.73022460307
33.9142755462,9.26569196234
33.9904641965,8.23866204451
34.0412616946,6.78164047987
33.7933751513,7.22870300447
33.8144669534,8.20728997164
32.8027421442,5.49336012745
34.0903728094,5.74839269062
33.9364083379,6.34311434601
33.6652452598,9.24384375731
33.106608585,5.47570430921
33.7559721639,8.43875875963
33.3976663186,5.99958343056
33.3991640921,8.57216994619
32.8361438619,8.90148634637
33.2377408598,9.9620073095
33.8556615798,5.46812798249
33.2041650806,9.70936029922
32.9244526893,6.30557802839
32.796170512,7.87061961248
32.9496821812,5.84115086875
33.1214475635,9.02611381741
33.8491793977,6.35382831401
33.7968273651,9.39642840665
32.80610605,8.60522635212
33.7325886347,8.9335252834
33.118287623,6.26589777336
33.8404278288,5.02984710124
33.6679296799,7.04302237362
32.9584454635,6.50690791438
32.8319497315,5.15949210412
33.4297035888,5.84498884675
33.8874389069,6.5291774656
34.1108006544,6.85900786531
33.7611563892,5.51882987546
33.2419839128,9.85797132177
33.761099967,8.03212201067
32.9050588251,6.42260073543
33.0928039346,8.43357043954
32.8782464539,8.61701273902
33.5576894942,5.12494043104
34.1957224246,5.16230803771
34.0354333526,6.91585478365
33.5590928118,7.96134560384
33.8611926846,8.6407462928
32.9327074157,9.86809156358
33.8991166624,7.97031747987
33.3381273327,5.05014306587
33.3056684241,6.96056634883
33.3138886527,7.86053217976
33.2388032648,7.05642445151
33.7063710759,6.27256895493
33.0856853076,6.46392837212
33.9591409825,9.87349891667
32.9170441485,5.72063713527
32.8929321066,5.11832482348
33.5328664214,6.27713408965
33.5071344671,7.29031113841
33.1742741376,8.82159982908
33.111605439,6.71162408544
33.0047124157,8.51390347107
33.8539596798,6.87842538148
33.392054805,9.60836540574
33.1106110066,9.75331138191
33.9634473624,6.2555111246
33.5894574107,6.18036060247
32.9917883776,8.08113579518
34.1268476973,6.20485948811
33.9156601538,5.78887077919
32.9425701646,6.2328878841
33.6447360989,5.15716840191
33.4487198813,6.24269223661
33.5874767021,9.28368939631
34.1189036182,5.9440387895
32.9026020416,7.59700295404
33.3499578093,7.26518472659
33.2236034503,8.57702377595
33.961328527,8.72744929386
33.1201656034,8.54506508745
33.4957632715,5.64885062553
33.7403251567,6.77476346723
33.1911015159,7.71789311962
33.9708727475,5.6976535481
33.8159553299,6.11459768673
33.1148806238,9.33681178983
33.4186852453,6.63358198021
33.8361548349,7.05608923924
33.0564875291,6.74806961648
32.9557692306,7.79628459131
33.641722064,8.6333109925
34.0549199166,5.46433798418
33.3266431342,9.53001283307
33.4948490143,5.25657842585
33.2353034961,8.82609287589
34.0612580626,7.15095690869
33.518802946,8.30022443779
33.3642004511,7.55724018845
33.4260708241,7.5363179725
34.1393653234,5.87016812077
33.5139835999,8.45300320686
33.154112074,6.5696063428
34.0809847051,8.46737803402
33.6549631246,5.74057818269
33.0187797447,5.65345073984
34.1289937356,6.29204634841
33.0474386194,5.27376625095
33.9615640656,5.3633499383
33.6922102901,8.07003994452
34.0314287624,6.32844625784
33.2752140775,8.76542183248
32.8295563739,7.27811771252
32.931482108,5.0487098193
33.6384787451,8.80681210876
33.3792252631,6.26858184428
33.9011434049,8.38600062392
33.1574584686,8.25356407807
33.0196375841,7.0593998975
34.079206921,8.7718906242
33.87344797,8.76147885508
33.7814114214,6.37304817668
34.0154698456,8.9273385544
33.8242727345,6.21252133063
33.4265516672,6.99141372047
33.3132831549,5.54320063373
32.8911161078,7.89773275871
33.8154570978,8.85474275537
34.0688547368,7.24628266464
33.2555155213,7.49804245726
33.0028150667,8.88681901887
32.8660937628,7.34348330765
33.8718279846,8.90209312364
33.8889048373,7.59039281185
33.3998119747,5.22432059049
33.0882552848,9.39835238658
33.6964931885,9.01987356229
34.1220841504,8.88955682322
33.0195569186,8.98776090428
32.8720943436,7.07375550599
33.8310966493,9.61262568663
33.890690834,7.44819010876
32.7727492009,5.57171614157
33.9964241204,7.66578614574
32.9655200488,5.36269961594
33.4070228392,6.53009008713
32.9579258,7.97785292245
33.1758674413,9.80170349106
34.1497544681,7.79258442907
33.4007724797,9.48594837693
32.8873273854,8.53502051965
33.7280546569,5.69060741314
33.2388847269,7.44247475012
33.9325656868,8.89376483554
33.3895766566,9.7302980687
33.8405027022,9.48400461538
33.0008025806,6.82197474872
33.1070082594,5.04518917477
33.7386483798,6.65607232443
33.8363349282,9.2002798582
33.9738892815,9.06613526626
33.4137667773,5.32033018964
33.6610038956,8.13730876394
33.8243599926,7.5522131819
33.0484063452,5.1516979161
33.4549736315,9.02886841069
34.1376076612,8.15559031961
33.7378742374,5.17033067118
34.069107302,8.59791135495
33.5877907113,9.62973646716
33.9940364786,7.01271893777
33.499263601,5.35056676944
33.017704343,6.9540868244
33.9753781919,9.46242507627
33.9649683955,8.1459275554
33.6856887304,6.55794823614
33.9850335617,6.17377147766
33.5432954935,6.88531399554
33.9217167975,5.73023139785
33.0882070997,8.92957509162
33.1355305462,5.36397645858
33.3182538637,6.19317355301
32.97116737,8.62995208104
33.3885347397,7.93757130414
33.7379275428,9.32720348411
33.7588539175,8.32285793607
33.4206578245,7.83423861079
33.5986428266,6.3349525711
33.2334052666,6.38860062738
33.5080434594,5.86445793388
33.1405837564,5.12661090626
33.2097918609,7.58114012458
33.2460158199,9.4631240453
33.4106450987,7.62658922001
33.4932350494,9.67633283181
34.1073798897,6.93763358559
33.4961247446,7.64845772809
33.4482155601,7.72682421379
33.0636513579,9.99779347828
33.9394963547,9.68184121216
33.7490407911,7.14585109219
33.0477689139,5.38009845211
33.766074044,6.00034206944
33.5506269528,9.1738963064
32.8457188626,6.1069839161
33.2724141145,7.6559366054
33.0250128299,9.88355357505
32.7368366525,8.63291607051
33.004883227,7.40542211995
33.5668436889,5.93672661251
33.0188450944,9.50536582524
33.2648598849,9.51841361349
33.110878658,9.83183766715
33.4901432199,6.45705866559
33.1843011143,7.99180884171
33.1788272428,7.64478268639
33.4191402355,8.4489446433
32.9203684692,9.29447566511
33.6572333447,7.35288361779
32.9974173786,9.22634980833
33.6061757355,7.53964469828
33.0861827133,6.12500463247
32.9060539896,6.8040427093
33.8375740636,8.03032329673
33.0488029473,5.85967933983
32.901151603,9.19206721663
33.6375550748,9.34366013929
32.9348547937,7.02014547013
33.7571256736,9.23904219052
33.8640886952,8.12042798556
33.8043189701,7.47261187506
33.2901726949,7.55818762795
33.5695867209,9.37931477587
32.7839669833,5.43119756494
33.9673213242,8.64832574798
33.4744671668,7.44904966322
33.0619256842,8.60613543224
33.9547958035,7.12635159409
33.1998506996,9.11859243386
33.0357428191,5.5500018209
34.1385167022,9.52986534214
33.1293508314,6.80649915432
33.4180940458,5.42463173614
33.0022485992,5.94975349322
33.2530128139,5.92599165592
33.8561941487,9.73862942771
33.0974407999,8.83657527334
33.7987779013,7.63297326471
33.9192624281,9.55281303637
33.088913204,7.00376484129
33.6229492471,6.94478952846
33.9090650252,8.2854385955
33.5609425995,8.87224571447
33.7462576974,8.13414182196
33.7977921631,7.94219589751
33.9811195469,9.14429070142
33.3312257457,8.85089965456
33.6542908543,6.62156995247
33.1291667264,5.20567094568
33.0074177447,7.59761941469
33.1211825865,7.2013049282
33.6438139144,7.67607945689
33.305393791,8.60729834922
33.4691289998,6.05907309086
32.8847130157,7.98998919481
34.1402055231,5.29512118612
33.1847171825,8.9053897388
33.4867971386,5.95930387196
33.6579090386,5.94189692005
33.4223760036,8.64600184399
33.9848037948,5.09785519699
33.049463807,7.77144195107
33.0225851311,5.03932201242
34.0966292658,6.38104853728
32.9528745149,9.7939669331
33.290460568,9.07445909798
33.8994903051,6.62002910594
33.3381907184,7.60074875928
33.1362310469,7.78752178157
33.2850569914,7.16615169445
34.1722312888,5.46026595626
33.8000473898,7.76573678101
33.5325856752,9.3238714957
32.9065731551,5.29141140687
33.690023886,5.61452328197
33.7782281716,8.78140419637
33.0981089924,7.36092141651
33.9661937089,8.55478775859
33.6023205049,5.23416850209
33.8993958468,6.96492781334
33.3125620741,5.15428920438
33.1440235741,9.60222264081
33.9514365513,6.83749422654
33.1200464685,6.63354483074
33.8780335369,6.27199764871
33.8923070746,8.55956392504
34.0413619687,8.32138572174
33.2786957115,7.3609934252
34.0659890698,9.09118546756
32.9807659217,8.80798151275
33.5875081956,7.44258473701
33.9170411847,9.78710505026
33.6729276993,7.96670635919
34.1006041167,5.41564469854
34.0249279117,5.40382375842
33.8942065687,7.69368729263
33.8284914351,7.85210322689
33.3761377551,6.43818576342
33.5820942755,7.6215200149
32.8698767891,5.55461920495
33.3719619819,5.59175140753
33.4423055289,8.36601031356
33.5318421281,7.35847543985
34.0241581038,9.78095747778
33.6908974284,5.35130354049
33.9967777981,6.5323075166
33.5972486843,9.99082056806
34.1052573628,8.99214652981
33.8484027118,5.93293475599
33.0583602178,7.84248710318
34.0214008705,9.58279140522
33.9489305059,7.45311518105
33.5340295084,5.44954310097
33.0490887267,9.78476145521
33.6596212794,6.81078403655
33.2546675246,8.22098108026
32.8236395467,5.26318067563
33.8301346055,5.69915396291
33.1250177518,8.76150887218
33.0174380843,9.70451146981
33.7491081412,9.82658749658
33.5085123329,9.55357110808
33.9051675963,9.96673989746
33.9070112023,7.04625763117
33.6678879873,5.06432554077
33.2455477839,8.36503261864
32.8188779081,5.91599213601
33.8682502057,6.01672954492
32.9599829949,9.05539093936
32.970465443,5.11620395041
33.2241336326,5.06479872841
32.7294851649,5.48451602112
33.3216403808,6.34359683379
33.7554619254,7.0563328473
34.0613896814,5.97978085624
33.8916493374,9.10752263533
33.009822979,7.67105776978
32.9897364678,6.29365944859
33.7487434611,8.63433838718
33.0089057051,6.04367167369
33.8509339107,7.36387341097
32.8343774538,5.81248747865
33.4408668144,6.3416577494
33.2110706209,5.1754108432
32.88533043,7.43070286083
33.1978434801,8.75400660699
33.3237559115,6.5116440467
34.055065282,8.18899718978
32.9077367103,8.21522135121
33.8707382366,5.57679760975
33.7894604278,8.71280225471
33.0988508612,9.49316551843
32.8830865024,9.05443055603
32.721189668,5.33161705547
34.0802210345,5.81472273819
33.9919525869,8.43044309279
33.8913521983,8.85079785278
33.6923943769,6.35771736513
32.9832737613,8.1841166187
33.2967713445,9.72469078125
33.7751483914,9.94208522419
32.8830505514,5.44889219621
33.4316675217,5.11698984118
33.4564465089,8.81905912916
33.3298925925,9.8174651394
33.693300241,7.48158150415
33.0996382413,7.44414895601
34.0140905013,8.70462752849
33.7216714682,7.85397553105
33.753368836,7.31180610391
34.0711617026,6.61094609973
32.9238133647,8.43396001595
33.3723394097,7.76458802273
33.0364589142,7.15331844407
33.5025664076,5.0398928601
33.4421795992,9.97309970584
33.5578455667,8.62888786226
33.7759342281,5.61113085861
33.3974492542,7.16995908979
33.6640749876,5.83718225627
33.5055354913,6.20236794961
33.960024057,8.35165303912
33.2141930482,5.46920822169
33.6405803189,6.26716081008
33.5928497989,5.3433870016
32.8639540198,7.73782420811
33.4120725996,8.91278346787
34.0654761904,6.96705227544
33.5802287126,9.70844106894
33.6788803583,5.28439711853
33.6621199637,9.749187682
33.6319898028,9.53053138518
33.2962609097,7.76066137748
33.1318350734,5.59559891236
33.8433809247,5.81205783711
33.1908933943,9.21443542413
32.9232856083,7.26207297056
33.3581454802,8.1604356545
33.5838965403,9.22587133261
33.8970462751,6.42747209216
34.1383237166,8.32095554447
33.3567798849,9.4016035067
33.3967950929,8.50474412044
33.3177556591,8.52105694444
33.748692851,7.39747032668
33.3327705284,8.40403393956
32.9585310437,7.65058286788
33.9217987936,5.65961948786
32.9167498218,9.63346153258
33.847755295,5.26200410902
33.6150995852,7.86785407724
33.3518658632,8.04336773604
33.3143616236,5.44271712491
33.9421839803,7.90370184323
33.3516334771,8.9405188305
34.1113013385,5.14003158529
33.9692064924,8.01381462791
34.1402815914,6.03295133494
33.4618167632,8.09746648174
33.360268081,8.62729095216
33.0577033457,7.52105873846
33.2084657252,5.67257430317
33.9130759322,7.81304404711
34.0737059142,5.33511233766
33.2543020817,9.23163653636
33.906224578,8.48712811358
34.0473991296,6.23547114078
32.929508567,7.34514004193
33.8156368812,8.53024719854
33.3261870369,9.00849665844
33.173382187,7.50034742113
33.6124595768,6.85558711444
34.0058918859,8.06693602508
33.656804424,7.76684401988
34.106214011,7.7364877556
33.4720636115,9.15186651565
33.7092918971,6.98024790872
33.9949654263,9.32967006676
33.6416692029,6.10231527988
33.3506547378,5.6733970511
33.8903876402,9.3735764212
33.5027710254,9.43246723713
32.8430619562,7.660469295
33.9304617417,5.16920565037
34.1335382739,6.7113831239
33.8037447826,8.36833217347
33.6327256952,9.05957680282
33.819296169,8.93842398371
33.7933944075,6.96506279688
33.764216102,8.27157830125
33.963842187,7.59648886668
33.6858914599,9.9774327063
32.9158052562,6.86761857639
33.7704548233,5.40196272273
33.6680176552,5.53094291903
33.2165486917,8.45764870515
32.9137518522,6.02515971534
34.116472277,5.05303412841
33.5128534447,7.56287089357
33.2747336397,9.39581796225
33.8703724222,5.34006199629
33.5500782703,5.70199072644
32.99714808,7.89605893219
34.2698923026,5.24580309319
32.8082441357,8.38807258597
34.0729003194,7.0652902566
33.5696013429,7.08326634246
34.0345189836,5.14862263683
34.159534343,6.9421198893
33.0358304627,5.76451873332
32.8599650997,7.81237215304
33.6300929506,9.14273879237
34.1117275838,5.65266996526
33.0357933179,6.22180081949
33.4572980837,7.08818419531
33.8569741481,9.86316339877
33.8056539638,6.44469402289
33.9988907469,7.20847018338
33.5330697559,7.88270653667
33.4110905118,6.18298976919
32.8188514943,9.17712897897
33.4714750301,6.14610132916
33.4733412078,7.91621135425
34.0628937066,8.01380362179
33.0375236521,8.7373657632
32.8076682344,5.36698767374
33.4725224936,9.76313427326
33.5607709274,7.71669834707
33.0255122002,9.58763357701
33.7974938728,6.82588786868
33.208427024,6.13057866036
32.8246933619,5.05852823861
34.0758155993,6.5316098031
33.9056275221,7.24405973221
33.904567319,5.2590660616
33.0875804067,6.01857928078
34.0241920771,6.43234778098
32.7645469098,8.69961878444
34.1242308006,7.00441256821
34.0371368267,7.80590733458
33.1575409269,7.00305220884
34.3721651331,6.0967686191
34.6849230471,5.53937066201
35.2398186617,8.84173167417
34.5629623475,9.72231147066
34.1879950205,8.59150874353
34.4922694442,5.35885749096
34.4407025222,7.20501724025
34.4430069532,5.26237852189
34.3725293797,5.20663921857
35.3544262672,8.27814084501
35.4918606933,5.93589549533
34.5723666223,6.24520539879
34.9857304135,9.22839928449
34.9728859938,8.31855242956
34.5874197088,5.726135752
34.6076531923,5.56686101931
34.2261480116,5.05670568943
34.9014076629,8.70606847021
34.1761883536,8.37260302197
34.7410519214,9.84347327983
34.9779288857,8.85584777185
34.3740412142,5.41628738941
34.3493831364,6.54229657801
34.2685401235,7.45519606039
35.4407297899,5.64122493583
35.1755120002,9.56477369467
34.2637144714,6.720594755
35.3894023799,9.71830558354
35.518657694,5.8358901261
34.4331515166,7.9814551352
35.3195435249,7.32292830142
34.7976982004,7.97083698481
34.9144714949,8.09920244329
34.6545665681,6.51955776455
34.2287816833,6.99696692121
34.2989090135,5.13843070024
34.3724427309,8.63128082767
35.1300265358,9.25845842295
34.6160338628,7.84430875119
35.2509917962,7.66097633601
34.6796243756,6.41451484348
34.7476708873,8.04165337922
35.1051491459,6.54986831831
34.5526616537,7.80285599687
34.6395176018,5.4903964723
34.5634017397,5.22119969802
35.4500237149,5.20379412294
35.0856847435,5.56913903406
34.4733874586,8.5809988771
35.0189447739,8.0509768106
35.3391847112,6.452605472
35.1678568604,8.43550535053
34.6052805767,7.75260118608
34.9987961616,5.12386185421
34.7462209943,9.01329337308
34.37064743,8.87555896143
34.4937166204,5.18490404366
35.5132308257,6.20167097737
34.4356575671,8.82923366513
34.610391165,7.94738724124
34.8630908251,5.2410344492
35.1968963787,8.62225401845
35.3404104275,7.73098089154
34.2249624321,7.62625701136
34.2747461995,7.64895221769
35.3073180467,5.05915847909
35.5018198441,6.50376451879
35.2446604704,8.16144306037
34.9337876369,6.37320376823
34.84128643,7.01757204132
34.3337261257,6.92794967729
34.6141029489,6.72265115267
34.9596501859,8.25158911175
34.6148244317,6.83736229435
35.3185857925,6.74152709723
35.3654462742,7.95882548382
34.1040076788,7.50770022535
34.6971060343,7.55002068143
34.1980994484,9.75923576508
35.2329771617,9.50223851015
35.0708401766,6.00643352735
35.4630206988,8.91283622838
35.016344312,9.42464923807
34.7776921952,8.94645036605
34.7730066204,6.4499527776
34.4987099715,6.46961792855
34.3395127743,9.2948612183
34.1112891081,8.39515707761
34.2879915057,8.77313589013
34.9919197409,7.87153349502
34.506416284,7.95910443746
34.3891529317,8.97068147748
34.6319926492,8.4109455531
35.3680096001,7.16717493818
34.9748221341,9.0717974709
35.0913202534,5.40175290064
34.5121600514,7.0036516597
35.0647134521,8.90166932845
34.9024113715,9.97709442915
34.1136788782,8.24658838159
34.8231655005,8.38967093186
35.2412525409,8.55201048844
34.9926274486,5.79239449484
35.1353590524,9.80211245397
35.0350009952,5.45745801729
34.7726251676,7.09425488827
34.5537390531,7.38269318724
34.8171000312,9.3347356721
34.5022589842,9.18734120332
34.4062228636,9.33895771177
34.2131000872,5.39434567209
35.2272543368,5.74589615904
34.5170085967,7.45723821659
34.1527041362,5.35957380854
34.8075052274,7.55838019222
35.3220269527,6.90358503029
34.3366778131,7.47533585792
34.781784828,8.28701214953
34.950514079,8.68819279234
35.1864661816,9.65115207738
34.3389367136,8.10210491381
35.0845229522,6.20091675222
34.7352041794,8.11491707667
35.4356069507,6.03445233581
34.6491774738,7.26723855297
34.6386963234,5.1422125917
34.2931203086,9.62535839512
34.6215210238,5.3737866609
35.0239834796,5.91062415333
35.1117591152,5.4808340767
34.1257500817,7.87143784899
35.3863125938,7.52135258225
34.8857716753,5.76943196691
34.1258213381,7.41383535798
34.3780959555,6.78358458438
34.9149453339,7.58795759986
34.58552218,5.83800191716
34.2080451356,9.49721443698
34.4438392337,5.49769708477
35.3131861982,9.76432406131
35.1653553271,5.52826841424
34.2829848313,8.84071594903
34.8485165546,5.59993806703
34.7691778806,6.56513920378
35.4654162938,9.99104173208
34.413736301,8.21157368595
34.285538074,9.52424447341
34.2636728785,8.23586197909
35.1837576866,7.13019082545
35.3649607508,5.91508950994
34.6501348025,5.79655480168
35.3478094625,6.01532587911
35.1940733893,5.61742780924
35.1186276377,8.10359611805
34.3758673771,8.02209228688
34.6156983853,6.09962546665
35.0962030503,7.46167245435
35.3907026297,5.74568165559
35.3241187029,9.07418291952
35.2394670065,6.36009786622
34.3788323378,8.75689180664
35.2666550535,9.69091318787
35.2906321265,8.61896963357
34.6656941541,9.7175000009
34.4296598795,9.13589345802
34.5932934368,7.19724748049
34.782639452,6.84697675413
35.3508631479,5.51670025342
34.7265209386,7.17122713957
34.4426779991,6.14795684972
34.6360047321,6.32371293842
34.2876854152,6.62846727249
34.4747350352,8.90111826833
35.0426364377,8.58414121376
35.0617046731,6.10952444879
34.6561056951,5.24474301764
34.4252098723,7.46183405
35.0808621262,8.79737262104
34.4988017347,6.22237222496
34.6748459129,5.70197959098
34.7395745706,8.48551954975
34.3734874292,5.72025585763
34.5644271017,8.57662394953
34.5517455487,5.9648000949
35.1550167866,6.78959053763
35.0175427797,5.20006304178
35.1470060296,5.71913016128
34.6409492958,5.63568371529
34.8271780072,5.68509932396
35.527358576,6.04081448818
34.8599658175,8.51284854417
35.2579875694,7.51743616118
34.3227478251,5.64410913074
34.3465908261,8.54270719374
34.2058640608,6.61846173904
35.4440404553,9.08688239808
35.1655122101,5.38235300684
35.3727721394,9.9430309417
34.2734252274,7.93949902483
35.4793121652,6.128251094
34.6354581494,5.89835068207
34.7274905412,8.77156930317
34.8943910866,8.8611382266
34.8521836313,5.99386947489
35.2556291604,9.19673405572
35.1457445996,9.9484284712
34.7650804577,7.70708179111
35.0158425113,7.13041977123
34.4159187451,8.48984746905
35.3885606721,7.25185818917
34.6770837216,9.09400754664
35.0098758375,6.69642985179
34.8213324277,6.6620112658
35.4261305933,8.43471283168
35.0101933705,9.68892829413
34.9873643376,6.92346310382
35.2877584705,5.58767957417
35.4430998711,5.54901971912
35.3996357763,5.42181167531
35.4106737479,6.33180373468
34.6181716066,6.16341949372
34.3453768077,7.95541056821
34.666447753,8.16245879413
35.219890263,9.38299794909
35.3602636072,5.60856356184
35.2666695106,6.66049657571
34.4624977798,5.10882529806
34.3418094851,6.01876324131
35.1878884125,7.02693860891
34.9201737563,5.15047539922
34.5959748117,9.46011241073
34.6014986455,8.20454886557
35.4336306176,5.82192608212
35.1673250028,8.00188784921
34.5253108799,8.36677013573
35.377681563,6.66979480668
35.1069533361,5.64479131522
35.2512085426,5.97425979523
35.4627101358,9.74225434465
35.2172008879,9.27297041928
34.8950193217,9.65941984189
35.1869991613,6.58336213787
35.2088625238,5.81732108721
35.1977028147,7.87234104054
35.4163923388,5.04880188389
34.5936843221,9.7938252143
35.1772468681,8.1860533829
35.2846846865,7.71042587218
34.2120953054,7.42919899812
34.457950064,9.41480911407
35.0936234674,7.17880784016
35.3521477637,9.02169963457
34.2019938627,5.94074210233
34.572725319,6.45578864467
35.1190699012,5.29578398344
35.1167777162,8.62997703326
35.19323003,5.23714454365
35.247810035,8.25931253131
34.8403655752,8.23683915147
35.2762933404,6.96959946467
34.3945806947,9.51868778729
34.9972724366,7.52959531106
35.3119322026,6.82928099824
34.9425389999,6.82146177538
35.366125146,7.3987015035
34.3045623111,5.83014352975
34.9351612096,7.02279031154
34.4991698342,9.79234400119
35.2423295265,6.13663322176
34.7121160009,5.85490265143
34.7140565892,7.89082441145
34.606527385,9.06590290634
34.4584971204,8.97971310262
35.1104200013,9.56536611612
34.2658210124,9.99193958013
35.0615705174,7.82217225063
35.3756021641,9.43742951187
34.8623391241,9.16081815604
34.8659378932,6.91874531815
34.1783454706,5.24679449775
34.8883742317,6.16409370327
35.3109901686,6.19869577947
34.8397503922,6.38690266273
35.2140871063,9.77449302124
34.5077888312,5.04577675833
34.695340345,7.37791426048
34.5192736072,8.78996835259
34.6670250826,7.66847167286
34.946915404,6.13013724725
34.6930350204,6.87588337133
34.2714182213,6.07796214993
34.5783716433,5.64684571732
34.2326470361,5.84970461906
35.215374353,6.49894662016
34.535625289,7.16349343944
34.6768010947,7.08061590846
35.0251031271,7.00287997076
35.2879404833,9.86148087514
35.3559825584,8.9315793096
35.4602901271,5.28568059429
35.2594826812,6.44193157727
34.5633484801,9.62124670017
34.6402959152,6.95579934976
34.5276889161,6.35713846184
34.4134462664,8.39760397748
35.2012377964,6.25081032058
34.4673100594,8.02877668867
34.1843178864,8.47260798032
35.3925004003,6.8828070084
35.1746439955,5.04401525503
35.0427510161,9.81261039012
34.6034468729,7.05119409064
35.181592742,8.79113028554
34.5665843212,6.04859890138
34.7304348007,7.45936611353
35.338159395,9.52951608364
35.332392638,8.52137843743
34.1644423116,7.10339004623
34.2597289582,8.68581831617
34.2810952517,5.35443792364
34.2713672132,8.03350460776
34.7130108522,9.16187889175
34.8724101286,8.01596022703
34.286300315,6.0028945999
35.3279948453,8.17782600954
34.8266149034,8.1604846812
34.5345594226,6.89683798542
35.0008507079,7.95710490048
34.6166407623,7.35589341536
34.2085775113,9.56894480066
34.493617798,6.275044766
35.2774684586,5.85800359271
34.2004110574,9.23788647207
34.2751183282,7.09564550695
34.2399594426,9.15193546991
35.3161023205,7.89362557671
34.812479517,9.78226604984
35.2951817956,6.384260132
34.7384008733,9.38845022927
35.351338646,5.35799100894
34.4722848463,8.42131538827
34.3168408799,5.91595171471
34.2626549173,9.2771643133
34.3575542969,7.38919141322
35.0504880334,5.69853454867
35.2238722197,5.40684975925
34.8496958039,5.05876146295
34.7033391169,7.77633666351
35.3017033732,5.416462994
35.2963810185,6.54422907846
35.2789213831,7.21644640314
34.8407440394,6.801669422
35.4340449095,6.42987311031
34.9277064762,7.23309416206
35.1087973948,9.38072532541
34.4946974728,5.5910786486
34.5322321586,6.14316110173
34.586787664,5.0883879934
34.2419418893,7.79260388836
34.5654350544,8.11621071147
35.2214332064,5.12326947375
35.0992541809,9.63184727595
34.5790184827,8.88716792504
34.9322185397,5.55269036041
35.0052141025,5.52943806725
34.5331181569,8.63651193061
34.7570190892,6.9126212526
35.3550604994,5.27478764592
35.1507718488,8.70781835
34.3584123068,8.36353843926
35.1733850742,7.22329472842
35.3848361162,6.5077305871
35.1246559837,9.85695245699
34.5540215987,6.54434999053
34.2981563945,6.50002966919
34.9772677219,9.5013197431
34.4291613521,6.24271466967
35.0005458468,7.29184520423
34.4670983847,7.58788212978
34.2797312203,6.83103215502
34.1629574209,6.37240702697
35.1690683881,6.3407134953
34.2831141266,8.58117811735
34.53007773,9.09564927713
34.4020180373,9.74267585372
35.087660511,7.07039723425
34.8533865753,5.51686655283
34.7547720442,5.76932773121
35.1838374398,5.45456222126
35.1848795273,7.94539978285
34.4001681624,9.22162278104
34.5269357359,7.75136374724
34.2676109364,6.32890095796
34.3766394775,6.18533182037
35.3169637147,8.41187479863
34.4154603585,7.89119984919
34.8386654633,9.71801086996
35.2931564938,7.08780405539
34.9316786831,9.33252861802
34.7546634707,9.55833854148
34.7468964146,5.94017447056
35.0210920236,7.45419476462
34.8104456255,5.35593913179
34.5086432696,6.65474505232
34.8430902212,7.3723651516
34.582276598,5.03030313977
34.942550979,5.96322366553
34.1297642005,6.46482009967
34.4236118365,6.96284769315
34.897985965,7.8185382607
34.3487909204,9.41055724892
34.3980159344,6.31110367582
35.1055518236,6.94373989052
34.5305235778,8.48448134248
34.2228546671,8.88205110469
34.2769058065,8.91047853276
35.4942036434,6.34722733286
35.3126323556,6.29548674432
34.2716746974,5.74688072199
34.3711701122,5.51417805541
35.425064824,9.64763285034
35.2879770932,6.06175133073
34.2186553869,7.88419817372
34.2036834884,5.30468986573
34.1608768712,7.5811296468
35.0471821864,8.36740494356
35.2946262424,9.00720974729
34.6314311882,9.36934295801
34.5303597635,9.36057693201
34.9674972263,6.04801240506
34.2400403504,6.42346245064
34.3511338432,9.04560499174
34.5496203394,7.67063117834
35.5093729253,6.26784573201
34.3953082203,6.00045449581
34.3429738135,9.13301432595
34.9026491628,5.3481769146
34.5387620678,7.25264924309
34.4033978458,9.63716538724
34.7521868733,6.32465922254
35.2116887087,6.87423104646
34.8258388593,5.82809881486
35.1440474946,8.52487411184
35.4131402846,9.82455519092
34.9079189051,5.63586563401
34.8991992019,9.45467277727
34.6035684032,9.14866979963
34.7123986225,8.68365468493
35.2492387309,9.11172756471
34.8036601267,8.84481666012
34.7468001331,6.03327239285
35.2655342142,7.99023914333
34.9468784305,9.87821514483
35.3213786932,8.82029813586
34.4157699086,5.04623999899
35.4310662,7.61427723557
35.2425241425,5.51410425677
35.0447553349,6.84119973703
34.8735149547,6.45230130946
34.4861919377,5.8233933875
34.805498135,6.08941530801
34.6379492977,8.80416963174
35.0154707699,7.63958303857
34.7320591936,5.33134681877
34.2027691768,6.32497488951
35.2772241336,7.42730993473
35.0313909807,9.9390620968
35.1023259454,8.01562479736
34.6073714509,6.39392798704
34.8917399158,9.05251221817
34.6665487136,5.05757964462
35.384819137,7.10389683725
34.6532353109,6.01203697325
34.6769008381,6.22502313699
34.8359235183,7.66174783706
34.1820353765,7.49316045148
35.0678469204,5.06477921886
35.3673587747,7.46184841965
35.1002561036,8.19165999461
34.1913323737,8.79317492343
34.2724235109,9.34900683757
34.5508692851,7.53063323264
35.4019979863,8.33938761256
34.2436433282,7.20367007834
34.9309173572,7.71128408917
34.7833043462,8.60228835262
35.1957311144,7.59986561234
34.7528936913,9.74302880167
34.889594892,8.29871667797
35.3683821771,5.15930581205
35.4096890227,9.58251342636
34.9215370233,7.44134130548
34.9084070632,8.19802456881
34.3475467114,6.38003852019
34.1922708572,8.22502300664
34.3611451118,5.30266203291
34.2273534259,6.01666965733
35.1367090432,9.46458615693
35.1551479838,6.69036720989
34.267107577,7.54780171276
34.4405887862,6.42173292793
34.796659827,6.20085698976
34.9775142014,7.79214105009
34.6113226714,7.1311160588
34.5689476487,9.28772967522
34.7587465987,7.6301266186
34.8668879698,7.50973852715
34.3815632632,7.53718955959
34.894909892,6.2342708017
34.9370458995,6.28736297157
34.9889579125,8.97780880794
34.6443751197,8.06107682402
34.7763529674,9.65664603842
34.25343872,9.43883034999
34.4546395737,9.89798590898
34.5676645825,5.28769646872
34.9845018869,8.75005525926
34.3377282539,8.19751156872
34.9944732686,6.21266730444
34.9273357726,7.13423562353
34.3879433767,5.81902649281
35.4014315157,9.00827694136
35.005912213,6.60847344968
34.50608269,6.78296889936
35.2568890924,9.59099842838
34.3792136522,7.05006757306
35.0497470313,9.52524117132
35.1266620563,5.17450559589
35.20727321,7.32196704948
34.8526934773,9.86996199889
35.4580253654,7.06285040195
34.5487352919,9.97969923711
35.2092366529,5.8865702387
34.170871898,7.97492535739
34.4337773912,8.29962637809
34.2869055864,9.88308587456
34.3897750069,7.79596021267
34.773028108,7.2881604666
35.0934336109,7.55846939598
35.3006451787,9.25163254138
35.0521411148,9.12980938168
34.7668908045,5.2387482427
34.8190169815,5.15732948171
34.7868420947,9.2251939348
34.138233389,6.55695234441
35.2772125815,7.5796223966
35.2993672857,9.32692486829
35.2419521458,5.31856113011
34.1427416482,8.68965769022
35.0397591418,7.73719705622
34.9643329641,6.48837780416
34.2581801286,7.35662053687
34.4384898945,7.71091261144
34.7050019127,5.61053463332
34.4109740087,8.08440808022
35.1963346726,8.06096914418
34.1677913209,5.78446090291
35.0531124438,8.68609917979
34.317237151,7.73589306718
34.290861726,8.50283030623
34.8952385699,9.22649954634
34.9209204439,6.70279801413
34.3212422394,8.29578383156
34.5780779872,5.162424082
34.5602058425,9.8608456302
34.3969524499,5.12657365704
34.9960039839,7.37817062188
35.2324807604,9.02991533991
34.6636797095,8.5865188345
35.1501372936,7.77049083402
34.3026602169,9.21884864371
35.0502575365,6.39330190446
34.5110171505,5.25918486478
34.7204443231,6.67753172787
35.0301084784,8.26579921924
34.8578600038,6.30489813315
34.7589481465,5.03370480371
35.3619661705,6.11636649658
34.211594712,6.89215887832
34.2107683156,6.52263786208
34.4792270289,5.71933278083
35.2880605538,5.77649460681
34.5176766464,9.50927692037
35.1080729128,7.66733201733
34.834489778,7.74914021094
34.9913363675,5.61756991214
34.7746549317,7.3939045028
34.7450364425,5.67070335103
34.2948610539,6.17179986751
34.3503083823,9.93418310016
34.2740308257,8.43757046248
34.6521128696,9.90797573241
34.2750564067,9.06831919681
35.3804873941,8.61253873883
34.7485051593,7.01246139196
35.2941928415,9.44512344409
34.4345976595,9.05149914883
34.3436969235,8.42888257526
34.7856842695,9.10063040515
34.9489439324,5.25790648513
34.944150877,8.42434045089
34.6024804263,7.5914762191
34.6670690478,8.28382168871
34.3454863145,7.15872565421
34.484697823,9.69313671831
35.0920273252,6.28466598248
34.1795152784,9.33134444892
35.3377201347,8.71549431226
34.1046860723,5.49346098945
35.0178668674,5.29193409355
35.2697070093,5.20852800089
34.9608842738,8.53117644295
35.1101278221,5.8224810593
35.0766956501,6.7559289832
34.5489135647,7.09367496713
34.8021286325,7.83106925987
34.9197123655,9.77623245315
35.0831806077,7.38002109947
35.3832236792,6.98336534218
34.7756309516,5.61908223542
34.1819725223,5.70446522703
34.789497818,9.4885361721
34.9413439241,9.14012601552
34.452920585,6.31018761589
35.2392866925,8.4696212566
35.2042598718,8.11961978947
35.0351029246,9.60059396935
34.2327702441,9.82025291367
35.0709364165,6.49102923211
35.4340523843,7.14702171971
35.1623395556,6.05603010933
35.0735100426,9.0311821575
35.4958720408,5.74143140845
34.6171848334,7.45942805221
35.4622446065,5.12968373762
34.6947938914,9.47872077349
34.4798598237,9.2887812224
35.0736441006,9.22793192897
34.2665698716,5.45642380903
34.5328716869,7.87351283925
34.9840122196,8.64314099091
34.6757553608,9.60206926904
35.3711199888,7.79387784665
34.8417280502,7.09434028686
35.0396976356,8.48282564522
34.469649113,8.68450721417
35.397018304,7.68363935946
35.3546388895,6.3821971619
34.2443476275,8.14354063579
34.6172622533,8.50518984589
35.2982766019,8.33132272301
34.6604646849,8.9999592749
35.3464699499,9.16599746412
35.217566634,8.36881082283
35.1192879634,9.72389261961
34.603534348,8.69389136863
34.8984992516,8.78475901347
35.1545759024,9.06814490339
34.3316594419,6.26654614156
34.4822852563,7.80775370213
35.1195570138,6.84984597579
35.1480267914,6.501408552
35.4353391227,8.53992361986
34.4174987942,5.64400740959
34.1968181608,8.06810395756
34.4736639794,9.58819412266
35.1674197883,7.42399537287
34.9015636629,7.92731368972
35.0008264091,6.75371181715
35.1650205096,9.17899820031
34.4738552083,7.10678544306
34.7089451794,7.98684436926
34.3450600638,7.27848500433
34.8091185595,5.29908197715
34.8106795406,9.41842197797
34.6628745909,9.81488602054
35.5873844529,5.87750399573
34.5743858743,9.22244092156
34.8194948695,5.89205525273
34.2260721295,6.2483289361
34.9413040396,5.46066670774
34.3477298059,9.83505202862
34.9504924587,5.6997588899
34.5448257014,8.26952017985
34.6147234746,9.53212424839
34.4459920351,5.92458358729
35.2556665096,9.97277523393
34.723126186,5.44620102282
35.1033830044,8.44342275344
35.3963855976,9.29664769868
34.9606545681,9.57720078385
34.2982067312,5.54862095173
35.3029092346,5.68345821767
34.661698744,9.2443580781
34.9069807294,5.87592942118
35.0950141469,7.91787965554
35.1581594345,8.86651302326
34.8476330123,6.50927908727
34.2182724478,5.51792308217
34.8704690632,7.28742760175
35.0511759678,9.31635105786
35.4681312373,7.67223923597
35.1304071678,8.39068505942
34.5397929727,8.04466560895
35.0656503814,6.67963531588
34.4820451557,8.11891859151
34.9992493557,6.31276284462
34.7361260639,8.35373411818
34.2000091632,9.67748070444
34.4730913161,6.04146983499
35.2685191659,8.0978469947
35.2762509219,7.79929251553
34.3926460753,5.58152221726
34.4035813704,8.14490953874
34.817856299,8.06848093888
35.4464360945,7.44893651068
34.811256063,7.45894876692
34.7358496312,9.308852206
34.3155521524,5.03523779954
34.8270302961,5.42670248207
35.2311871357,7.72239153776
34.2226833624,8.30818032781
35.3637026042,8.06685179575
35.3458960859,5.81630143006
35.233925065,8.9388203856
34.7732010787,5.85998529238
34.4803220865,8.20849147235
35.4178401135,6.22813112416
34.8732108068,8.9428044162
34.5381443101,5.87829462331
35.0109013614,8.16836086509
35.1023101189,6.61293432121
34.4401831544,6.8802704609
35.1297652753,8.9673852612
34.5461724134,8.9925327504
34.9565446931,5.0476131219
34.7185590279,6.79169678126
34.3056560805,7.84862771604
34.3537881211,5.08255184438
35.1745826891,6.4236773627
35.0088004993,5.3768365882
34.9246346824,7.34016358116
35.130648413,8.28470007099
34.3540855033,7.62595564907
34.2997835263,8.98274757101
35.1455837125,6.16742986081
35.1873880593,7.51040532695
34.2895908104,9.74318586309
34.3713946367,6.47448447712
34.7423089078,8.2021021078
34.5453004305,9.42472371486
35.2359503004,6.75869663925
34.535857947,5.11630394325
35.3233423072,7.6610901125
34.722119667,5.15262961577
34.1403303774,7.20239821294
35.478785224,6.88977101542
35.4434923857,8.98019214708
35.3219977205,7.51526957796
34.8387762996,7.19198946511
35.259372618,8.76365149084
34.2747387385,6.56600316801
35.1448666374,9.32370843533
34.8141029664,8.71744094785
34.8500660777,9.55936322576
35.0997783622,7.28073114803
34.4468560326,6.54559873553
35.412392619,7.34187242781
34.2964982583,8.37378131743
34.8988057889,8.62220161978
34.6957303021,8.89740967084
34.4584132395,7.33510916717
34.763132046,5.5445508613
34.2169159067,5.61766313761
34.706680497,6.11624771247
34.5413438405,8.17496905563
35.2397812764,8.69623534664
34.2342436108,8.38899852929
35.3413903956,9.63610017869
35.1381699161,5.9342966066
35.1918057355,9.86751804759
34.8898737614,6.58665403614
34.1980060149,7.82815163481
34.2125058109,9.90805452499
34.4206825734,9.81888751432
34.1993536507,7.71103099593
34.7923453356,6.73637672859
35.0079472424,7.20483629339
34.7724640772,9.94950831225
35.3563502127,7.58735780851
34.5451182116,5.47535100217
34.888678957,6.0937775266
34.8140391469,9.01009666293
34.5502871143,5.79192943693
34.5774398005,7.31884866627
34.9379729936,8.01082885636
34.3798825985,6.65504224648
34.6124703279,6.61651145093
34.1592527643,7.29857717089
35.1864187692,7.67933126363
36.1454986242,5.36005107164
36.5776344127,7.4202498341
36.2390412793,6.20028106287
36.2800818515,9.03673169191
35.6456387701,9.91478626053
36.3993042262,8.89810145909
36.2361790948,8.36547187353
36.1595211385,8.81484705465
36.6269507182,7.72964388569
36.7063942434,7.07743570098
35.9252192805,6.74793085271
36.3337677712,7.08857747065
36.3693382207,7.96894505836
35.9484567145,6.48514507392
36.7796251232,9.12088504733
36.580778787,6.16722218681
35.7839525744,8.10396235365
36.0324664863,5.73635411146
36.5555917173,5.25246714214
36.4719180058,8.89962740545
35.671236955,6.29998472757
36.5312595771,9.52218111881
35.7431788022,9.18264919702
36.1160313819,7.87833273478
35.4759955471,8.62979364367
36.6384209347,8.65275386989
35.8981766,6.4194322516
36.38868224,6.87685776677
36.3462749813,6.07889536998
35.8112568413,9.67478811654
35.4271506138,7.99858660989
35.8416860757,7.05019964143
35.740041402,7.28013753555
36.086353987,8.61674704528
36.8135592163,8.61735410284
35.7706906823,6.5978206522
36.5687803586,6.82966580538
36.0358285571,7.7440383861
36.7112044915,5.55467973084
35.9732073682,8.99936220265
35.5174742361,5.21830908298
36.6181132763,8.81615185999
36.7715313898,9.85853816231
36.2245710385,8.71893853126
35.7866692933,8.27544279769
35.7563306329,9.49767727224
36.2094053024,9.58690675519
35.7765680414,8.37967151557
35.9075145911,5.74473014749
36.1629179961,6.17145363713
36.1811314756,7.42369745796
36.2266975891,6.38512805368
36.0836769677,7.24359278452
36.5658080872,9.23911548185
35.6738689138,9.6240376737
36.5215312843,5.58842173744
35.540854532,7.69361782531
35.784827368,6.0680100186
36.6247749936,5.37429429684
36.0146242938,9.59327670687
36.0267644554,7.07835516133
35.4129269581,8.83549502766
35.8877245609,5.05465900495
36.3073215308,7.90946633319
36.5267341216,7.3576266457
36.2742190273,7.40734785378
36.237267782,9.49232595548
35.7414024731,9.9075393427
36.0182011039,7.29574593701
35.8386622561,9.53989808386
36.7888412539,7.89334400246
36.5687797434,6.50263944527
35.9635533964,6.5757212324
36.2485788431,5.67371133602
36.3339841932,8.70963052282
36.2493032552,9.69640156614
36.3461104886,9.68969331251
35.5250153721,8.1071375302
35.8056801085,6.16037867731
35.6686207932,5.76549544084
36.0219299677,8.69585221091
36.1375048575,9.45445159836
36.5363428549,5.50532375003
36.2780906728,5.13589137621
35.9753687208,6.66889795941
35.6798801584,6.61972788244
36.2406385516,5.84833751612
36.4523934578,8.61525080061
36.2244481117,5.22208619999
36.5889317852,6.28018910582
36.0765392496,9.84596809103
36.5368078433,8.95554603385
36.3033818404,9.5946726606
35.9712683467,5.83159898858
35.5228582057,8.54547389372
36.6402794429,8.94245994542
36.0012067523,6.29531988711
36.4100054096,7.5439697416
35.6213064197,7.56010581466
36.0057559799,7.66503451465
35.5293521242,5.05795898648
36.2041932489,7.80575909625
36.170494699,9.04689927895
35.8760767606,8.11908426745
35.4467520642,8.27475251353
36.7045334327,7.6284929195
36.0900351017,8.06300237364
36.6375053711,7.41052723779
35.5404890939,9.47028815364
36.0409249301,7.84287779521
36.4880856277,8.28216280576
36.5900800455,8.88572718027
35.4849605662,5.47028746094
36.7928261758,9.18394470436
36.3076958213,7.65470574957
36.7475156085,9.56664743623
35.6792141267,6.07540630761
35.8045881136,5.03157838471
36.2832260184,8.81578432489
36.2480778202,9.78680956842
36.0563000844,5.98144535195
35.4089085292,6.77795147431
36.377009124,8.98922167538
36.1232654164,5.55106048789
35.6821209796,8.27829914674
35.5017436903,9.67363383102
35.6607140818,9.14208825225
36.3431320789,5.85935781599
36.6698357853,8.49668610333
36.1416620073,9.36678962073
36.7061150965,6.40956924695
36.5696244948,9.34252938005
36.531877229,7.25841424843
36.0259103174,5.32813690257
36.1386416447,7.28398149672
35.6928899939,7.82985392757
36.36655585,8.61892275185
35.5499066142,5.15062152122
35.5899487902,7.41106372469
36.4555633242,8.83873863957
35.5791889766,9.19596718409
35.5454011348,7.24749748128
36.5923233809,6.39442738889
36.7377083208,6.14040275666
36.049822269,7.92728864999
35.7754837838,7.38190238687
35.7177810203,7.00961955796
36.6206356509,8.30858952653
35.9591542875,9.65526653947
35.5535428631,6.64543387175
35.56069331,8.32282378777
35.7755036411,7.76717946434
36.1395421656,5.98281207491
36.1028897934,7.37411536508
35.9947654173,8.19537807129
35.7833224721,9.33974085882
36.1781617693,9.82373823993
36.0389627379,8.00477940532
35.9235807967,7.31342438412
35.6079572556,8.52510337067
35.6558946741,7.911102874
36.7596334875,5.86017023161
36.5182033246,6.70056599966
36.6935067992,7.14535303217
36.7605077266,5.77472837276
36.12532436,8.70781152758
35.9700464948,8.07701200551
36.1724596349,5.91889667678
36.0063390253,8.49742970543
36.6087092152,7.1075835864
35.671157617,9.2267319258
36.2125684308,6.5730329186
36.685045644,7.7316093923
36.1237946657,7.73973222114
35.6816052057,5.25560310334
36.1765644168,6.82599652589
36.4733652257,8.73539274959
36.3013609057,5.4830208083
36.2747874259,6.29440630698
36.448576271,6.97125167313
35.4975510426,9.58390333599
36.0101599031,8.90617347946
35.7307373314,9.70691126022
36.4158402746,7.34820019175
36.2597176402,8.48081460647
36.3919268029,7.71233036988
35.8673257621,7.97865441188
36.6784709078,9.38697997803
36.3840639999,6.7323938027
36.78330271,8.06415277901
36.3127063479,5.22689006738
36.4207353249,9.83268089144
36.6656300315,9.65560846812
35.6627740208,9.05668580816
35.7261940951,5.6824662742
36.6391020115,9.54357278616
35.5893981965,9.53624053893
35.556540305,5.39023410553
35.5214466771,6.80383134723
35.9337763993,8.36976838483
35.6169833076,6.81401357165
35.5221315517,8.23042763951
35.6718408311,5.59239616378
35.4803943043,9.90685539246
36.3092007747,6.22830920758
35.4651161799,7.76691122602
35.5239846764,8.82271487908
36.5998643111,6.56733156724
36.2584047842,8.24202046609
35.9193280124,7.61008073398
35.6638820766,6.14012001744
36.0681398737,5.14146046126
35.9152810484,7.8986565886
35.6973354149,6.79859216198
36.3710934652,6.29894856034
35.6953519286,6.37271531487
36.4100485827,8.75004124215
35.991824767,5.91397232471
36.6065951612,5.19369129149
35.9751039071,9.98326006933
36.195117656,7.68748823684
35.733914458,8.95347393793
35.4392590569,6.57840574494
35.8912458246,7.11557694182
35.9799609722,6.94631660739
36.4589489749,9.18254193495
35.5046174725,9.83981187983
36.6728715471,8.21843432728
36.1871018183,6.27064249564
36.5377158814,5.33732219464
36.4645158635,6.25486338716
36.0058177387,9.32409887973
36.0524073459,7.16062373553
35.9439732814,9.91882577051
36.2843177079,9.97682554109
36.0611091401,5.45000533219
36.3826888788,7.23472896659
36.3218969392,7.74916503013
36.743903698,5.9270711669
36.0455733322,6.07180570648
35.7498487254,9.01376315669
36.0261455697,9.73695457389
35.4508123899,9.19974939671
36.3830782064,7.87965246237
35.7270900163,6.90099115497
35.7249394746,5.18074272363
35.6331376951,6.88300809648
35.982706674,7.04525692428
36.3690266181,8.07027025602
36.3679931437,6.79732028948
36.3866182879,9.63015047994
36.7393954522,8.73957463483
35.867055446,7.42688383674
35.5912749042,8.62294697525
35.9581102692,5.50959776753
35.5859879412,6.56417648721
35.4717142736,8.3517059785
36.8516654252,6.10681807837
36.6614608084,5.97917460146
35.9837893312,8.4251523641
35.5880599772,5.21538792811
35.694917457,6.50406093209
36.3882759455,9.57204157904
36.7003355621,6.67704675499
36.8322688815,8.42833724409
35.6619542539,9.8058214476
36.3716690899,8.18777304291
35.843997984,7.89343455414
36.4494521844,5.25018907808
36.0741091282,6.98182022385
36.0584337338,6.67890297095
35.745159958,7.93310090251
35.7698124739,9.60370068491
36.6516130937,7.68433968206
36.5667980994,7.76502284975
36.457990502,9.47813037969
36.3816664793,5.15165058746
36.2069458581,8.53565676116
36.7278948619,6.24222573307
36.2562256713,5.04156940063
35.9676827228,7.48072026351
35.8475704547,9.42944058509
36.7079220594,9.91696655394
35.769880483,5.58143901642
35.9068356734,8.91523209322
36.0288174386,7.58459817493
36.7592179033,7.55325251885
35.6567655959,5.92462057548
36.0024368435,6.84004249542
36.5769267758,5.57890910219
35.7927807193,6.42710684247
36.228398512,9.38572851667
36.5565183313,8.01998057911
36.6201324333,7.19831464486
35.8692829866,8.41447592242
36.3372552165,6.98865812208
36.5787957793,7.83838720424
36.2548590846,6.80723012627
36.3078242571,8.54691301767
36.7336349358,6.85203181768
36.3598813213,9.48786211769
35.9324469803,6.34223031527
36.1555860232,7.19673053113
35.7408529439,8.79998854759
36.6371299798,7.0185560282
36.0651183481,5.63186876519
35.6676369889,8.94867616654
35.7870330435,8.0152346247
36.1493522758,5.64386022638
36.1808383284,9.23246321812
35.8029909566,7.67398839061
35.7612695464,7.50914589014
36.6209202618,7.96064565675
35.6471585389,8.81686465337
36.2444028919,7.58475257655
35.4657138344,5.37037400932
36.535573935,7.03714891925
36.5602961658,7.91554483644
36.0081296818,9.1462900134
35.8677678866,8.24177827656
35.6252607114,6.96997965269
36.0283588311,5.22744487104
36.0490192853,9.50450471566
35.5600553884,6.89659218724
36.7501772078,8.44604407561
36.6705225201,6.51308100949
35.8370223637,9.00609293514
36.5072765952,5.05388016345
36.6799192261,8.58378791033
36.0583484089,8.14872308362
36.6522200009,8.04131326698
36.6741563223,5.85903309016
36.4481553373,9.10314403681
35.7823119456,6.30900937072
36.2786376,6.49346332058
36.7706922719,6.75794431039
35.6287375332,9.70177901715
36.5021091831,5.82402105947
36.4967321544,9.32520564274
35.8468960663,5.37911523782
36.5707613565,6.03383118733
36.7232170571,8.66291964831
35.5599292511,7.94174066084
35.9235868934,8.4820313496
36.2638603329,8.00187166086
36.7555134235,8.54038710718
35.6240610523,5.03869884597
35.7904382558,5.44776188771
36.798116834,5.68595770565
36.4621120453,6.79135617291
36.6979618364,9.17528026372
36.3536079449,5.30297707072
36.1830249226,8.06789015827
36.0304435858,8.56302627356
36.4411551932,9.27111871812
35.7402283397,9.09835350083
36.1335096415,6.06908191543
35.80444221,6.23032487628
35.4606260212,8.06540774627
36.3178127701,7.55002667798
36.4790483021,9.92449255202
35.8586255397,5.25366713185
35.825170149,9.0928561067
36.5746549779,9.67887276283
36.0403523256,6.50225270928
36.7552785296,6.47577124202
36.1438473242,8.28393547758
36.6074611305,9.74511756554
35.7772572085,7.06127420923
35.8128357063,8.74046921883
35.9235529247,8.18312826261
36.0879984454,8.52850876655
35.5248274535,7.86436275402
36.1877746821,9.91439948541
36.195290155,9.99302346967
35.86930262,8.61393330169
35.955431962,5.15658239302
36.6297063402,7.50039652609
35.9000551949,9.98022930264
35.6702335904,5.47998221741
35.809538899,5.30242458338
36.3364152342,9.78449328804
36.7727404335,8.20378294692
36.3857391994,9.15044098539
35.7486755194,6.70572744866
36.5433774911,8.47064151453
35.6494041186,9.54809132486
35.870833989,9.62224673444
36.2736518003,9.86831755075
36.7095778651,8.29457770137
36.8446488184,8.51085027655
36.7200248138,7.49570854487
35.7304323632,8.46330502594
35.8824352984,9.73596705643
36.0625708948,9.40403273699
35.7829458538,9.80896941011
36.0822026774,9.58615080379
36.3704052555,5.67735504794
36.6463288963,7.79306790023
36.0857435059,6.81390110789
36.1967805747,7.12129814659
36.3357455235,8.43709424254
36.5330161833,8.55593777187
36.7229977729,7.78999537814
35.8451469653,7.56153127668
35.6425611006,5.38915181198
36.2333072999,7.49589798496
35.5846067407,9.09463373082
36.4168383165,7.62961015738
36.1524432739,8.91175182564
36.44209161,6.07685079463
35.916268472,5.31239294154
36.1264964227,6.61961782516
36.5382756909,9.10029690762
35.4455065458,9.50406813196
36.2066991313,7.3423107786
35.6415693235,7.33122861271
35.9680486822,7.96527078459
35.6103997659,9.27796721135
36.1092244461,6.90791246974
35.7608874619,5.50202884455
36.7317595571,8.04668214186
35.6216377504,5.32861465025
36.5121605872,6.58655874544
35.8361908686,7.28852219297
36.3526285233,5.57623565604
36.4762756342,9.6254710214
36.7139369551,7.95817051172
36.5191768992,9.70683391508
36.2982943401,6.15128306917
36.7950496947,7.81829609671
35.8536977593,9.27077955983
36.7130559026,8.3647014853
35.9565304288,5.62986814561
35.5210336206,9.28609447783
36.5014636877,6.88527763612
36.0118269161,7.38366706971
36.5338175,6.21739287116
36.4104391446,6.58754937154
35.9953025625,6.40266782642
36.454060912,5.70708262321
36.3935886085,7.04298194178
35.5131519985,6.61404848948
35.5078898196,6.97176514944
36.1269504884,9.75432310335
36.1133482112,7.66048046688
36.4923047125,6.37314062314
36.516816584,6.30555455834
36.1425803367,9.65331158955
35.8208887319,7.11031611712
36.4337428859,9.39873934569
35.5948215277,8.75858199459
36.6152458229,8.54131111702
36.5019378771,5.42253650604
36.5454624429,8.67003904463
36.090089694,9.97121068864
35.9215452835,7.70002586095
36.1264593491,6.5371350072
35.7313968494,6.12591907746
35.5708949919,5.47953919392
35.9975021682,5.05442941347
35.9496066537,9.22153502251
35.9685911207,7.10892886966
36.4350686368,6.67210819711
36.0438931494,7.43452077929
35.9376149971,7.20790729706
36.0685955602,6.14516307619
35.9365219481,9.53810301103
36.7296959547,8.11766893711
35.8660261411,8.32606373586
36.1612269072,8.43655470641
35.9430687471,5.40531040012
36.2257512089,6.10957114189
36.1901795624,6.6523684266
36.7291504763,5.25263625001
35.7847827014,6.80825455461
36.5532321994,6.94876038836
35.6624493549,7.20506129477
35.548504344,8.44380439734
36.4017959408,6.41783670201
35.89118931,6.25573053246
35.5449309758,7.48692093101
35.5725111437,9.86292470007
36.5178802963,7.14293627439
36.2472303988,5.40652897436
35.8123633654,5.51809096046
36.2372505638,7.91062663302
36.6730668794,6.31382966787
35.6810780202,7.61431674181
36.3547337281,9.23292700807
36.5743128781,9.6093352542
36.2075346705,9.14218263432
36.383917862,8.81413316064
35.4612441149,7.28638021266
36.3618850008,7.45654310646
35.8528183255,8.05904060609
36.3272209119,9.37393427431
36.7763593374,9.27806769152
36.6537136769,9.95406433734
36.3164988858,5.76641461187
36.484194753,6.16784083543
35.6571351437,7.08839633706
36.6318235086,5.27774703241
36.5129797392,7.57683782791
36.3603579744,6.64606041418
36.3957966703,9.3189915403
35.7450598915,5.77883026472
36.5629828901,5.90794820855
36.4638940524,7.21509325284
35.7561204098,7.59793396712
35.7074081425,6.22041908231
35.9843904822,7.88883705345
36.1338854613,9.19822061387
36.4226607783,5.49011264707
36.7929231385,8.35543340027
36.4154287957,5.78277326064
36.3982626623,6.18146954721
35.5161286272,9.15178019806
36.0341249836,7.02178932876
35.4862928032,6.69234550488
35.5129834994,7.36518308685
36.6578062758,6.60030768995
36.7738019052,6.01766036896
36.4553913536,8.40492432549
35.8252550322,7.191075057
36.3182543573,6.56670101674
36.1971613206,8.97218337297
35.6484558325,5.13692779463
35.5613920994,7.05175668214
36.5354984763,9.41643217164
35.7792771128,5.1191720096
36.7806300614,6.3294506466
36.4327529891,5.03059975293
36.3136385883,9.13730382071
35.5330763276,8.91200151789
35.8391677665,6.89228331541
35.5374869961,8.0215395969
35.9751022249,6.04513922868
36.380720552,9.07912261499
36.7189300683,6.59257240609
35.6022740185,8.23660966475
36.0679809882,9.19040391478
36.8193647304,5.38618040584
35.6204010026,6.43266532468
36.4437495521,5.59654085696
35.5980117467,7.14365604297
35.8671057159,6.81136816581
36.7839706281,7.61853249236
35.4570050095,7.53884651102
36.488556115,5.98837034896
36.1913483994,5.14715737634
36.1200723436,7.05840588717
35.5945843925,6.33719023973
36.3058493395,7.8271650926
36.1633899831,8.16774998169
36.1477015678,7.57733736837
35.9359275685,7.39789932021
35.4672363571,9.39436962799
36.2546305437,5.31994574683
36.6615926174,5.75973683305
35.8946699477,7.4790904852
35.92139207,6.86395631386
36.1708683947,6.97438247619
36.1321832061,6.72340620217
35.7464577457,7.13548542067
36.2516108267,9.23795906748
35.6050059202,8.90118596841
36.6100176264,9.02810040592
35.443053985,8.74432877018
35.965149055,9.42715590325
36.1814297733,7.89130103111
36.4342189883,9.73402760977
36.5598225374,5.14144617474
35.62226619,6.04708251321
36.1553799649,5.75108195711
35.5485147887,9.76612745072
36.5862556911,7.67778727861
36.7851818962,8.69643485075
36.4789733654,5.14302728035
36.1026773502,6.35127631182
36.0335253566,5.55962253066
36.445562976,5.89154008431
36.7059569503,9.46986515578
35.6935296661,8.12322457347
36.597503813,9.17214868517
35.7367629822,8.19436745877
36.2730488079,5.57797417708
36.7249759643,5.36545690464
35.9167481005,9.1026559142
36.0454390611,7.49494001308
36.4556605704,7.26873083873
35.7281815931,6.03291536503
35.5584923924,9.95300318525
35.6600648843,8.39112693127
36.6977745827,6.0612671545
36.582513809,5.79965203349
36.1419553057,8.49362894755
36.009185611,9.91219096434
36.5829904743,8.74972349531
35.9144024154,7.03008735775
35.7844736888,5.22282696707
35.8589041649,9.89919642406
35.9595490863,8.27825305682
35.5858605093,5.79141149901
36.5990292015,6.65334946678
36.6522056626,8.13655011498
36.413314133,8.52156873339
36.1875197391,5.46444998268
35.6090246113,7.64622252098
36.7318399702,7.86091919926
35.6153638304,6.7103617052
35.5363240215,6.42294631
35.8649037573,5.47143546048
36.7347979122,9.99013987051
36.2404312428,7.03719563872
35.415467936,7.87621136781
36.8066305587,8.11986223575
35.8072877433,5.73762328172
36.8743426014,7.7565700022
35.7988096688,8.88794053052
35.7013687541,8.88537871126
36.0881136964,8.98433773793
36.0769990703,8.43947859213
35.9103548644,9.34395263852
36.4860602142,8.16814533177
35.6729372647,9.34036702206
35.8682535542,7.36342244641
35.904805511,5.90416145437
36.4832626133,7.83509505586
36.622101406,9.44110762501
36.3099580569,6.75253681899
36.8022496846,5.59212721643
36.4881987361,8.48965708978
35.6251399292,7.97973970036
35.6137142651,8.08735852316
35.5735736932,9.3815758467
36.2738021947,6.66251867433
36.6293593934,9.10448209537
36.1554817734,5.06106454117
36.6431255334,9.84947182347
35.5809447052,9.61975611857
35.6722589419,6.00235957347
36.2700083864,8.12251138705
35.7343690235,5.36847171034
35.859628177,7.79404257659
36.6542031925,8.41508150718
36.3084094245,6.43571153072
36.5665123408,8.39500577994
36.4264892263,5.08969021035
36.6956803092,9.07293383179
35.6931707347,9.00465857892
35.907414944,6.13019832969
35.6212383641,8.99890311013
36.6169747849,5.0625605953
36.421848211,8.68898736425
36.3398626814,6.48798102506
36.2685628925,8.63460972972
35.8049355772,6.98105166732
35.6032562617,5.68032132132
36.7774292192,9.67106907034
36.0325665714,9.24611704225
36.0587326786,7.66289635848
36.6422955082,7.87752809466
36.2421196916,5.76566197206
36.1378596863,8.5656153181
35.7925695561,8.59066052592
36.7650431921,9.39258971033
36.1401596933,8.37717931518
35.5259509283,8.9955393598
36.5245510072,9.80743187713
36.0530789839,8.23888632035
36.6505923361,5.4700465007
35.9423748796,7.55560519502
36.2227115983,8.89442207122
36.6051684681,8.46876071315
36.491036988,7.69792113317
36.4495601616,8.95277927793
35.995744603,6.19533345357
35.5247636933,7.14066596581
36.0033311517,6.11721587189
36.1222429374,5.24398018556
35.738435811,9.41136814325
35.6751445201,8.71192872051
36.6930060235,8.86756496738
36.839361835,5.80890625488
36.3204045815,6.37145053029
36.6899481396,5.15615193584
35.8715407318,5.56101403222
36.3844019078,7.7960115869
35.8780652512,8.81272429652
35.9584139716,9.83430608111
35.6728376335,7.45909996795
36.8017512655,7.32185257221
36.0042212013,8.61418734007
35.9073781624,5.22199238214
36.2142882331,8.45167440702
36.6504216771,9.29254114625
35.530546088,7.59926653751
36.7205523091,9.75809074454
35.7871127547,6.52112396562
36.6914267122,9.00245988765
36.6004020031,5.70533298492
35.9545027871,8.56340825573
35.9605913019,5.24556436938
36.5846914589,6.73507973826
35.8401624297,6.74375689743
36.536123179,8.87105311726
36.5728665119,8.12223559318
36.5018903624,6.45143631705
35.9096730657,8.71126855668
36.4095734016,7.14006961636
36.7883177924,6.54979368348
36.052148411,9.65016003951
36.1784859564,8.62904139707
36.3655177283,9.90596487497
36.6323007513,7.31793472378
35.8180726926,5.83688020523
35.8171946752,7.46839719093
36.3816997624,6.52357394395
36.8240100788,6.22080188715
36.4677541441,8.07153730155
35.5926807189,5.98064797261
36.6610626399,6.77888652704
35.6092565304,7.86603280086
35.7025196697,9.55737926373
35.7081959305,5.04573110012
35.9582948065,8.84365264648
36.6013123052,5.63229930802
36.0893974398,8.88403823041
36.2018383879,5.99981079424
36.0241638741,6.74645694314
36.6990590731,5.66074608852
36.1386387706,6.45396625701
36.7695286842,7.71196770726
36.2266923829,5.53422027574
36.3512455145,5.05432092815
36.2045544636,7.26087345209
36.4554115645,6.31930295783
35.8596313843,5.17539039277
36.1996149712,9.30332537894
36.21277895,6.48384399635
36.3845800273,5.98664342902
36.7855244445,6.41945386883
35.7697195645,8.65939022496
36.506439122,5.75328072341
35.5848026357,6.11717765941
36.040522073,8.80729089838
36.5004261318,9.25429894101
35.7896302192,7.84559686112
36.6442975219,6.20849165126
36.5308211559,6.11526131465
35.5323346889,8.71237702932
35.704104965,5.84962473039
35.8707672778,6.64770982633
36.6162009191,7.60280943683
36.6038372493,8.60009786059
36.5195113719,5.66495216218
35.885633782,6.95868472798
35.84303173,5.65292400705
36.4407768286,9.53831722021
36.3142825138,6.83630327014
35.4041502885,5.34652803273
36.7726259942,8.28413849682
36.0113676001,9.07662992385
35.6485604429,9.4604528569
36.7240241001,5.04580164061
36.4797696353,7.45507622147
35.7516122874,7.20876491034
36.7008475843,8.79245392122
36.3054083923,7.30995276861
35.7042735221,8.56565115016
36.0446583806,6.61629686926
35.5531284931,5.28924196233
36.1437033064,9.54312672809
35.5716007453,8.16717757988
36.3068674476,8.92490653614
35.7607944246,5.94785936532
36.4601568735,9.02950451898
36.5306622397,5.19984054112
36.4464024494,6.51218369146
36.1431136059,7.97405957851
36.0874517914,6.23614349957
35.8221967136,9.17321521719
35.9544302193,5.97038957228
36.4680376876,7.95238279987
36.6323776579,6.10848129874
36.0499997366,8.33886284972
35.707628978,7.55265541638
36.7294276904,7.40377460836
36.2800771667,5.94950044403
36.5275109009,8.79826200919
35.4835989214,7.94800558181
36.6542361452,8.73127816446
35.4459060477,8.16349723288
36.575365246,8.21596538202
36.2026957611,5.58981814338
35.7017046755,8.03497422515
36.6397105813,5.57902560448
36.2604247271,7.74014807103
35.6542226902,8.18536082471
35.5918803056,7.77911251917
35.6891810141,7.71031701385
36.1209331807,7.47468187549
36.2504513794,6.91419322654
36.6440054594,6.90474350141
36.1082577017,9.27577665331
36.2708449263,7.19089484373
36.362287736,8.31547589019
35.8347419262,8.17720369338
35.9546480663,7.81365401857
35.8697962733,6.53102452558
36.0957016392,9.101921147
36.2290249701,6.74357066403
36.1076975349,7.80409923445
35.9524388364,8.63949155791
36.2899061772,9.29811339691
36.3272384456,5.383217877
35.8215049899,8.50796327841
36.0812588329,5.85734009027
35.7637668568,9.24960263509
35.8625821364,6.35056576262
35.8714070317,6.01169077097
35.5917312646,6.22369309915
35.5393736085,5.5696533822
36.4512503375,7.07109884203
36.4251867397,5.3745870087
36.5817245876,9.93226100805
36.2709267443,6.04338222752
35.9604947745,8.77472938994
38.0062056706,5.28886800696
37.4562004926,5.61399739658
37.3382264346,5.49696669666
37.0011318077,7.92685151672
37.1279413252,8.52381794566
37.0918353977,7.80305091557
37.5768406264,6.40912162542
37.7451702211,5.47176316925
37.7886704302,9.86029678581
36.8158286116,9.76711761145
36.9015418486,7.27100497255
37.1713772715,9.07759592302
37.7529937588,7.98574876961
37.0937191456,9.94716147125
37.5134864012,6.75940613096
37.6443697677,9.2182790304
37.4128548384,9.79995881857
37.1925133831,6.75674064631
36.9387241126,5.54143192203
37.1705136627,8.46165509852
37.2123156574,7.95343141597
36.9018088367,9.98804947298
38.0152689096,8.00150339514
36.9805873605,8.50365535529
36.7835215169,9.02517419445
37.7635635479,5.56021982509
37.5410243695,6.96307897489
37.6040949142,9.33463901953
37.4508876408,7.29877789002
38.2027785981,6.69628000967
38.0534605339,5.98195654396
37.6659631355,8.49722705891
37.0317754196,9.67591712634
37.1900460665,9.84121019029
37.136794249,9.79165135935
37.9424161991,9.61911486866
37.8893583611,6.07095804691
37.5155097155,9.75225690233
37.9427136613,6.60177354212
37.9234463071,9.68077674544
37.5996262522,8.15830803014
37.7856034086,6.37118557003
37.5757399438,7.38911586357
37.5238518087,5.55416406473
36.861761383,9.48185456615
36.9787001043,6.19667742945
37.936166255,7.21445196325
37.1997387608,5.85005473286
37.5406877972,5.33273936931
38.0740560072,9.56183291286
37.4421056243,6.36697356812
37.4429706953,7.66133529818
36.9103091423,6.65756520321
37.5809257487,5.67512999757
36.9871151988,8.0448911805
37.0507298313,8.56419993466
37.7555108997,9.02554435266
36.8835906355,8.07743566951
38.0800022878,8.620708221
37.3820404998,9.90113988373
37.7465725478,9.36270191587
37.9448891788,9.77801309469
37.5897888665,6.71240451577
37.2088264725,5.75139888515
37.3245095251,9.77177077644
37.4467675421,6.88402420291
37.6844228345,8.21639459757
37.705962892,7.66767475511
38.1395513994,5.92692903887
37.2301430788,8.5394597125
37.162070864,6.19744262797
38.0031086974,6.57947951709
37.3269487387,7.91436241007
38.0289327892,5.14912050417
37.5110254424,7.63989419796
37.6752534808,9.60718111844
37.0998349199,6.31824496623
37.0067982982,9.08929621183
36.9961424903,6.78618922861
37.4385165638,9.72071029457
36.9729286494,7.11945524927
37.8139547366,8.43867809137
38.0507382148,8.50131424521
37.3630550804,6.63601008634
37.0143932296,5.68855449338
37.3088165304,7.22226170363
37.8066120601,7.35201602799
37.7669767695,5.10019412937
37.6869984044,9.3668336692
38.0951552517,9.68299219334
37.5118002416,7.72933809632
37.8275537776,5.44187639516
37.6278077289,5.9358918291
37.5988919103,7.28294674184
37.1330946687,6.41066614556
37.2048253179,5.26714877826
37.1505294799,5.55516678358
37.2920925441,6.34275317727
37.1233681426,6.83860914831
37.1126965933,8.97074673414
37.1145504517,7.89101810917
37.3342176792,8.54259826891
37.7469288173,6.8182675032
36.8283350244,9.35148334869
37.3948560362,9.31373650207
37.7499772372,5.63825684694
37.5358340353,8.03327464504
37.5403826633,9.23568464663
37.3452052406,7.11464362709
37.6846882811,6.97563981467
37.7148552227,7.86205982656
37.8923370695,5.57818442833
37.9634561731,8.48623701824
37.6317467458,9.52894737096
37.1005639673,8.0028956652
37.8315877539,6.12809665382
37.163289658,8.73492671756
37.9831514272,9.34830662319
38.1115969049,7.86217092399
37.5461733355,5.25797628296
37.5882944811,8.6458361192
37.6196261148,7.01560958124
37.1885689716,7.82388073383
37.2541734883,5.55744932892
37.4338406627,6.9740895928
38.1410544346,5.63997387861
37.4147980646,5.80817318801
37.2312944131,9.20176605329
37.6760468247,5.54153685869
36.871291372,5.51331873298
38.065022321,7.66911134019
36.9981178573,9.50556497903
37.6084565127,9.69251304699
37.7787429468,6.62228797816
36.8541285351,9.21258626622
38.2271130879,5.93205950083
37.4752108177,6.42980573226
37.7900140271,9.44682179737
38.0285257531,8.78352256304
37.6336321991,6.81603974042
37.9635228172,7.60179024431
37.4302873971,7.1925135858
37.5276321149,5.41942618655
37.9241974182,8.99703690222
37.5667939271,6.10076039645
36.8511573644,5.43907389217
37.6942848475,7.38108758985
37.4175154711,7.93926633901
37.9479339867,7.68799385896
37.9923854123,7.49497117342
37.5653500536,9.59056091254
38.0210877875,6.44107130816
36.7846011085,7.12527632468
37.2518185696,5.39274320567
37.5084092881,7.25445728074
36.9047806301,9.30201171844
36.8511165159,9.59908783276
37.6142379202,5.74138370093
37.4704690588,6.11063420356
38.080968835,8.71259373081
37.863160989,9.81733772851
37.0420448915,5.89473503367
37.3836894572,5.30335064694
37.101221474,9.25408664818
36.7687131505,8.81974842735
37.7977920687,7.06881338864
37.8698784225,7.14979301297
36.8996339024,5.81974597231
36.9463080055,8.74934425677
37.5041593198,9.11909131668
37.7105045254,5.81464433466
37.9462639845,9.12043263179
37.2084175298,9.34470054172
37.1801801119,6.50947662332
37.0433043113,7.01707239275
37.52625593,6.48209248112
37.0721937011,5.41570652717
37.6395539855,6.14365406305
38.2160156645,6.00554535695
37.5276016914,7.47208114975
36.923394068,5.17842870454
37.3765422516,8.7697965502
37.5049313221,8.62387346226
37.1634310743,7.62999156398
37.4265516708,7.43989245594
37.4129623155,5.22601211153
37.8289835586,9.07230771051
37.7743093855,6.70231920158
37.0449321916,6.09121463036
37.0170825402,5.22766121302
37.2948333311,7.37573647725
36.9393286126,5.04389994539
37.019710533,5.95572812161
37.6467911231,8.75037153602
37.4614067247,7.61418040743
37.8430415432,6.46685348044
37.6522791377,6.3480133445
37.9335996218,9.98701647769
36.8240443871,6.47349734646
37.1400419136,8.62557093395
36.7332783697,7.23685684127
36.8708720177,6.78155127918
37.3904877597,8.19455492627
37.7459412134,9.56782301871
37.0767363124,5.51779985962
36.777458351,8.91282368438
37.7156414725,6.35105391841
36.8550244503,6.70753956893
36.9287547693,7.04480564179
38.0454978747,9.48812870402
37.2697043597,5.46310530432
36.9012858392,5.59757426549
37.2697718781,8.76644722352
37.4553512502,8.28469661502
37.0076119008,8.6439174754
37.1347453259,7.23677805027
36.9896119146,6.3504683828
37.5802679859,7.78133377772
37.9369937463,7.5395963473
36.8343013728,9.09616505339
37.4652873478,6.68763799875
37.3853268869,7.27739462308
37.4355380812,7.07704289513
37.9865090643,5.92300101797
37.338620968,8.46398528371
37.3723465927,7.60637274967
36.9739312565,9.39994376501
37.5674603647,6.19066815447
37.0980846812,5.59751783952
37.2864411284,8.19959029987
38.0049311185,9.27770845162
38.0097967472,7.39475943967
37.6132353272,9.96740477418
37.6609356451,5.64835069908
37.7384047937,6.9122936433
37.7017155375,5.05023623982
36.9269936543,9.93064053942
37.9487818207,8.36468775962
37.2402572817,5.16172857029
38.0078268211,7.07842499511
36.9146847333,8.44667804508
37.5575253758,7.17414756412
37.0337125967,5.05073564786
37.3332965047,8.83301989632
37.5366472713,6.85041753208
38.082510672,7.26091876967
37.635498369,7.95160811836
37.2818778932,6.04007903514
36.8977813419,9.52903040381
37.7145189229,5.39245141502
37.8271165505,6.96497528105
37.497666818,9.34084814472
37.3476161035,5.85139967425
36.8010584267,8.75595583339
37.7466240319,6.29953165026
37.2507505246,9.11137508564
38.0223884901,7.76797693877
36.8939908595,7.17275617814
38.0831377225,6.78748959023
37.8155748933,9.390589305
37.7655088592,7.17291596383
37.2382309993,7.08545937008
36.9642354224,6.10955022402
37.4201317231,8.86900286702
37.4633099974,5.28943689907
37.4715374979,6.50241045094
36.8186540956,7.99703718928
37.7590223089,8.65644053547
37.7619916871,7.72898838417
37.4332420998,9.0602693295
37.8533111719,8.83657792749
37.4035919901,8.59569270556
37.209941255,7.43266445316
37.9328713333,5.13768868715
37.4543814459,8.71780872657
37.6633882988,7.75730736194
37.1673159779,9.46177162286
37.1780938967,9.24681932193
37.6844695886,5.2237218122
37.330178049,9.02913777993
37.7370044703,5.30122570952
37.1656924072,8.13454435683
37.9927946419,5.67578669005
37.4698956875,8.97399163793
37.3030950892,6.52661623165
38.1764295288,6.9296107639
37.3625928135,6.41170051804
36.861354645,9.14519650251
37.5616594663,8.72911622777
38.0491252252,5.82763476866
37.6978493433,6.43826735013
36.8740927576,9.69633329901
37.0525536288,9.19225699051
37.5205679616,7.31606962525
37.8635440621,8.35825069315
37.4561699458,8.06470723289
36.9939484732,9.97003563036
36.934194943,6.85035323551
37.9323976056,6.91578174984
37.9552224027,6.51110736247
36.9052504606,9.78130395609
38.0626316193,6.58517027248
37.2047491549,9.92981596021
37.9752840269,5.53575441236
36.9453158774,9.5690858301
37.3552244024,6.28907554998
36.848302101,7.56655774737
38.1730069061,6.39237903886
37.2447587453,9.26293936129
37.425773694,5.38974616546
38.1243427997,6.65120098275
37.1066984233,7.35303385817
37.8057434889,7.80895371896
37.2604124434,6.24844584708
37.2171535549,7.21739649111
37.4187764694,6.18571837382
38.077550328,5.71203794899
37.9683193714,8.67772746317
37.5061322765,9.86634281514
37.2454964991,6.41848621698
37.2879467983,9.85565792987
37.4940973522,9.54091918335
37.4893071258,7.12509350269
37.0962160907,9.05468399528
37.2197485508,7.75733350808
38.0294433796,6.9198831815
36.7927958086,6.64320279906
37.3147723602,5.93784925731
36.8799488185,5.10059478284
37.602372566,5.83223653009
37.772193617,9.63469031107
37.5276660464,9.95588411856
37.0172341204,7.20922722081
37.5964206368,5.5792435913
37.7471280888,6.99625731426
38.0519230811,5.60558020906
37.5706943795,9.49994849684
36.9497768985,9.17998355084
37.6555850511,9.79033655627
37.6074192083,6.53045608849
37.2835553495,5.27607920925
37.1206960847,7.11962839889
37.8131804121,6.20131911704
37.9037806484,7.42667616844
37.4171110459,6.56943625823
37.161026938,6.26227679749
37.2319186331,6.86163757922
37.003912015,5.59958385545
37.5404916856,5.11350233391
37.7511942409,5.93414518452
36.9454326374,5.68288819912
37.9464551317,8.87471595749
37.8859124087,8.26548734606
37.1414445649,9.15496044814
37.5074715675,8.90696601757
37.7491649823,8.12023938483
37.0713421459,8.32155075984
37.3707437904,8.67989682547
38.0875483949,7.95849887431
37.3393593764,5.24659599665
37.709474723,9.70337440466
37.0990234354,5.93027776842
37.0838612331,9.51431046979
37.4931480264,6.18848498869
37.9580250469,9.45138841702
37.3544258468,6.21803636607
37.9164161824,6.17994563536
37.3587182131,9.67765849562
38.0434995838,8.96011984254
37.0632521099,9.12817636922
36.8452747376,8.71133832358
38.1284705214,8.04925626609
37.2421931837,9.63665425449
37.291306297,7.80349495354
36.8687075799,6.59567809912
37.5807405871,9.91636714711
37.3220078178,8.10551653601
37.0275630308,5.14558588754
37.2556008992,6.66880066247
37.6842199608,6.63529195605
37.3145072883,7.03736430011
37.0544256971,9.62053973546
37.9698586639,6.09931777945
36.827612883,5.29544560543
37.8759860567,5.95640765142
37.5400423887,5.77995497032
37.6862581176,5.14075549612
36.9081351839,7.9825018368
38.1156907291,7.17817309101
37.9482648538,7.12740254061
37.7724049582,5.18925451532
37.996832531,9.21272923553
37.2454675637,8.43087593715
36.9759651584,5.11220763032
36.9290453942,5.27361578816
38.0649051387,6.2272190716
37.5218610447,7.92189195133
37.9587259102,5.61539590203
37.6370946222,9.44026900774
37.8759670069,8.51824587833
38.1111859011,6.98654420684
37.7891083091,7.62591811533
37.6638941391,6.0493946368
37.3057378915,9.9520703256
37.5452102368,8.83602733354
36.7491227137,6.99758059811
37.8326160242,9.72634622409
37.203856739,8.24154761324
37.8779701819,6.36216402565
36.9431621443,6.26755320967
36.9000039594,7.63124508701
37.1438786954,7.75909284561
37.8880546081,7.95792769305
37.2999671545,8.62327701339
36.8814031144,7.87900895154
36.9139092941,7.45001282415
37.2320578767,9.02459957575
37.9530330985,8.16461821517
37.4318601748,8.406758085
37.3243185955,8.38179614587
37.3526904479,6.88925071407
37.0110285745,6.03018491721
37.3886653861,8.50293862354
36.9815312796,5.46727720943
37.9144888523,7.04177895449
37.4032543176,5.88900053438
37.3258228325,9.47061836296
36.8470872132,8.85718761576
37.235120343,8.11847454603
37.0416694676,6.64095665844
37.5269192885,7.58363803902
36.8786786558,9.86665291157
37.8421918246,5.11493043534
37.229844549,8.67352978493
37.5178975387,6.00188566525
37.9563752826,8.5630787189
37.8130997792,5.36204436745
37.86673171,8.15994785687
37.6185497699,8.5897363434
37.854887197,6.64792660081
36.9879031896,6.54791609002
37.0589457773,7.59932537016
38.0362680624,7.31325132789
37.3242884619,5.34088155599
37.1642045996,8.06752951716
36.9685960458,8.85969506237
37.7265789078,8.47761525902
38.1093808504,6.86960917768
37.9348860242,8.03521640088
36.9408027198,8.67227416827
37.3604864873,9.12886598065
37.7678549885,9.94586621916
37.0308161837,7.44435514868
37.7218232115,8.4055800947
36.9128364137,5.99980603816
37.9843419361,8.43662923384
38.0650383742,6.72620473105
37.5117692373,5.48922544878
37.8125574864,9.52740634568
37.7666117843,8.87231912776
37.2706315743,5.84301099613
38.100688818,5.36614683849
38.1138149457,6.15528668037
37.670020144,5.46286209374
37.0859014486,9.36034180543
36.9572810171,5.88990918448
37.2294414693,9.75581182006
37.2636966156,5.05312610154
37.9099663669,7.77339490872
37.0696502642,9.45628554252
36.8088425168,7.48077923653
37.9023158501,5.42668039661
37.5383272324,7.06505217996
37.0043505531,8.98238250521
37.6733918202,8.4449719575
36.9300719599,6.76809339344
37.2235423581,7.3084724302
36.8650316823,8.78177887513
37.5955938277,9.85355899283
37.3761240913,7.51340510861
37.0542440212,9.56281537733
37.1149693333,9.69720012433
37.4762734337,5.76980464682
37.917996266,8.1041466475
37.9269639583,7.31371439936
37.718455689,9.50065861404
37.4045910707,6.50611521988
37.9215280146,5.80969167099
37.908446232,6.2814800635
37.0072227062,9.58591741198
36.8709974744,9.40986638202
37.1652702158,8.37897826643
37.8836617215,7.62744320621
37.2036922143,8.1759285144
37.8001290037,8.53613962805
37.8440662642,8.05961830553
37.8925169899,9.5119757831
37.9850022943,7.89092032684
37.6535777252,8.83811653642
38.1649115936,5.46829091467
37.184801631,7.71404618901
37.5276362441,7.82689735792
37.6102455407,7.84722728318
37.2613562179,9.42252333608
37.8314319937,6.86122160366
37.0785186977,6.73681024715
37.1254204563,7.52135380552
37.9932586067,6.80176418292
36.9124344447,6.18432485423
37.1946407622,5.9432939126
38.008093883,6.15651832527
37.8060668112,9.30456638852
37.1828947136,5.35605313107
37.9945594107,9.54208116723
37.0478332042,6.90543204567
37.5965681694,8.44980115614
37.3627332317,5.5818310195
37.0242445302,8.13397941614
37.1473665801,5.0648379818
37.4720522269,9.64839858846
37.6241845928,5.39602496999
38.1331386028,6.54657433136
36.8086743185,5.17367370486
36.830957762,6.85276477607
36.8408782685,7.05100596416
37.7994114122,8.9697517802
37.4318758128,5.50569141971
37.2003349736,7.16270194748
37.898773595,5.49860409464
37.3347568741,6.13415106599
37.0700001154,8.6916163091
37.8514381484,7.53023932618
37.4034544058,5.14794158777
37.2210944779,6.12822117485
37.1036761654,8.20880837031
37.5614667377,9.02865424121
37.7030248706,9.28739987901
37.9728736711,5.22329518033
37.8812663551,7.86088117565
36.9607188887,6.94460402415
38.0653930446,5.47924801658
38.0430047506,8.133683912
37.8548818801,6.76110831889
36.7728309134,5.47818625123
37.9809510346,5.73923869597
36.7792915365,6.91526460201
37.14857651,6.62993550235
37.4550054694,9.25897111611
37.398841953,9.55388832965
37.3293468123,5.17769022249
36.9598794288,9.64589849735
37.0318554779,7.10759456656
36.9779650875,7.33811824195
37.818176195,5.61599289527
36.8326272603,7.24772864915
36.8158291495,5.04601553655
37.5882772413,5.49232539646
37.6637343417,7.19528205695
36.867108664,6.29888164401
37.8932277748,5.68521771907
36.9069073651,5.41928092437
37.5964026656,9.13687762164
37.5406199664,8.36010601679
36.8393342725,5.89740626913
38.1140155283,6.44734434286
37.9127968154,8.4474457742
36.901382857,5.35492002971
36.8263506332,7.40425260566
38.1390523142,9.59868295133
37.2866165104,8.01961118659
37.0619265972,8.78282525785
37.1114094107,6.22262608622
38.1459640511,6.75254770182
38.0115689363,6.9953130385
37.4642910696,7.98433467981
37.8632881015,8.74137751317
38.2310683101,5.13875945431
38.1447297914,5.03394326682
37.9178570524,9.26177957816
37.4786263718,8.79300294127
37.1728742139,5.45857167839
37.9745646355,5.44751145392
37.1730666065,9.02097960454
38.0512851969,8.24609084755
37.6935579514,7.5621150884
37.0388336495,7.52722029121
37.3119785241,6.77123778546
37.312299586,8.91647203404
37.5754481827,6.62336060779
36.9721590424,8.36742950482
37.0824609851,8.89288361752
36.869554992,5.7481831353
37.7312760138,6.15184375218
37.7810182466,6.05188829701
37.7522127806,6.54051768515
37.2238814183,8.04726636216
37.4315036182,6.7941991986
37.8545108433,7.24283759848
37.144540622,6.94634829591
37.0735890772,5.11680516104
37.3876735926,6.03467703026
37.3860697902,9.23383182104
37.7066632566,7.28529454581
37.7064939918,9.10119174339
37.8762414395,5.219899134
36.9997377051,6.45680312441
38.107718083,9.45444661428
37.9731334825,8.28530601586
37.8242589237,6.28871954886
36.8579452477,6.95843844481
38.1375700672,5.55297225432
37.0133003681,8.71452104971
37.4289518883,7.85117064124
37.4761829253,5.0530320866
36.9014757517,6.50838144711
37.1368577377,9.58232600768
37.4975569119,6.58223488989
36.9603819812,7.68248138495
36.9641754818,6.61311698053
37.7431433639,8.75696533304
37.7107967104,8.56973112997
37.5669080362,6.30316200231
37.3822058074,8.01776269598
36.9925944546,5.77710396946
37.3897622401,7.7325983787
36.9914301306,7.79701810435
37.687507058,7.09034545254
37.4087263667,5.70659314575
37.3699850124,5.05317504044
37.4901130502,5.19566609121
37.2616637541,5.32644944927
37.9773538727,6.25313342265
38.0251464272,9.85101281762
38.0324548552,9.75016786856
38.15405631,8.17766295531
36.9415832461,8.15582926179
37.1107114058,6.13656698281
38.1397690659,6.01702946796
37.6044125614,7.64972949985
37.8123209016,5.76289911214
37.0942592236,5.71235281895
37.5414389565,5.62672008149
37.5857642196,8.92183754374
37.6878855724,6.85493699949
37.9023437908,6.82537291448
37.4924445541,7.37091977776
37.2522241722,8.8559643451
38.0507188386,6.51445792639
37.8707523929,9.90643999901
37.0626498095,9.78865847281
37.1723736798,5.63899039611
37.2562394213,9.53076823953
37.7538493163,6.23924239746
37.4643454919,7.54112582613
37.3944875479,7.34724088156
37.822002428,9.1911052427
37.4658409066,8.51893410121
37.4036570933,6.33073525716
37.2716107786,7.68399622452
37.0727035792,6.54827681672
37.2474832152,8.32164343184
36.8596935208,8.17093985641
37.8466436856,7.70516824029
37.852381181,8.90854738014
37.5695531786,8.25056895423
37.4055196977,8.10887892323
36.9101494249,9.06601137636
36.9576209818,7.56734278819
38.1934385117,6.10540201243
37.7913938921,8.21297799431
37.6802966138,9.90527076225
37.3025941281,5.66587891399
37.0437439741,6.83026241027
37.3167792059,5.11137427012
37.936392095,6.7023044041
36.9747246822,6.703766588
38.0109962775,9.62020733191
37.312085797,9.21754326459
37.0933208702,9.85390381301
37.6258911847,5.29109764711
37.0718795522,7.70302769501
37.2657979141,8.98264728122
36.8284821759,9.95214186957
37.2998930575,9.30731487836
36.8768579559,8.37451428629
37.8602631047,9.44911786191
37.3109790428,9.57810374338
37.1065754655,5.82916593601
37.4973510215,8.14895897294
37.9458802551,8.76469152969
36.9833006941,8.25105033905
37.4315376093,5.9523678613
37.4543522332,9.94233572553
37.6190133526,8.52567955615
37.0479299262,6.20118079655
37.929026244,6.42160823175
37.0151490104,9.27182328043
37.5017641584,5.8728908934
37.3447935552,6.98152446189
38.0777459255,5.03305889183
37.1247065337,5.18679224637
36.8771089961,7.35567546695
37.8900648181,9.36806152988
37.9693195225,6.01768404816
37.68827419,8.96564897183
37.5983088889,5.18548010149
37.1533644384,8.29630977768
37.3892271707,6.72009882652
37.7562555958,7.46313612432
38.1705235888,6.29951917692
38.0172718842,7.16450807616
37.465385271,6.27175672604
37.8954568074,5.04401037857
37.3200382036,7.46044175126
37.514772055,8.45204062988
37.587739283,7.54159501451
38.0121411544,5.3484004959
38.053161129,9.07471757029
37.9673875769,8.23082759558
36.8406238332,7.65264044055
37.8801187127,6.56582632327
37.8013774536,5.6820094199
37.9276496333,9.56230291163
37.0996563003,5.30586969603
36.9934853543,5.35159535302
36.8827015469,8.95109994953
37.2567493484,7.5525511085
37.6630797389,6.24605596595
38.013113047,8.32124248048
38.0542600533,7.57380437628
37.8058241843,7.89954547447
36.8620491751,8.27357943299
37.028642348,6.27456091427
38.0194784846,6.65284191598
36.921470279,9.46900162493
37.6649493468,8.67131870196
38.0594733995,9.39411825186
38.0734033856,6.31701812277
37.9899800123,9.91821082406
38.0868090116,5.24439190628
37.5088093668,5.70228206618
37.6425975982,7.46312703222
37.9851340677,6.3472463425
37.8047845529,5.03887168482
37.1925719918,6.33601011686
38.1356286717,5.12877672771
38.0507456414,9.31724841099
37.9181407449,5.32741821805
37.9414462434,9.87487465243
37.97354309,8.08814820729
37.8226286015,5.85610989248
36.8881356945,6.39437736487
37.6894807518,6.74715463209
38.0045172672,7.25229423856
37.0687411773,8.43737752318
36.7951009798,9.4791285805
37.1557146659,8.82775719769
37.5547033222,8.5398413309
38.0866618021,7.08184351244
37.1104101439,6.02702995717
37.9931210483,5.05417879528
37.3537542393,7.39523152519
37.7285876289,9.42069638315
37.1018780254,8.10270216861
38.0627371695,5.91704928536
37.7463690996,9.77940339628
37.8653045308,9.61449479355
37.3254113238,5.77105792756
36.8854165226,8.6642240314
37.3905469634,8.96298084376
37.4241862132,9.4277564222
37.5376639628,9.42826254182
37.6526623165,8.33672954263
38.1069155539,6.36710453387
36.9917592348,9.85915811131
37.3441788002,8.28648794812
37.7371777751,5.71138739643
36.9891433377,9.74291575734
38.0252579115,5.40558519992
37.9956732151,9.69668750214
37.8262984458,5.28843889544
37.2566277912,6.97154824953
37.493186799,9.48424047291
36.8692044386,5.66905854721
37.6003286026,5.05114751074
37.6449567936,8.07272637332
37.0569507786,6.38406740343
37.441696262,9.18543793125
37.8283506072,5.51967026419
37.7746576036,8.320850102
37.2275766158,6.58839365256
38.0636845493,6.08077234566
37.8564852762,8.61936201881
37.7257102293,9.20339347657
38.0483256216,8.38952518233
37.6333178506,6.90948060735
37.3307439451,7.31501970414
37.2029449227,6.03488429723
36.9231259263,8.58893133445
37.7827662382,7.25689710686
37.8192157419,6.5816099181
37.1946754248,8.92933635212
37.3272007312,5.41738522784
37.5008226108,6.35681251854
37.3282446044,9.38411710224
38.1611397528,6.19946265127
38.4072665486,5.41705954763
38.8752549089,6.25853451203
38.4727861886,7.80884470864
38.9493895099,5.74461025081
39.2663999742,7.83660925132
38.3158327419,9.97244169343
39.3614323425,9.16221948318
38.6525060047,9.54454649807
38.5281810835,7.41816563225
38.6767536973,5.61937825174
39.1230797961,6.5102075552
39.1302755103,9.15968239497
38.8753125346,8.75457366592
39.4492673679,6.53228766229
38.3446413601,6.58630141066
38.1588227661,9.52099916276
39.3419693374,9.78324275499
38.5586705648,9.90448591806
38.3157756633,8.63431152255
38.2661513202,8.32562421395
38.4578828891,9.55371237511
39.3968129433,6.16812328679
38.5385792861,8.66770602253
39.1905437745,7.36780598658
39.4456376863,8.48522082449
39.341089501,5.03276208083
38.2540076825,8.92783331798
39.3625809499,9.94702368357
39.2799334979,7.44421212688
39.1860254155,5.27916268233
38.8630554758,6.34736877578
38.6512765265,7.65444513538
38.4682914243,5.06416939144
38.5097920638,5.50800974273
38.5419397494,9.73564761616
38.317917741,5.77018316539
39.4936647935,6.61113981915
38.8789175172,7.97468103595
38.6333037088,5.44655133668
38.2290256005,5.65122228334
38.2824779113,8.26200687608
39.3032520182,6.14557251242
38.2566995041,8.18021664141
38.7318172815,5.84755753383
39.3097150948,9.09706366332
38.1460970041,8.54452134462
38.2093833685,8.37476536175
38.5994761481,9.26415046137
39.2751933857,8.39043686401
38.1476230097,9.02394515506
39.1809605655,6.46416113224
38.6002002661,9.11191865676
38.8253417092,6.00834351591
38.4832173046,5.23621195547
38.6739653764,6.4140871775
38.6597208581,8.82084749617
38.1206690651,9.80204384197
38.1294332759,9.33065871124
38.2517214121,6.39576988607
38.5223148356,5.32194757285
38.1477644929,7.64179133622
39.0591875663,8.09292103117
38.4737894718,5.62864023344
39.0502531084,7.30487807874
38.9709577887,5.37961460856
39.0428875867,5.34568907351
38.7475136819,7.42855105596
38.7919280504,6.67999512376
38.9839434942,6.58984995108
38.3757060918,6.84938249436
39.0606948495,9.68153636153
38.9324452056,5.63420237459
39.2257513702,9.1745596396
39.0610028693,5.65079477555
38.6967533327,9.24315493896
38.9383073288,6.28739565552
39.3052832029,9.44729820198
39.0938018141,8.30726908651
38.7719140479,7.34034110779
39.1928704859,7.45009000467
38.8331991503,5.62251012848
38.3603153852,6.68177122942
38.4614433066,6.55328643237
39.0193251456,5.89858555151
38.2036013903,8.10152138257
39.0735972877,9.36670596195
38.5835476686,5.37699258206
38.2936059051,8.77386971147
39.1606367639,5.70655339726
38.8201807913,9.18371722807
38.8955115046,8.05609200168
38.8715681567,9.59352777546
38.092865674,7.47116697011
38.565386823,6.74956870717
38.5321317291,8.28587057702
38.7256243641,9.82962848281
38.8003196624,9.91128653501
39.2646291869,8.1025097456
39.2532402366,6.89235273462
38.7063007703,6.62433251433
38.2881993679,9.4067121426
38.8103662824,7.10699784859
39.2252241246,5.42501139051
39.2843033522,5.73188874616
38.6662955995,9.67216125142
38.3556698098,7.22896199376
38.2316384184,5.55552126529
38.5106826425,9.31696920468
39.2938012775,6.0587590301
38.9333021252,8.81473363497
39.2241165614,8.56943256145
38.9776874859,7.29120616314
38.5544235393,7.31347963741
38.3625614879,7.02375835558
38.8525287608,8.46545310489
39.1441244351,9.35523002258
38.8833718626,7.13376138682
38.9924185727,5.03467206267
38.2478520206,9.00640520866
39.1545239681,6.402884089
39.1497686113,7.60011851812
39.1590661324,7.21299255052
38.3429208346,7.62998956417
38.7982437524,5.85208664698
39.0577211124,7.77292466672
39.0609997357,5.03392113378
38.3482209927,8.00776124372
38.5817601918,6.94441401977
38.8597480305,5.15892494715
39.5183397877,6.34083497562
38.4726760172,8.35035552067
39.1391968156,7.7326085877
39.0364828134,7.57977320465
39.0561152586,5.75512682876
38.158134837,7.41899536464
38.2197272724,9.61730729953
39.3790156257,8.40195865259
38.3394159287,8.20870392359
38.5274526158,6.28572215635
38.3029425164,5.02639310461
39.0591176779,5.49444385344
38.5412402492,5.87025360884
38.230785412,7.38338018557
38.751365929,8.25518015844
38.450175678,8.23417826687
38.3050895633,5.37186866618
38.2610629512,7.04292131326
38.4045090942,6.07071481355
39.1256137015,9.45675423351
38.2180863014,6.61732401794
38.6495025981,6.28296244601
39.1741689368,9.70750473766
39.3146175423,9.54527476222
38.4990197589,9.64223078408
38.5426615654,7.90409633609
38.4535784646,5.70031659362
38.2506898944,7.65815247068
39.265140037,7.51444670844
39.4249257457,9.90102015314
38.7709681035,8.60507409155
38.57210327,7.04225816802
38.7461316234,9.72013677216
39.1902097636,6.14165218195
38.9943423459,5.57926335998
39.2944007426,8.20543771873
38.4363751931,8.01205199349
38.8916820982,9.24706787873
38.5998178268,6.35874884986
39.3385391653,8.33784475961
39.3925059769,8.5872260284
39.0074538901,8.34339381806
38.9376495712,8.69043860942
38.7710944388,5.45860942054
38.2196788304,7.88412537701
39.2367345608,8.46780721985
39.025262338,5.82915819172
38.2356003493,9.84745658061
38.7486763988,8.86077164488
38.3244936136,5.87786227065
38.7246313297,7.05849097401
38.433694098,9.44000433247
38.7398962305,5.66801390152
38.8667925973,5.80350273384
39.2106633323,7.57313343433
38.6936520307,5.30293346176
38.4172869713,5.95875527452
39.1504750196,8.6549169769
39.1739710647,7.30549755693
39.0235319355,7.90591671654
38.8764522186,8.5820095285
38.2128364305,8.26689847327
39.4046904482,7.99819822151
38.1884935442,7.19400174667
39.1856305768,7.90017309199
38.9958621516,7.01993246979
39.4066956449,9.3927799521
38.4389558483,7.25490661557
38.1412813936,9.14655397682
39.2452815901,6.38377942301
39.3037561162,7.60717884731
38.3438362735,7.71376835256
38.8508426446,8.14694157803
38.591862022,7.24178209246
39.1403415829,6.31449251086
38.2413217967,6.20705960932
38.3675659019,5.03955203865
39.4725567024,8.5643620377
38.5785854629,7.67871597979
38.8922710876,6.57594873246
38.2305283457,5.31084811011
38.530997083,8.56906810403
38.85504981,8.90220640541
38.9408186312,7.20375134381
38.6753274322,8.3406318453
38.4405384379,6.35948784154
38.9534438882,8.40313817286
38.6483367636,7.9772705732
38.2409068789,6.51185081539
38.3560707961,9.33766694704
38.8579636661,6.49909830725
39.2789775139,9.8174575282
38.5579613889,5.15257448609
39.3965691655,9.83753828909
39.321447598,8.00909434641
39.4509606479,8.66018181021
39.394767673,7.32414250352
38.1555443353,8.45062346209
38.1331593476,8.35037596596
39.3630393256,7.05528132736
39.1982289953,8.22997951163
38.4562408778,8.91554576413
39.3421775874,6.55709349343
39.1552332131,8.00936533928
38.341800645,9.02899793245
38.7864924755,7.21810441151
38.6728152097,5.96514518862
38.5142047259,6.04538480732
39.1706853184,8.08589874087
38.254040111,5.46385084675
38.5423891589,8.02173736062
38.3295230045,8.94532000378
39.4287681424,5.28198359562
38.1631258574,7.25513784911
39.5116974049,9.95662531783
39.1495566173,5.05781880602
38.7035246804,6.51786765664
38.9674630447,9.02102478903
38.5592929201,5.24008557625
38.2500170799,7.97396288356
38.7401475254,7.50226528861
39.3437778435,9.25140998262
38.7467705284,5.13705524817
39.0086925288,7.35088119648
39.2063671948,8.31231960787
38.9701517131,6.36943371401
38.1283478258,5.7789182423
38.5131436439,9.38916510326
38.9349698718,7.74333490933
38.6945691919,8.44060305529
38.8559620991,9.47182702397
38.5273668973,6.41698964228
38.6894060314,5.46518421558
38.781021472,6.4432125958
38.9800862791,9.60027611071
38.8361951008,9.6889416761
38.5948189575,8.62446075418
39.3111211854,7.92231251752
38.9598919194,8.49985092309
38.6733590791,9.09759770893
39.2700765559,9.73164287726
39.175823336,5.51483517919
38.4220984805,7.90358978412
39.293451627,6.68492666343
39.3751608701,6.48191953428
39.3783844238,8.15943143226
38.6620302732,9.17899710048
38.6473039512,5.72161086999
38.8575838682,9.01108530387
39.347430138,6.64455048983
39.4142881937,5.04088475563
38.8450616564,7.18447182675
39.2159997376,6.84089665312
38.4783036102,6.17101981327
38.4545663323,6.93483000086
39.157545481,8.41446296461
38.6360616993,7.19028867207
38.8975623643,9.120801845
38.2922009479,9.69036330234
38.6248031508,8.49991752846
38.4680542499,5.8873189827
38.617746162,9.98159700636
39.2045272222,9.80125468015
39.0898855024,5.94467786961
38.5466537677,9.47789181517
38.1127893026,7.35107538261
38.3093568456,6.13330930763
38.7952379584,5.53416347788
39.212853873,5.82694301693
38.867897516,5.36619239476
38.6387832977,7.10288256973
39.2836204916,9.97950016208
38.4825571474,8.71647347279
38.7653055932,5.76306529423
38.3082254088,5.69068959007
39.2610146175,5.04893023402
38.5319571823,5.66913848314
39.3742131683,7.42133267218
38.5543026494,9.57999712756
38.5539088489,7.52166834745
38.3013383332,7.47534426077
39.025459352,7.25835566725
39.065126553,5.24378001046
38.2020735556,5.38814480907
38.3487638839,6.38283365055
38.610512675,6.21421525524
38.3048223069,5.25982338587
38.7875809777,5.26398897783
38.9519072792,6.94843848739
38.4829661645,8.1156956088
38.3972716755,7.55041080377
39.3438232911,5.6359622928
39.0112369766,6.00077945112
39.3889038135,9.5661702456
38.8055219531,6.25528001149
38.5131076013,5.94919877345
38.8348249623,7.67734691816
39.1826076246,6.77133141835
38.754828994,6.32945157925
39.5000227833,8.28771271206
38.6267133968,8.10450396742
38.9534041908,5.8452326426
38.6181194587,5.82959656705
38.7316926645,9.44348297971
39.3484164984,9.69380484633
38.7235579826,7.25088191593
38.6562615678,8.22154416132
38.4389811755,8.63809334578
39.2164644453,5.11199180183
38.4040884101,6.25689954623
39.1155660471,6.74000611114
38.9957550967,8.75880034329
38.6020186213,6.47049671026
39.3430404297,9.62000468689
38.4779947879,7.04882668506
39.3100549283,9.34616194646
38.1143402965,8.86075472394
38.7266182536,6.00178366606
38.5420525543,7.13255824199
39.1984005113,7.14177498946
38.2537953969,7.27867401104
39.1071985609,6.2075846306
38.6340797704,8.70178918796
39.1304636466,7.82348072855
39.0771126387,9.06683144121
38.7408805022,9.18505846662
39.0696143106,6.38873506362
38.5966550411,9.37935705902
39.0441015052,9.5283304471
39.3804062148,7.70710240981
38.203556308,5.22349519401
39.3100338557,7.32560287287
39.3854171909,9.49447426111
38.2980032823,9.7606709646
39.1138476212,6.44503781529
39.4451794021,5.19392755434
38.2938428876,8.41516835594
38.4081506126,5.5204891696
38.3132182829,6.86239546033
38.505853375,5.41027331618
38.7355069885,7.70589041428
39.1054271878,8.04437393855
38.5972822699,8.2849095165
38.3578695827,6.9146352048
39.3420722391,7.51844214678
39.0160928185,9.31197676688
39.3342453057,6.4315643976
38.3420858143,9.45040138034
39.1402060327,5.60759969078
38.3495750857,9.61353193151
39.2185348508,6.52152005182
39.3479462448,7.81764334919
39.2512439732,9.62838800913
38.8502957993,7.26406764597
39.2611694353,6.2303018334
38.2193027953,8.8531000693
39.1488883308,8.7440667942
39.3007668796,9.17785018667
38.1949442649,7.48032044604
38.3772790744,5.72495406248
39.3271445092,9.87013937738
38.5945630671,9.17087734747
39.3245777908,5.84071099293
39.0682251239,6.9742664696
38.43067832,9.65948625889
38.8622668199,7.33441059854
38.3244499271,6.21572605603
39.0514483927,8.52124816922
39.0012659917,8.27080714802
38.9892856784,6.69569171185
39.3039518074,8.92160984966
39.0575166422,8.68910633833
38.0515662647,9.93309370099
38.5761161278,9.02159655705
38.7450360784,8.14882594983
39.150746829,5.16749503797
38.722121622,7.16095052679
39.1032115133,7.37428393533
38.6555528366,8.92246883171
38.7199689925,7.60400175622
38.1692076434,8.75038450701
38.636252003,6.84338679095
38.8502626188,5.72143433964
38.3382052207,5.96181664401
38.8269425748,6.17043525513
38.8986830712,5.68465641672
39.2889958948,8.30122692606
38.6830300679,6.73585368933
39.4200296398,6.89905106784
38.403972978,7.63609326662
38.3244686536,9.2228704798
39.3301273142,6.87665476924
38.9350849927,9.70482602225
38.2802374018,6.68010985008
38.8194732479,8.69450334436
38.3750549483,9.72284451605
39.0205731745,8.8564631008
39.1682237193,6.92283512075
38.9304064677,6.50835031812
38.7568643055,5.92955558079
39.0183999721,6.13196335113
39.4461487894,7.79583435802
38.5669105422,8.34987108766
38.4412662116,6.80174176989
39.4235769718,6.31387300168
38.7708993602,9.55122239217
38.197686835,7.00917675402
38.7582032686,5.36781126055
39.1055569122,7.6608914242
39.3965010393,5.34628261379
39.2851970362,6.77774575199
39.1784124367,5.90081431036
38.2269723233,8.05077268647
38.3715808207,9.51468449053
38.296552609,5.61361658272
39.2086558562,8.16137584142
38.6528352934,7.72304715512
38.557457826,6.65958942199
38.4425162139,7.33478603838
38.6210202608,5.53293803267
38.1479244009,7.55502118083
38.2595619129,7.17861843386
39.0820691921,5.57638890978
39.1100020683,7.27220509307
39.2395791065,5.61529237655
39.2561855634,7.3861071871
38.7421056277,6.22835378353
39.1578162788,7.04381676221
38.5987850607,6.57173273663
39.3221024108,9.01298112189
39.2323500983,8.84325536768
39.2389373476,8.6898149078
38.9585617314,8.91189932988
38.346758223,8.48693962836
38.3796179597,8.71900097908
39.2318296877,9.27978596054
39.3717504617,7.25969577027
38.829843496,7.44711480713
38.7575564335,8.43162170974
38.9164920718,7.30113227085
38.5408582759,7.75200772548
38.1340717709,9.90847640128
39.016506867,8.18626788966
38.3627772257,8.32064055924
39.0631875337,6.71227539959
38.5993996014,5.63022011951
38.3319341689,7.93514949617
39.079796409,6.88988977367
38.9168687043,8.3135647705
38.383354124,5.62632130202
39.0423780283,8.4312970412
38.6723546471,6.16607153455
39.0186716858,6.90534396972
38.3803545361,8.87366072002
38.8488889517,6.77925008428
39.3876770621,6.79508441926
39.3626008795,6.71613264171
38.8871817993,8.38948476497
39.4270342106,6.41261117955
38.949183243,6.84493613156
38.6353817983,9.45146836864
38.9564123608,9.50936031132
38.3831207117,5.18235478882
38.3612018599,6.49054967368
38.6687980379,5.38382620392
39.1360529083,5.39709935691
38.8850801094,7.84432897047
38.5298236108,6.85148170618
38.959861201,5.20833277135
38.3801712636,9.93061028201
39.2240842392,6.7017554145
39.1107514617,8.18322564633
38.1748604567,5.72395296892
39.3984529374,8.9730671178
39.1121122446,6.00783232538
39.2293452992,6.28942505851
39.3630378702,6.95596004895
39.4951764664,9.83289373401
38.3912063626,8.96206748765
38.5214436541,8.45359746072
38.759837645,8.97111001798
38.4594464931,6.68591312861
38.2638132414,8.10813525915
38.8907275753,5.26174831959
39.23896032,7.25203257343
39.0118619838,6.25161141978
38.4558547803,9.78710862917
39.2086487194,6.02612306935
38.5310755822,5.76955700005
39.1992357749,7.78626369255
38.7077638357,9.92852932346
39.3590607182,5.52975980214
38.914575789,5.56850421128
38.265573842,9.11431234403
39.261012285,8.99510407131
39.4361299961,9.1959041638
38.5807187437,5.97829718203
38.6339182044,9.76204330258
39.1513537596,5.95250369825
38.7187378822,6.9436551366
38.1414658997,7.74279321603
38.3375875281,7.33854362097
39.219792548,8.76965021382
39.0812217748,6.57595967721
38.795940771,7.78510134851
39.4338347133,8.09026593031
39.2702498815,5.4788960797
38.3120171134,6.44935115171
38.5844346491,9.6651112223
38.2231196772,9.97341826365
39.3510891608,6.24989281416
38.8257258631,7.56139434569
38.6074667452,8.41278812204
39.0464102078,6.64543147696
38.8109092112,9.36191555137
38.9068858538,5.05276855636
39.1900287687,8.94182694133
38.980851262,7.84266314772
38.6357787224,7.88599241647
38.3865881218,9.12551177348
38.5560610193,8.19543860884
39.4677275724,8.88153718841
38.9844191419,7.10929800741
38.7786332407,9.08974332504
39.2798559389,6.48625405987
39.0003677401,8.12911237891
39.3464710416,6.34855177037
39.2184403441,9.38978168804
38.9537695783,7.92178836109
38.3441841659,7.12794385433
38.7684723947,6.75127693957
38.437004809,7.14800877927
38.7428999557,5.59901711791
38.9847125784,5.67092561937
38.2917181113,5.17278265632
38.9263272699,9.36345014474
39.4489024406,8.35256112745
38.5029798992,7.60572911135
38.9353462373,7.62677966567
39.0152697168,9.43687198366
38.6305548489,6.05790358641
38.6115056987,7.80703116328
38.5542683727,8.85647055634
38.2706074616,9.51457664483
39.0521562245,9.9325925438
39.1014850996,6.81178011533
38.2248208372,6.82727162471
38.7475735813,6.08533368846
38.3108501293,5.0982341728
38.601954307,8.78060076204
38.2559011737,7.78209662232
38.4515804172,9.02766395558
39.4200049601,7.88852380537
39.2721902677,6.97689019447
39.0680454594,8.94739010966
38.2090494724,9.72652562407
38.8826833004,9.85167075764
39.3562112725,8.70121692852
39.4658235666,8.75656140036
38.7308406404,8.75602636856
38.7525917046,8.50882864782
38.5338484418,6.50233761807
38.3029547524,7.86693855275
38.9952140375,9.81927502675
39.1078323408,9.78711841736
38.3074586037,9.91094418286
38.5749769418,5.44922580795
38.3203884653,5.54703501903
38.3644012486,8.1013902954
38.8424532417,8.24604176259
39.4946416117,6.93795690856
39.3231998226,8.49409773409
38.9840079555,8.02328411914
38.548430947,9.82728535183
38.2480046665,8.69769777393
39.288231685,5.35616663838
38.7014552248,7.78571720163
39.0252746025,6.4847989886
38.1382760485,8.27475673162
38.289970671,8.04613197328
38.0399949147,9.16026399389
39.0164280068,7.6789539429
39.0026818478,9.21533176249
38.996009651,9.11730631044
38.5186619665,6.6165683619
39.2504887501,5.92045631209
38.432213846,6.45283832039
38.1798033002,8.92934874767
38.8919451169,6.42889053973
38.2793327257,7.10623815901
39.085689493,7.96501301266
39.424611001,7.58559492889
38.7482408403,6.83100620332
38.3924567727,6.16336842883
39.1382291976,6.65983134966
38.3558587147,9.8330088308
39.306180888,5.9895486816
38.7164186742,9.62059894599
39.2355800886,9.89640263347
38.2928473856,6.29559301857
39.0563246384,7.06918612434
38.9057962897,7.04908384689
38.9592660889,5.91903858805
38.1645947343,9.24791313325
39.0519804331,6.32229111114
38.2852789742,5.95376071451
38.6885322858,7.40006517942
38.4281398989,8.52358999214
38.93515528,8.11160668909
38.3045867013,7.57104967106
38.3050826943,8.87380200281
38.2404311082,9.3078800756
38.3680167774,7.81099183902
38.7213917314,8.66675526398
38.8345714599,6.61820470023
39.3200076439,7.17137778007
38.2510286871,5.74031919756
39.0018500902,8.5923554391
38.5411552638,8.75507902629
38.1645137716,7.95155106939
38.4432296419,8.80015684438
38.577273829,5.04627744183
39.1111719481,9.26974522981
39.0657642813,7.176905921
38.0987787171,9.97581624066
38.9339052805,8.20429598979
39.2362632182,8.00850527836
39.3666169026,8.81801129107
38.8951667751,6.67567675678
38.9727593538,5.29864626923
39.2588606456,7.07616523238
39.2844547766,8.772613519
38.6091145162,5.29370816761
39.3953132815,8.272286285
38.6063611381,5.91464603472
39.1996205525,9.06545236276
38.6329760318,9.87264527761
38.5567068793,6.1261127469
38.6743673112,5.20231822509
38.8109834933,8.05595734666
39.1571435251,6.57042288773
38.0751945892,9.24151438686
38.6526780132,7.31237849266
38.7940881307,6.55687902511
38.7876989666,9.63570507741
38.5386834475,5.59015811575
39.3566909965,5.1268814387
38.265523732,6.94350534946
39.3830244911,6.056939352
38.8358663121,9.76910013491
39.4215107066,9.7443887333
39.2552842714,5.18459770866
39.1174530374,7.55823956669
38.6715637075,8.59630833082
39.2417161383,6.60703431769
39.1403683995,9.87633345278
38.941880956,9.93300037524
38.6101295138,7.58801487467
39.114040437,6.08439181804
38.4463573687,7.70456702245
38.4732033477,9.89486185914
38.4847678521,9.70966210211
39.4605804227,6.69954310123
38.2075846875,5.83151385967
38.3358463292,5.46938963063
38.9869596238,5.44439967538
38.2311892871,7.55765112279
38.1838806399,7.09763350574
39.0324345227,6.84730876464
38.9110726663,5.99164532981
39.1898577613,6.23149439843
39.3099918866,8.60415939689
38.7182484471,8.05374944982
39.018165584,6.77499741
38.4198694569,5.8090260008
39.3486662443,5.24818918959
38.9269887375,6.19162961055
39.0921057244,7.48599188815
38.3015352169,6.02825067406
39.2311069212,7.33230376496
38.6769052122,5.88864533307
39.1286948922,8.84656304335
38.635929353,7.48214061801
38.3986286207,8.42265320417
38.7241938946,7.88144824084
38.620737571,7.39262050708
39.1393791741,9.581514687
38.4035789594,5.30769512802
38.805533447,7.00890461769
38.9048459798,6.08395539755
39.1048964402,5.85649437312
39.0856490333,7.87331460701
38.7521097172,7.98180351109
38.9329836325,5.43202849067
39.0926656629,8.59362502552
38.3332676534,6.77185421996
39.1589691361,7.5258839397
39.4387655809,9.28912353413
39.2809121822,7.74748411198
38.9607842777,5.49976500452
38.4414738179,9.24749122327
39.014036945,7.43121894235
38.4662766164,5.15795962896
38.448482181,9.34907885141
38.803494321,8.35347973056
38.6758943567,9.0166336694
38.8182083193,8.79387040816
38.196371843,8.63238730257
39.1310686508,8.51683942367
39.4116648804,6.61664263223
38.699463488,9.33029514048
38.1944489775,9.42003662877
39.2099590533,7.67825365435
39.0564833711,8.78572886432
39.0287059732,5.12300940936
38.8094682434,7.86665853466
38.22880018,5.05207611595
39.4847260437,9.70471476977
38.8453875698,6.90306190903
38.2479540207,8.52570888499
38.5582823307,6.19430374867
38.7915924538,5.05822835802
38.4098080629,7.43687705184
38.6887470067,5.80635210661
38.7235350308,5.53291511953
39.5402643539,9.74126598083
38.9359092414,7.50817244565
39.3524759955,8.08580060059
38.8708084843,5.909056103
38.6767688219,5.07901413515
38.9247438804,7.38678946866
38.4652090459,5.57235254207
38.7816462451,9.26567335107
38.507480708,9.14029001016
38.8055156976,7.92835957456
38.8057885804,9.8335656165
39.4918118323,7.47741317774
38.5304720818,8.94439992789
38.6477276134,7.01494618171
39.224521201,9.5084229754
38.512400665,7.23104604563
38.2292240446,9.20983136623
38.4862538292,7.51183259352
39.3326367732,5.44124784822
38.9404497041,6.75567816237
38.8716424283,5.48926752367
39.4923206436,6.81941806857
40.5848425313,8.60091565512
39.9609083858,5.25000949434
40.7833200102,7.4049391162
40.4237887318,8.13570833975
40.432187619,6.4741908194
40.2104042323,9.816253211
40.559939273,7.59172859979
40.6368739993,9.89757950303
40.1181928777,7.15291819775
40.7950864336,7.85643256064
39.5701960907,5.05315115429
40.3683680255,8.53455914979
39.6435896572,7.32292367423
40.2159235334,9.69271468153
40.2714778352,9.44685006794
40.3061234283,7.7773046228
40.6599601372,8.75369370238
39.751296999,5.97262126038
39.9705770602,8.31945919349
40.4101366077,8.39002237312
40.4924927608,6.12469735933
40.7905135107,7.19361810259
39.4412987479,5.84508538202
40.3312628726,8.88394602906
40.0274598441,6.40813663502
39.9325175251,6.21321851918
39.5749192108,5.31833383436
39.6101328567,5.42009617355
40.2387901872,9.93368303938
39.9024505823,7.61153241099
39.60859678,8.70114905791
40.307600915,6.98277704263
39.8406341978,5.99072937515
40.1258764049,9.70964496166
40.3101836027,8.58040852609
40.1406475391,8.62424301943
39.5538287947,6.73577100228
40.5700811614,6.10532003989
39.536459187,9.13233486439
40.2157126936,5.18800102717
40.7912858488,7.68973845243
40.1692423266,8.72583988152
39.6610998842,8.7730122573
40.0054706968,6.09444185451
39.6771798753,9.04835686483
40.2818047058,5.0384636546
39.7627853714,5.27003814067
40.2533516906,8.32950034387
39.7843992223,7.07496918361
40.5558376508,7.07907659232
40.329944738,9.47619759708
39.6322492413,9.55481913636
39.8918274563,7.86747247553
40.1991977741,8.83199630331
40.5229837266,9.43378325006
39.4669952355,5.10559631183
39.9282722888,7.94090133665
40.8676594973,7.30895636735
40.620871775,9.36627935487
40.0933861726,8.85191152043
40.7357335408,9.64559717042
39.6499870873,9.15520957663
40.0848541106,8.30497274017
40.0021672793,6.89487376523
40.6297204405,9.69473510725
39.7564051273,8.19601976551
40.614671319,6.8452060995
39.899031927,9.92321252046
40.1188554673,7.30728617617
39.9969339371,7.21534674986
40.1769524392,6.62028707
39.7017607959,9.60828265954
40.6884985954,7.19925433216
39.5198304808,9.33471212694
39.893849133,6.94986454848
40.3961640007,9.18592719228
39.879223949,6.17732287851
39.7019009266,6.14926383578
40.3253047834,6.43355632784
40.0185275947,8.63582775527
40.555434288,5.73927230086
40.7706912436,7.79011806706
40.67564266,7.96033714177
39.6029010534,8.46767062424
39.9922536998,6.63165779639
40.5411899254,9.85074504549
39.9752565627,8.11354351085
40.487871857,7.91312790824
39.6093629364,6.83437445587
40.4565469405,6.62517205145
39.511019916,8.60399413103
40.1802704812,8.32470941377
40.7780826269,8.23036759894
39.7362119657,7.8455815336
40.5971456257,6.25549995161
39.5758880169,7.38868292504
39.9763592747,6.2849107308
40.6067115969,7.14373587009
39.8741363241,5.79719416113
39.683957775,5.93957072048
39.7800360477,6.57181253258
40.1971695911,9.14520624689
40.3707344931,9.94821114208
40.5816088816,5.21787922806
39.5577382137,8.2377968468
40.4978659093,7.76855246024
40.1975022398,6.211331101
40.3147860757,7.53802326228
39.7594107458,7.21943031696
40.1451256112,7.97320015981
40.1844204857,5.48806526582
39.9205086832,8.04246615874
40.1597083985,6.31496284107
40.0448683261,6.32497277235
39.7973623722,7.36762696104
40.2204965776,5.72060970914
39.8846509978,6.49579822516
39.8435745512,8.33252199846
40.1796323429,5.27221625171
40.6881104162,6.66434017239
39.9928426223,7.01870925648
40.1707626508,7.10862013112
40.0086518232,6.69159668843
40.5204725816,9.53413782927
40.1608976809,7.20763892275
39.7566569442,9.12782892238
40.5585345912,6.46323600702
40.597208034,8.71796928736
39.562136245,8.17229670142
40.0147701526,9.56854841925
39.607676129,9.80305460887
39.8265368057,7.28748423525
40.6097770442,9.44748475568
39.7013803786,6.27997737749
39.5526124177,7.19514476193
40.583537567,7.43053821798
39.9324303287,8.88516050347
40.5469654482,8.88661123022
40.0620564252,8.74344646539
39.6868391078,8.12060969018
40.1316226973,7.52692423247
40.5186637712,8.06058874592
40.2586012115,8.74039169189
39.468931241,8.17990814689
39.8363843099,8.5328141235
40.5186411463,8.14379263396
39.498762264,8.08864441668
40.7659953975,7.91753112184
39.5074573025,5.27179516348
39.5479342818,7.6244146736
40.4853470965,5.25285201029
40.680751776,9.04348625532
40.2767268522,5.43305971841
40.2612570117,7.67954015646
39.7389517544,8.85269550229
39.6131354835,7.09515617367
40.1614310074,8.99579180282
40.6058141179,5.31782793443
40.8142368337,7.33131385114
40.223897044,7.89724162812
40.486931822,7.13569603375
40.1265158039,5.91427754498
40.3971113545,6.93621212334
39.7725228668,5.79572001162
40.3455849099,8.46801693616
40.6842214412,6.29030249676
39.6774490995,7.55380815512
39.9142472466,5.53693349415
39.6149082851,6.69253638837
39.568642566,8.77591675848
39.9353453316,7.27941862343
40.459320067,8.94737302737
40.6150497284,6.50888421516
40.5832740893,5.96046704233
40.7525544364,7.48889268644
40.4349576068,8.30317058442
39.889700354,9.82998123953
40.2541994635,5.27593423143
39.6680624051,7.18336017193
40.6259217191,7.52865968323
40.7859956429,9.23512743005
40.354254753,8.0626770476
39.7237671174,8.30326310673
40.6372586629,8.28911293747
39.4380414726,7.15023735948
39.5376585806,8.53335153357
39.8514908842,6.39105047866
40.2628498519,5.86061960368
40.6959573606,9.28704010675
40.7310776559,8.32238588573
39.4292527088,9.64249942128
40.3808026847,7.16914164041
40.4973830557,8.5773277117
40.3476059613,9.55303448491
39.5170085007,5.6855668276
39.6355850809,6.18123890383
40.3171251373,7.35588621939
40.7444484261,6.85211721129
40.7004117735,6.75189354194
39.5440723185,6.55551908244
40.2481186577,7.17335709219
40.7108383688,9.20595443027
39.8148557787,6.8915138472
40.7183691928,9.37875429523
40.0130147246,9.97867244214
39.973890717,7.70393635706
40.1391588173,9.06047721662
40.233361757,7.34154427335
40.234905832,6.37830096405
39.410729276,5.72112759928
40.7514061583,8.42476452327
39.9860743637,5.72674831726
39.7193631744,5.6108212514
39.8217195621,9.45329994022
39.6918209159,8.41040618452
40.2608947003,7.06574458607
40.0359644918,5.64331599905
40.1219583128,9.90860505765
40.4727746916,6.83919759187
40.4478933148,9.60806678045
40.5228931717,6.27747139396
40.0140391978,7.34369637313
40.0352156211,8.366986585
40.0863500095,6.44329970144
40.7206215362,8.90305105759
40.5600181115,9.77018120693
40.3570907153,7.94416123203
40.6319960718,7.75102559956
40.0974297914,9.31143473821
39.9287129422,5.04340813521
40.5334743145,8.32239254712
39.8302565223,5.04259083306
40.0411353388,5.92514415609
40.8606936564,9.05848196549
40.1620151815,5.6532865375
40.3736462554,5.45503327142
39.6426490986,7.80254146676
40.243027441,8.41797517809
40.3771460981,6.63810793516
39.8785800202,6.6077523065
40.6370158774,8.83439998583
40.6435116158,5.41971484194
39.607497628,8.31906018479
40.818364611,8.85216373632
39.7300107147,7.31233543186
39.7291981224,8.5223458458
39.6234213617,6.00104098871
40.1014547331,5.72122367202
40.6265659488,7.88806415021
40.5942408105,5.63323012637
40.6021616308,9.26909532282
40.2735782221,5.92269596377
39.4678396566,6.12267811034
40.7766893803,6.98966922565
40.1073826293,6.14081812171
40.4820097712,5.67514067751
39.7787698024,9.35061315342
40.2480960938,5.60304126309
40.42731896,9.49249139753
40.0262103546,5.53751774866
40.1153629175,8.41581400612
39.9886989948,8.43968159003
39.744525752,7.95963075505
40.1604676169,6.41996304808
40.6154860908,5.13955876389
39.4659317429,5.99477627537
39.4310794886,6.97504507466
40.0951923161,5.12779888871
39.5433310172,5.15123374629
39.7217175455,7.65561299958
40.0340277799,9.26173412688
39.5086348761,9.42568096666
39.9222435049,8.65157586649
40.3162033501,9.75372050281
39.4857234697,5.92719454721
40.0073036276,6.7759469212
40.6259439261,5.72255637385
40.4846465224,5.44562049611
40.4255637776,9.84372928538
40.0912070224,9.79226854244
39.7132785207,6.06182916717
39.6361169314,5.52646773506
39.7313109478,9.24190977911
40.5924133208,5.88767912035
39.8982909797,9.36133166229
39.8027883941,6.24076197014
40.202197441,7.78276805248
39.5493757199,9.63829786244
40.745618274,8.12972527373
39.6303189666,7.47265352865
40.2310009069,6.44708424951
40.523038935,8.67660317518
40.7310946691,9.13123482249
40.571015777,7.84295301764
40.5122191492,7.34130961175
39.7918944303,5.88834732293
40.3203678675,8.34565716411
39.4440588947,5.60884360937
40.5285782565,8.96642960143
39.7250089144,5.3104269364
39.7880424243,6.98203800703
39.6796099817,6.6660384519
39.6694437362,5.04632683702
39.8028514462,6.06556518479
39.9331584682,7.52373902249
40.6729200804,6.95046456584
40.3822965491,5.06563580493
40.2987951856,6.90600897666
40.4255500846,9.72596230351
40.4529296235,9.09336308629
40.3540308215,6.82024710527
40.4072159851,6.74405803644
39.9445447255,6.68140179764
40.7817270603,9.32663850694
40.6192052876,8.95499923898
39.5720205339,6.99516389492
39.742136092,9.68546028735
39.7726092175,6.82848754551
39.9745016411,5.88489960185
40.8555933881,7.90333232864
40.5780222314,6.9421367306
39.9781657392,8.00604977102
39.5931107969,9.3933816617
40.7921882129,6.7481463947
39.7827209724,5.10145130054
39.4829585048,9.5294264061
40.6696980976,6.57119216937
39.7908480637,8.35258316625
40.0277888271,7.26971224059
40.8232538707,7.27478108682
39.681370175,7.39831885819
39.4583779602,7.25271869571
40.5154842595,7.51349762563
40.7271588347,5.88475381996
40.3590893789,8.7535997314
40.5478150087,5.8152707417
39.8733091154,9.7659673237
39.9225323883,7.79080772459
39.893275963,8.46186641968
39.5794779987,7.54547076142
39.6155810754,6.60907688126
39.8351748663,8.88375351119
39.6068701915,5.91360735388
39.7844355981,9.77550550279
40.2629454951,7.49185127823
40.7790159325,9.05142769729
40.1875985648,8.19337780379
39.4923878117,5.76342855006
40.3892139261,7.71476543122
39.8618799383,7.18184659982
40.1531159648,8.25052726864
40.2221384211,7.25392940892
39.5077455696,5.38622989581
40.2985081843,9.033077115
40.8195233116,8.34720234255
40.656391493,5.17671919365
39.7860255188,7.74084596328
40.5254538383,6.54788675821
40.1742332696,5.81896596183
39.5474289968,5.75499648381
40.2047312423,6.00640987653
40.0373873573,5.22638956511
40.6766821908,8.48244679437
40.8476213867,7.81133305535
40.0166303285,8.21961765345
40.1225474922,5.40855496863
39.9079947506,6.78422922199
40.3372453735,5.88962367997
40.7304487992,8.80012717556
40.2768688145,6.28682571783
40.7576971047,8.66515618041
40.0142405906,8.83232604792
40.2852633844,5.50750270711
39.9634649292,9.28488011764
40.6062192926,7.26078793404
40.5165981718,6.91477404858
40.3957177054,6.15964473238
39.6201247501,6.09745106242
40.2212893815,6.11418741046
40.73445345,7.58021073046
40.7267869411,5.23668199495
40.012449994,6.20062470046
40.0925025235,5.47266594992
39.4709681965,7.35132059565
40.0385526225,7.9246178202
40.5452516441,8.78570481931
40.0995711589,6.49391640155
39.6134948614,6.38545326899
40.591638529,5.05847243417
39.5400220958,6.0548348577
40.4899903472,5.04417919977
40.6676855627,5.95977117841
39.5896215958,8.07744391152
39.8781776823,7.71150405845
39.7019762202,5.19254593249
40.2138228221,9.04371231706
39.6317696638,5.12926232501
39.6166957469,6.28263272405
39.6155854624,7.88960594057
40.4904999807,6.72470687526
40.3450365247,9.65275337834
39.6143403328,7.70794910764
39.9595001321,6.49836500491
40.5715373942,8.49790815347
39.7237803356,6.53154203593
39.7842387443,6.4769283881
40.1128424551,6.95229256853
40.4874158591,9.90932423479
40.1219700644,8.17688032117
40.6331267021,7.63488757345
40.1117195434,7.62311579257
39.4221039594,9.08497312493
39.5570640384,6.90214931878
40.3395689798,6.5201705735
39.5355825794,6.45628968992
39.7055177874,9.86213308254
39.7150232958,6.21389976848
39.8570653236,9.56116901728
39.8477019419,8.73260170432
39.5784617635,9.8865042357
39.9711873749,6.5629739372
40.3269565354,9.42030793503
39.6809317299,9.37136610253
40.4413897553,8.01656970096
40.4844840571,6.37025475402
40.4139636307,8.65270718279
40.1260382337,9.38668269469
39.6307744125,8.17231047565
40.6415275243,9.61379235649
40.3657003855,5.65216357148
39.838269195,7.81399307436
39.9018875846,5.21107957794
40.0892401207,7.7121923535
40.4770857942,9.01140946592
39.7495026201,5.0345119126
40.0618197028,7.13057920051
39.9267840903,8.19004157585
40.2267468633,7.56976352082
40.4744787834,9.99389711914
40.027309245,6.48198346001
40.1263408854,5.2229448139
39.8608530292,8.22131466039
39.9423034055,9.683409594
39.9617922336,5.598741852
39.9439265628,8.54972266747
40.7209015018,8.72562266754
40.1927052144,7.44223428837
40.8205732148,7.48719669535
39.5620980168,8.91687462316
40.2768827078,8.14389838748
40.3427530105,6.35120413223
39.6166624777,5.64634536094
40.2936010897,6.18049227831
40.0641649504,8.53077844113
40.6761105929,8.19094439048
40.1780756459,5.05059148736
40.0253819782,9.36236654939
39.7926124384,6.1530009293
39.9485490123,9.47976101674
39.653823163,5.3358022858
39.9516949802,5.36033089895
40.5496215209,7.67892948931
40.6602547047,8.56490791948
39.7041837376,8.95356512748
39.9500989272,6.42405871815
40.0859400383,6.01556083153
40.4080169025,6.28165941468
39.9613253282,7.86237216398
40.3198984414,7.26198616111
39.6197330702,8.97061400579
39.7741260881,5.35063017864
40.2377285042,8.94856860834
39.9708894956,7.13334911245
40.5557317171,6.40395465709
40.0883195047,6.37919992258
40.5574267832,9.93630665834
40.3184359503,5.22079992849
39.8568620901,9.24130088556
40.098373294,5.31702915533
40.7252774857,8.60045505704
39.8256438816,7.90296778899
39.8827266577,6.85917631719
40.3086452664,5.13834592302
39.6366444675,9.9601799975
39.9683400271,9.18785583617
40.0365144947,7.80172152827
40.2755505752,8.51772233585
39.9718959005,5.8120055226
39.8989183998,5.35334099932
40.4323245951,5.3544199862
40.4461350399,8.48876161897
39.876129378,6.28270202063
40.8091444384,9.12130550799
39.6124983701,5.23293095408
40.1011346619,6.70370659572
39.9346853292,8.76019829211
39.8488128824,7.41748648416
39.7212234733,7.11922217189
39.8805997634,7.06357263584
40.2107092087,5.91234299513
39.7560787854,8.05882247645
39.9611887079,5.99164889174
40.1760335112,6.89293300778
39.8908725666,6.0910020367
40.1023716857,8.22928629177
40.5299679783,5.36487030144
40.0472324421,9.86153140128
40.350338656,7.61636768945
40.365346779,8.58663996045
40.6331133856,5.81318085768
40.5036155454,8.42082852372
40.3133647288,5.73899561293
40.7596785351,6.67890229699
39.8549119842,8.1185939701
39.9335402499,6.34323235779
40.0658690972,6.26175374293
40.0392147181,7.6495071815
40.3957106531,6.56687187162
39.5421311521,5.9630528956
40.1644358448,9.31809004915
40.1240531145,5.58251065077
40.3180207432,7.12825624741
39.9732168779,8.97195813539
39.6875797925,6.34487541113
40.4746046632,5.15920053051
40.6821778439,6.49937387327
39.9910119507,7.61886785802
40.299335007,9.99921031607
40.4449473907,8.85012835123
40.2458982224,5.10209123298
39.7960456097,5.19015027207
39.7885385054,9.01659888544
39.7019858035,7.75002556344
40.2455007964,8.25696884686
39.6692850806,7.26261502897
40.6436979279,9.78832355544
39.5070536664,8.99746058029
40.2040660196,9.41069373738
39.824810619,5.47191577489
40.3798398915,7.05980283296
39.7682934682,6.39679800141
40.1790619007,8.51667110976
40.8423850462,7.56875593046
39.4788042292,6.22927759224
40.4505585709,5.55653753935
40.2347183769,6.83064890794
40.2671423845,6.50602333546
39.9844664854,9.87271604085
40.7314140625,9.84947494449
39.8950704861,8.99974528924
40.003055391,5.30904440075
40.6025466121,6.72274087958
40.8063093705,8.94056289682
40.6152590701,6.6287999686
39.774595107,9.61039193152
39.3867190901,5.94689427476
39.9323852825,5.30437327936
39.9168070619,5.4220484195
40.0762390203,7.42825219176
40.627874447,9.16793071
40.3413683682,7.44363472738
40.8860344555,7.23769452444
40.1280557186,7.85936305134
40.799717215,9.53219106109
40.5723144096,8.2189682934
40.4721723442,8.22699402745
39.8420179036,7.99860621797
40.1225890645,9.23591553971
40.1120157555,9.60385031295
39.9038160941,5.65751185714
40.3215721512,5.34384129388
40.0188337739,5.04677096412
40.4166281735,6.68553578785
39.8095850416,9.87106252525
40.0690247425,8.99199678987
40.4888510285,5.97431809751
40.424217249,6.04542056689
39.6417422062,6.50553146686
39.9405725055,9.60735192706
39.6552450834,6.97124110307
40.4999687074,9.76423421609
40.2821556155,9.34750703324
40.1746232869,6.51879585678
40.5725044716,6.34446416187
39.5738856053,9.47995703362
40.0762094102,9.47783949231
39.7343604392,9.42982617814
39.8444527856,5.37979736303
39.6584746515,9.45911129151
39.5004167345,7.70348528524
40.3566656133,8.24399317643
40.4137747784,5.93799159001
39.702394358,6.59524532203
40.6895338083,5.33094969214
39.822050753,5.58564212967
39.8447012663,9.67768021339
40.6888240922,7.4418658108
40.5403249143,6.64536969863
39.649857474,7.9839175909
40.7942450159,9.59472630808
40.4095443471,5.85388313033
39.4099938647,5.43559197704
40.7395936609,6.20136187715
40.285670938,6.60588814554
40.2994931179,9.24545755347
39.8453900521,5.29046172913
39.6293298376,8.86683652031
40.2224424619,6.95448186815
40.6960999339,7.85007267704
40.4721199759,5.78633404352
40.4074356254,5.25286843003
40.1190240419,7.77543707085
39.5331075567,7.10449372618
40.5128158486,5.88727584461
39.8402897503,8.66757049782
40.3800530604,5.77770262038
39.6165695885,5.74723844068
39.5883236082,9.20840296121
39.4772844735,7.04674216786
39.9636105429,9.778687587
40.8702583967,7.64137812077
39.5291063714,8.67430445943
40.3070617632,7.8600654516
39.565721005,6.21605703387
39.8604267035,6.71162669709
40.3012940669,9.17947296929
39.6981052226,5.25863255225
40.55984366,9.5994373364
39.4797903279,5.50641760449
39.8330353523,8.80164551917
40.3170399487,6.09047213262
40.561407967,6.18689537895
39.7689269249,9.96615525075
39.7551800446,7.41612945667
39.7933269389,5.69847918231
40.532240178,5.29059586859
39.7028148733,6.42457882102
39.7056581608,6.76885757349
40.4494542693,7.4334974331
40.5364091441,9.6889548402
40.0243646187,5.41274777503
40.5710931011,7.98938681788
40.2910113693,8.8081808748
39.5526076096,6.14806815857
39.7396621628,5.52224550543
39.7365816516,9.52473992376
39.9755507422,9.06793210842
39.6181353106,6.92025462162
40.1422605775,8.92069118326
40.0592022722,8.04045715194
40.0379361477,9.69110580398
40.715969504,9.54759990973
40.2384264896,8.59360484394
40.5636574514,5.1379414229
40.6385373574,6.05293473396
39.7734487686,6.31655212359
40.4080912614,9.37905215627
40.3081478785,8.65996086912
40.1729013123,7.02830435528
39.6131615723,7.26572768931
39.542405037,5.5784569928
40.7297772442,9.95761999814
40.3929688493,9.00492414643
40.3238674122,5.9880702141
39.9483788359,7.42791700359
39.7879212175,8.92698956089
40.3147311446,9.86097034765
40.6782620688,5.52798168081
40.4155618413,5.72473347894
40.3970969403,7.83050110798
40.5002186362,7.00959148005
39.6025982117,9.7228172736
39.7006606771,7.03965606321
39.7597533914,8.72734400426
39.7839423814,8.60737378798
39.5567521952,5.47343550449
40.0968911835,5.03256530465
39.866766395,9.10331926773
40.7524552315,5.98955195321
39.6837419618,8.63288920015
39.487138984,5.03245923538
40.3987477913,6.38478148969
39.8182801713,7.66229778754
40.5434215803,6.78654895691
39.5802602916,8.60813229034
40.2556938566,5.79630210947
40.5095323763,9.19093780708
39.714012539,5.4273697628
40.06772808,8.13488587168
40.478758669,6.20515116852
40.0927336597,7.0558720959
40.6570918048,6.16230296803
39.5550689192,8.84791388572
40.1988569914,9.51713478613
39.7136845136,5.11802857776
39.5452491326,7.29759640429
40.0231292081,7.53803950605
39.893238619,5.90525257099
40.6444705547,6.41088075304
39.7966201334,7.46614586216
40.3980474691,7.34524054906
40.2848909416,9.10921738359
39.6178847485,6.75404014866
39.7103798779,6.89465290592
39.6539805861,9.6726813509
40.5330980064,6.04356375592
39.7994900847,6.754437559
40.7168087382,7.0934282296
40.2213144869,6.71505312952
40.2067458941,5.36384466757
40.3168155342,5.81364628028
40.2248349741,9.25462344002
39.9618026221,5.47573900516
40.6141105084,8.08950409243
40.1617944489,8.09575476495
40.62956613,8.39352039918
40.6098073429,9.52482983976
40.6443335676,7.35786601146
40.2249662136,8.66880481506
40.2544145148,8.01344986749
39.9918010286,6.35770398646
39.8773668339,7.35372353152
40.7012665024,5.10073370749
39.5120719101,7.57146424534
39.5017936974,8.02064663667
40.7410294986,8.98845509121
39.618704255,7.61487201206
40.1845151393,7.63826681994
39.5275767752,7.89467787723
39.6655818092,8.23434085388
40.0626837721,5.83004518078
40.3739633161,5.16277743504
40.0732431304,6.57909992741
39.5239030916,8.40462231671
40.4470337039,7.24506221774
40.7113323855,8.05623708245
39.559510461,7.96309909143
40.4143498022,7.52081360941
40.3614047468,9.27935714587
39.7934795289,7.5613321818
40.4614600136,7.61879480019
40.7015940442,9.71715361327
40.616978646,7.03776774361
40.0349508998,8.89935970133
40.2682625234,9.60297166882
39.6795651091,5.83580422212
40.8303988244,6.91224549233
40.7301583379,7.29811407036
39.8322454154,6.81282506316
39.8959476851,8.37754593393
39.8020007939,8.43658411147
39.8439255737,8.94787322057
40.3211554575,8.96483370257
39.722174539,7.4750564543
39.8672180117,7.49394802774
39.6311917111,8.54809916782
40.5210710667,9.31897914862
40.6439047507,5.89684534513
40.6615520529,8.662008945
40.3573635415,9.09770357227
40.4190250538,8.56424489748
40.7681576751,5.03486209317
39.7769659417,7.14447717886
40.0751922354,9.13250787154
39.8107584246,8.27780154315
40.4451743081,9.26652907321
39.9521866364,6.15237478573
40.5687976059,5.51426068299
40.1667823354,7.69717739192
39.5470499608,7.80412064184
39.6937879841,5.69925973751
40.073939267,7.20774918452
40.7690553875,7.9974941317
40.3456630061,5.55336833742
39.6888615243,9.75320959942
39.5468321892,6.65781428769
40.5795722335,7.91411305189
40.5652534785,9.05970450624
40.7006445592,7.68198040469
40.6787504639,9.45418014362
39.771283707,6.66949190023
39.8780252793,5.12192526229
39.8883436993,8.28967269924
40.4565495751,8.74643723865
39.4824954057,7.94788020387
40.1232335359,6.23415945641
40.1121287667,6.83019570793
39.8505117201,9.99504998064
39.5591215049,5.83203290012
39.9798488219,5.13881694329
39.5216508541,9.23912332372
40.3299598148,6.71070881823
39.6177351089,9.28852323086
40.195287118,9.60894210312
39.5861964244,9.04955233359
41.6875164448,7.90785394519
41.8430736158,9.31201318397
41.419928282,8.74328255306
41.2095585195,7.42106232764
42.1468261541,5.65318533862
41.5446634377,8.15536486187
40.9992668475,8.77194898635
41.0465386966,9.16596265153
41.2621769842,6.8437704046
41.9079080075,7.33742960636
42.11871813,9.16929706289
41.4424694336,6.60091925646
41.519246475,9.78325259375
40.9585995227,5.34891102295
41.674330368,6.75213375528
41.205018572,9.23435244418
40.8681809691,6.38727719989
41.8799336465,5.65761038669
41.8631255251,9.60688285351
40.9165056908,9.9181126977
40.8988962055,5.93479989739
41.1840367011,6.52325083825
41.3324303817,8.16008238575
42.0082864333,7.56474256769
41.6055388843,5.9804508924
40.9053888444,6.07248937236
42.0342639684,7.79052048517
41.3509149824,7.53887976958
41.6971605544,9.03605878402
41.9631965054,5.95664367962
41.5150052168,5.06034694037
42.130713493,5.50311819148
40.8748738208,8.91994794125
41.9797671232,5.65027526756
41.5783031435,7.81865508888
41.7729406631,9.85745221492
41.5808884847,6.30557975245
40.8201058835,6.17857171613
41.8571979613,7.51146640371
41.9207236893,6.02593669032
41.7214798291,6.81428153031
41.1346041788,6.63620934623
41.0896948533,8.89207390106
41.2518718122,5.10214960749
41.2163815902,8.120458758
41.706874807,6.42913408465
41.9688398863,7.29712129517
40.9093389377,6.90231585921
41.8117769667,8.99977170353
42.0042253762,8.52665744489
41.3090130666,9.62766637644
40.7903628444,8.07320050565
42.0393480485,6.46009848567
41.2791433823,9.54107024073
41.3447206065,9.34354504197
41.8147066109,5.42813690966
41.2972896825,8.90284063079
41.4752166316,9.37385933779
41.4519531083,5.47175315649
41.9025547694,8.80973725435
40.8627088177,6.82393460977
40.9578610806,6.00562768069
41.702854537,5.43545084726
41.1979815956,9.76878934953
40.8469404164,6.65972646994
41.6674435784,5.90782566715
40.9816271609,6.83293590419
41.9681920256,9.01616232282
40.8828336455,6.98515696371
41.1637766704,8.36587774396
41.14235878,9.66074557134
41.0069153241,5.61888852768
41.9963922279,6.5487731228
41.3219529734,9.18392027331
41.8380520087,9.65612360944
41.6853865969,7.21693297689
41.6980520374,7.3253613273
41.873047589,8.21076434489
41.9900414921,5.73298435362
40.8396799953,7.08579870233
41.1775135953,7.8672759764
41.2525023617,8.68029275439
40.7617326084,5.53632615591
41.9361254207,7.63658123794
41.3741953956,8.58196593981
41.9458794517,5.32161510939
40.8329772257,9.17345128373
41.2614442299,7.69515472576
41.1514139264,9.32877368875
41.6169489148,5.04306959171
41.650665314,7.72781621354
40.9699017138,8.94402671181
41.3079275472,5.42901242427
41.6170743912,8.46376393398
42.0463842484,5.41988527424
40.7869537276,5.3447267866
41.8545370339,5.34479777443
40.8251310861,9.9496298847
41.4389133552,8.16319736265
41.5954181953,9.50367824352
41.5848922657,9.97327534872
41.891890745,5.03797215397
41.348004611,6.21948998757
41.8267853478,6.18588762217
41.388647358,9.9923503991
41.3906219568,5.946136378
41.2289902617,9.1208770968
41.0836528677,5.65556840414
41.4511018701,7.84512797481
41.0743983092,6.00109544472
41.9271313292,8.41013022032
41.2929566233,9.93771195079
41.3151078331,5.11877564957
42.0336922468,9.58211352495
41.6309577196,5.23857995986
40.8068006889,6.31689728069
41.2499303249,7.59881091495
41.9019166691,7.72544488401
41.2159944669,6.33712467323
41.3295087631,9.09645043785
41.8455438756,9.74196916309
40.8877269077,5.40664283078
41.6928050252,8.41872248372
41.5676980034,9.34551250892
41.5075999745,7.54877618618
41.6922972363,6.52736794622
42.0014132726,9.47407306431
41.4974049431,5.97979618686
42.0507193675,5.91487818872
41.7565281423,9.66120464609
42.0927798471,8.58140915813
42.0841269327,7.71489801988
41.2309044598,5.41591423801
40.7750608607,9.45509732841
41.8473225621,6.76763937101
41.9266767007,5.13510077084
40.8490727156,8.4407535737
41.1235054114,9.11689373951
41.1631558679,9.44126997677
41.2299850153,6.94942631638
41.2674305231,5.51534140465
41.7859524227,7.37380186506
42.0420020015,5.32348027224
41.3705553602,8.93408191431
41.9741757068,7.37967514092
41.3848145653,7.45972494799
40.8869832334,5.8597478924
40.750702818,6.09996199229
40.8799316387,5.20632149445
40.9486198009,9.22502678239
41.1810161587,6.81800135268
41.7173382041,8.73566875082
41.2355180898,7.16316015065
41.845724851,8.94728010176
40.9064606364,7.73089819556
41.4232430856,6.13896464157
41.2402501075,9.33289344833
42.1156143872,9.24829415555
41.7689629922,6.36456672177
41.0612961552,8.60725365994
41.0176820124,5.85101122167
41.4342264348,7.71136581168
41.0702747303,5.05083980132
41.6188013047,9.72524500087
41.7904980769,7.57159909169
41.4807578915,7.63786674031
42.0218848605,7.94644108767
40.8838991631,8.98186526159
41.9342179795,8.48727394359
41.1500308349,8.44651422166
41.5033974136,8.47364013622
41.4095982529,5.79864438585
40.721888552,5.72257464711
41.260640861,5.15663766165
41.6078227495,6.37524952363
40.8626680696,9.2951868322
40.8702305216,6.74058753538
41.9945020539,6.06892496955
41.9019796188,7.44002365624
41.1296799699,9.54909741985
41.5636121333,6.83701549516
41.2492169039,8.20625199968
41.9759910148,8.77263693484
41.7209696367,7.11805673964
41.1975781921,7.24795743988
41.0557186218,6.53896801574
41.9326977538,9.94168809629
41.0950111541,6.84244572499
41.5539892323,5.21985728601
41.6020221032,9.6343980991
41.185347845,8.74300916604
41.7175809872,7.02744958136
41.7120513091,5.05251251395
42.16013518,8.59981868395
41.5750113864,9.87855513823
41.6493737727,5.81294511179
41.4426829709,8.37799240216
41.2232081312,8.01739246187
41.1122103297,7.80107609429
41.6361097634,9.91693368705
42.0047628305,7.87751878764
41.8119145848,8.7391218377
41.9859007363,5.5650520141
41.3642470769,8.84175384903
41.0815728815,7.69522282259
41.164313392,5.72402175674
41.0835774494,8.38682341598
41.6253633635,7.26209341165
41.5672267378,7.62880734491
42.1523388716,9.52619896232
41.9030079929,6.10619249562
41.9833216387,5.3896200254
41.0139418038,7.38958560722
41.3385306189,8.67339561344
40.8603197176,9.39382874775
41.012243053,8.12559710622
42.1007671147,5.2675123334
42.104721896,5.85109683473
41.2411938388,7.79611072053
40.997435674,7.68776335461
41.5101588354,9.66274289305
41.890847549,8.00202709314
41.1649887453,8.63546799652
42.1353165715,5.36046297763
41.2113890517,9.51536130291
41.0825190313,9.39288324467
41.2851212285,5.87715422647
40.8175545895,9.87304017001
41.6271400385,8.07520713619
42.0250052852,9.88094808104
42.1105984523,5.18713639055
41.1110969628,7.17029375686
41.3182599287,6.32047404081
41.6598009862,8.97684194698
41.5441302799,8.90758463618
41.8548389096,6.68220370948
42.0385651993,6.14179522269
41.4856460246,7.30290071058
41.5677885391,7.71648434273
40.9375090841,9.56866515349
41.6830694273,9.44945441083
41.2102069361,9.88476425264
40.9892028049,6.09381539028
41.3060693185,5.04108087718
41.8151307726,5.8824746882
41.8092433476,5.04498594325
42.0565071344,8.9897096671
40.803206809,8.59409221362
40.8980062135,7.4161730127
41.5091286036,5.54923540423
41.1474477242,8.94832307271
41.9591792092,9.78363232591
41.8366265901,5.11230206601
41.5442130543,9.05634078246
41.3834837105,9.26027217366
41.5915567426,9.41634781215
41.3593255517,5.72236082113
41.9057931854,8.98946613326
40.7946688988,6.25189693214
41.670111314,9.6602751741
41.4595608959,6.93551744262
41.0648203248,8.17657169132
41.0050943847,9.84767320182
41.7463732988,6.28728728254
41.9258850848,7.83879991222
41.9132854702,9.13590058708
42.1458012883,8.18524804471
42.1017572377,9.41184138847
40.8027318253,5.62314875349
42.0429044829,6.39861312328
40.8320258022,8.99871419631
42.0448556038,8.79375010056
40.9816140126,9.98427445396
40.9810075795,8.22401542594
40.9682281785,9.77948048671
40.8501799499,6.55077126005
41.7757706159,5.50312244149
41.6732873606,8.31393000716
40.942433284,7.94429145074
41.522885978,7.24366487571
41.6043438235,9.23740131021
40.943875236,6.33021248576
41.4705395822,5.16188317106
40.945664505,7.31175303003
41.0842973108,8.49275401584
41.6830308576,9.56623244523
41.7294446244,8.0584910584
41.3175718694,7.33034164584
40.9205586873,8.84303527374
41.4355591042,7.21459625048
41.2912060817,9.27622280794
41.1070496611,6.94588209966
40.9018033428,7.5161316857
41.7403911891,5.91957740511
42.092699172,5.58641342357
40.8260880714,5.96501530538
41.6318122346,6.58080139224
40.9251711032,7.15234058711
41.7298756933,8.26977978516
41.1271968201,9.1940905703
41.2458957934,8.32139853221
40.8909662574,8.53716031827
41.9656150506,6.17739425189
40.8740707475,8.27176138616
41.4602449164,8.63858589313
40.8985954017,9.75211917914
41.6192087008,5.33028051678
42.0612088883,5.50597994127
41.2139917266,9.97628943632
41.5928705211,8.98181749797
42.0542910021,9.30821240896
41.718560381,8.80463632135
41.2914676591,8.03652140869
42.0516260021,6.65322431857
41.4884314483,5.37643696058
41.9020938242,6.96357095078
40.8929174285,5.29751538395
41.3072307272,6.52806711393
41.676796514,6.60620924003
42.0548962834,8.1844292922
42.0345662989,5.0293232851
41.1848287869,5.30094838183
41.6919050515,6.67183486018
41.3788571195,5.38411865947
41.2220480211,6.66222639901
41.7429087039,9.76049265809
41.3059153734,8.49923463928
41.9951538075,6.26940789613
41.3582236993,7.66152579787
40.9635621409,5.05599747309
41.8421112454,6.41860095445
41.0586686095,9.26881391195
41.834237055,9.92655457476
42.0344450147,8.36943060622
41.3676241419,9.68904889353
41.7472246086,7.96559766456
41.8940090269,9.2297738566
41.0613950839,8.94081813444
41.4260615973,5.61840862048
41.6389232083,8.67863741378
42.092555367,7.46628194602
41.4318748415,9.09992528342
40.8867379318,5.69558902917
41.5791306633,6.61828752747
40.8592345493,9.81785672684
41.9932525578,6.72821583719
41.1253075838,8.13055174976
41.7592324616,9.95439968491
42.0872817307,9.97844311022
40.9533058847,7.60286949428
41.4443024711,8.88556317162
41.0323669863,5.1467391679
41.3539549724,5.55663969034
41.2092059525,5.93795515701
41.0084500352,6.3441703941
41.8363304124,9.45785860333
40.8740777285,9.12844749947
42.0218483173,9.20500280897
41.5748653438,5.77610980844
41.1093155459,7.46110658215
41.0480689478,5.34357893099
41.9997473701,6.90458724015
41.1655128397,5.83778144017
41.2836673695,5.32159244398
40.9685202181,7.22713750341
41.1746808163,6.42559072172
41.1254992597,5.94263923339
41.5697189948,7.33302892113
41.8073256495,7.03259761661
42.106487468,7.63374048757
40.8198746766,5.9017079331
41.9257386917,9.4497313263
40.8217376115,5.25437834137
40.8419580086,6.10854363144
42.0164521196,8.27530439818
41.7405158728,6.97446668642
41.0702679779,6.69275275752
41.9041380461,7.56789055544
41.8253249661,7.28119203205
41.0237917466,5.93740846079
41.2721196635,8.5953295016
41.7734782546,5.67501185928
41.6591102443,6.98272476307
41.350655293,7.85844209918
41.3111370398,6.90929563017
41.3711956314,7.1346581238
41.3635032866,6.9695139946
41.4746851386,6.81839411892
41.4119144132,8.48567685486
41.4803285093,6.52225871228
41.9810141948,8.03580981381
41.3173259828,5.62461444587
41.1353621241,9.94390457283
40.949141245,6.60554671493
41.1552073972,5.48023133354
41.938386599,7.50654645085
41.6586443778,7.64064021769
40.7589457071,6.60011207249
41.7542869172,7.8801306581
41.5284353083,8.71295970642
40.8477895495,9.56198181186
41.9278704094,8.70416936107
40.9882528906,8.33444412857
41.6274335598,7.06791461852
41.8155556499,6.29039693946
41.7868125964,6.84442226422
41.5373837216,7.45849057429
41.5221647392,8.03176971598
41.7969206084,9.56377003479
40.8921409038,6.14923490323
40.7243121902,6.45871389818
41.9676415826,5.03778532786
41.5839781252,7.92392352516
41.3682714267,9.57392437009
41.7055364597,5.74662505275
42.0183998343,5.13871157847
41.0023969988,9.92414007302
41.1078738632,9.84859711047
40.9921396104,6.95827839104
41.5955127699,7.18514284412
41.921566127,7.22979971073
41.4771559518,7.37400003873
42.0187747486,8.71781197554
42.0113796475,5.23007440773
41.9183393411,9.54313411861
41.0559190995,5.44866899398
41.166119493,7.05598718616
41.2528595483,7.35284114933
41.9509452811,8.33170942868
41.726184618,5.84211953598
42.119249834,5.75599829247
41.4256713667,5.26850303195
41.0421012095,7.06930282144
41.2800671292,9.42469419324
41.3030015339,6.66529962435
41.7276966958,7.71892348878
41.5308125691,5.29750154864
41.0564844875,9.03558926179
41.5012788918,7.78824493961
40.9148102375,8.12326163131
40.9663497797,6.18246879699
41.6629469646,9.82409233665
41.9383684464,9.65956166471
41.0801008239,8.00050180914
41.1121099149,6.45567893401
41.2554036796,5.76801025191
41.29723444,9.72225010566
41.7104420261,5.99916237777
40.9788107586,5.68854085641
41.6880324069,6.32796222343
41.7281837212,9.15776601654
41.0161061259,7.7631026141
41.8429977949,8.46201627921
41.3084411076,9.83058846665
41.7795654638,5.58604628487
41.3382556563,7.76195299483
40.9256761327,9.82679844562
40.7937337935,8.50800095068
41.4776466024,5.7390458556
41.812290502,8.01706857623
41.5043917461,7.17489827457
41.5098505525,8.25745920563
41.0390944317,6.63916694404
40.8457743829,5.51191403472
41.8257094288,5.2610072538
42.0666506537,7.32529305342
41.987592043,8.1279190859
41.8050476015,6.92450606971
41.7878841719,6.49370885599
42.0689399967,6.32709733846
41.2092234399,7.93004381502
41.5749387857,6.52843262767
40.9102262552,8.74949802662
41.9772081173,6.80595365173
41.1749739994,7.53872782572
41.0186934692,9.3518994599
41.2498065871,6.59833921126
41.4005817919,5.0542500818
41.055867718,6.76770069948
41.7735146578,9.08699458709
41.8060003672,8.08991799505
41.8529482765,7.37450623061
40.939732045,5.14940035729
41.9953652443,6.35290493888
41.1397782658,7.25564360127
41.1135965073,6.16060722053
41.2991589558,7.43143428599
41.4846161364,7.72352689487
42.0508831202,9.70613381974
41.8378535722,7.91784131972
41.1839035051,8.31120470833
42.0321978635,5.99492647731
42.1485572226,9.72585636412
40.9911960814,6.26953785097
41.0624727571,9.92211605223
41.2713886226,5.68707411655
41.7624350041,7.20390006956
41.148886378,8.22243855045
41.7531321318,9.28953230421
41.8409339597,5.18407214741
41.7782736641,6.60998298804
40.9630077341,9.67623199276
41.29194676,7.05314564816
41.7898037214,5.96390834536
41.2333537112,8.41229548286
40.9844578353,6.71442809192
42.1035069948,9.03225501315
41.1550122247,7.70875436661
40.9423782842,5.79035892244
41.2168755576,9.59623935385
41.545833461,6.43724087803
42.1320296511,6.12283578783
41.2568428584,6.43966932993
41.45758802,7.13572874015
41.2184019862,7.48322339253
42.0550100959,7.11377774581
42.0488115107,8.09745874554
41.1662925081,6.88307575579
41.9474433904,9.2939929322
41.5162909355,6.58777627297
42.0745516403,6.51193466447
41.6012437137,8.8016408769
40.9770801128,8.44702087187
41.45649482,8.98187075553
41.365605919,6.61068446288
41.8591144401,9.0516755371
41.1957013898,8.52379331047
41.9087400346,6.24690286367
41.7513813923,9.4972793235
41.6991810303,9.22409321743
41.3613990337,9.01881926196
41.8599635185,7.63630926776
41.6528257762,8.3719017487
41.3965192214,8.04853626096
41.0390981683,7.86968472352
41.9849976222,8.84746466551
41.5279767187,9.16672358053
42.0681447604,6.08988028072
41.7226245822,6.11997534826
41.4440216004,7.4418789624
42.0306574384,5.81994310684
42.0261029603,9.08005969764
40.9387409804,9.34076049591
40.8140012506,5.71442336937
41.4297873657,9.63722203231
41.560296768,8.35787047783
41.2587963828,6.25360074701
41.7116508229,6.21260704967
41.6805192629,8.88881444407
41.5051006642,6.342086821
40.9203913695,6.76507113613
41.6615287348,9.33530509465
42.1236280908,8.28245698511
41.289129488,8.76731145039
41.0450336705,9.62860388785
41.2703160976,7.51485165637
41.0791354634,6.0773387981
41.4995374667,6.69203301946
41.1644569591,9.0402461107
41.8048449116,7.69156283898
40.818915474,8.14771989993
41.9997750758,7.01559443354
40.960700183,9.10592961082
41.3881750409,6.55145394356
40.8655298508,9.49055517642
42.0052888925,5.08911696329
41.6027886525,5.43004147178
42.0817892266,9.79763227887
41.9101408375,9.3816890907
41.8830922882,6.54228685351
41.0238818454,6.02065307949
41.8018757376,7.79740869485
41.4151336523,5.5291376
41.4042660311,6.31477382756
41.7390769303,8.96851988309
41.6148828548,5.7096005943
41.6338137075,7.41434696548
41.0532080594,7.28045263981
41.3619923443,8.42983536769
41.6435274393,5.14706706165
40.9229781407,9.02565995158
41.2232523633,5.61923851306
40.9141010435,6.48026932352
41.8681499368,8.34970678612
41.4324993119,9.72437730142
41.4434381053,9.19856261655
41.5564083094,6.99190272463
41.0393205874,6.15119945002
41.9256933454,5.85315501504
41.8777920816,9.85589173838
41.750421769,7.64820713843
41.5580256025,6.24770149123
41.439861102,7.04628709711
41.494855135,8.81829043847
41.0078152138,7.1571500679
40.9855638724,5.40841704032
40.8904521147,8.65540865414
41.3299140803,7.23558648384
40.859841218,9.65784415237
41.4985422469,9.99593820425
40.8302264061,6.03485282844
41.1612468627,5.12160333216
42.1186592568,8.11460544866
41.0658986957,8.28787209063
41.8051634947,8.16848992178
41.8749979883,5.52650661287
40.9989365501,6.43201637255
41.4704221962,9.89923017951
41.1414954175,7.61858189297
41.7880403296,8.55259278807
41.4096417214,6.49230719985
41.3216786255,5.21000420507
41.2182621106,5.22058562769
41.7098709716,5.53684413109
41.3849117441,7.94789990714
41.0347424832,9.54398437522
41.6136718118,8.25476428092
41.1054204604,5.23761780438
42.0117329118,7.6806527841
41.1585360846,7.98045412295
41.4035737005,8.26163015556
41.0974470123,6.36360136012
41.3889497407,7.39671889698
41.9976007588,9.37681005047
40.8886855767,6.25542368768
41.9569345222,7.14199947723
41.4670258801,6.23479890971
40.9609920044,5.88215925245
40.8543361427,5.05326578964
41.1022734726,8.81154729498
41.0761093715,8.08131868434
41.7090334474,6.90189475739
41.0694565202,9.47125829195
41.666860878,7.9891380607
42.2038372192,8.63927988352
41.7655268472,8.3712879096
41.1376274444,6.74574310097
41.1134513325,7.91389400614
41.4002422767,6.67280869208
41.2909361076,5.99135865713
41.9860616855,8.9426490844
42.1074565584,8.67956531625
41.2336115438,9.67335940079
41.9393377964,6.6409454691
41.8160993395,5.76957213214
41.6430191846,6.07948881861
40.6976532129,5.61901270151
41.8965803897,8.58089951896
40.9845791362,8.03216020499
41.7973474755,7.48545222371
41.6232694609,7.48713222598
41.6832918887,8.56385319877
41.8816013382,6.84799998111
40.9218437647,5.59631612656
41.3663773526,5.47971816851
41.2977616764,7.95743333548
41.6133696472,5.5252492174
41.4997821576,9.28040486326
41.1307959176,6.25587866422
41.6312666619,9.03764769843
41.4701207204,7.93250424346
41.4064183729,7.31220774389
41.2216204714,6.16458600339
41.6085469338,6.69701075674
42.1953652609,9.22188125702
41.0223393649,8.86093213711
41.6933084543,9.711547564
41.5341994834,6.18864129522
41.9951990344,8.44701152467
41.8219714557,7.42662482664
41.2559643787,8.99635599155
41.5497085806,5.64811503254
41.4174120278,7.77871888342
41.7666377839,5.34864622807
41.4187883506,9.80484519595
40.7918828225,9.75424108462
41.5283117252,9.57391389822
41.160999895,7.34374351869
40.9666076165,6.52219118837
40.7988552713,6.46772204527
41.6974161677,9.91041372573
41.3796943445,5.85439585027
41.2392813889,6.74378778036
41.0500598473,5.54956363923
41.8030558945,6.06444135838
40.7527527086,5.45161776951
41.3804085378,6.87647933811
41.8021670576,8.63676274597
40.7549530841,6.38216236805
41.8956433153,8.11459633496
41.5890086157,7.5563523254
41.9400163014,7.9370700113
41.9145832545,6.74321219805
41.0212750132,7.94330760339
40.9615597242,5.49108532623
40.7416412045,6.5190154383
41.9545895283,8.20442013797
41.2681409994,7.88414334229
41.613597211,6.91473116196
40.8181354461,5.80465437837
41.4346218607,9.54581650491
41.6427697461,9.1313073059
41.1402304958,5.57623038615
40.9660214986,9.44451583306
41.2253584496,5.03964187092
41.9827472018,5.4735226201
42.0580348975,5.66688674176
41.421216885,6.0466456146
41.904117221,8.2714790139
41.9108143662,5.75728641257
42.0070276827,8.62498757578
41.0633466379,5.7690270171
41.0501161486,6.21767906257
41.0815985666,8.70603554221
41.0644297701,7.56218147935
41.8225504888,8.27208986522
41.6108166816,6.17749620785
41.3559837321,9.50114063279
41.2521739951,7.28678049094
41.9493761783,6.43828194741
41.3848061925,5.14417546569
41.3665495119,9.7564058954
41.7620296273,5.14642965273
41.4708053076,8.10172689952
41.8049913884,9.20254406135
41.5123394418,7.86049302315
41.0155968634,8.53773267709
41.7194098339,5.25384264949
41.6303836206,6.45903405891
41.5413669623,6.89644020181
41.6739254284,5.63418061137
41.2996853855,8.25731197023
41.6870419187,7.53342632813
41.4797879131,5.86119048759
40.9938529322,8.67673431283
41.5902623892,5.86812121944
41.1467644802,5.37741740407
41.7393546552,8.6728231486
41.420080178,9.33529763871
41.2303062856,8.26445711969
41.3901311967,9.86318607669
41.5365988082,7.10071006608
40.9015272767,8.36700190523
41.1192866558,8.55866728258
41.6376448576,6.83296314976
41.4631304501,6.43613592516
42.0887307295,8.49247672784
40.8150016526,8.74376050741
41.0540829711,9.7421249444
40.868273721,8.01241876382
41.5683029791,6.77180172696
41.9140341209,7.06483814291
41.8000976042,8.86686030929
41.36101568,6.41201062642
41.4008336888,9.41648143321
41.6961359688,8.16674218809
40.9466389003,7.84574933982
40.9849717879,5.24444423079
41.7371617805,8.4742410371
41.678512187,7.80810743041
41.7276534221,7.43941283872
40.9895197798,7.49563576338
41.9080520147,5.23900649626
41.5342994072,5.46521409898
41.1466250564,8.04988462566
41.9887052459,7.46198873465
41.6323590432,6.26566436964
41.8464631957,7.15152450609
41.8702055025,5.96297160376
41.199113725,7.67310588508
41.901226875,8.90417857859
41.9122136728,5.41794656731
41.7704241057,6.73263188228
41.5261955889,6.09664546127
41.1849381123,6.03948033016
40.9713670858,8.5977489644
41.4995889007,9.46417373695
41.8598474495,8.66356503998
41.2118498166,8.85193254081
41.664451438,9.96683031478
40.9388005897,7.06122461149
41.3264741574,8.34816771333
41.8968885873,6.3368940845
41.5577920789,8.57652494384
41.3271411037,6.0967757487
41.4578282455,8.5499675597
41.3540103243,6.76834912847
40.8038743059,5.14774349938
41.0366886326,7.63236091872
41.4440811966,7.51404723035
40.7268166886,8.53660562311
41.7644743965,9.37470693861
42.6265654587,9.58487331104
42.9551473252,8.43067294582
43.1629379802,7.00928343858
43.315333125,9.75408122172
42.9373865342,8.02036142029
42.5950209261,8.88742065326
42.2123541218,9.31488117541
43.2836482108,9.66237381856
43.1835753382,9.88175568711
43.0516921747,8.46144026869
43.1482458547,6.82531258905
43.3318209226,7.88729353652
43.326391873,5.28564261929
42.2148020518,8.73022955329
42.8139085435,7.35043910418
42.6428512504,8.99154206719
42.8580052081,9.32763178477
42.5107895065,6.955844166
43.2911755722,6.43338483745
43.1200164126,8.94921207102
42.853385114,9.78982165289
42.6243211221,7.72596335121
43.365220625,5.37903880049
42.6017068214,9.74875697941
42.8979797527,5.7916924482
42.2381543681,5.61659036476
42.4670274073,5.95277239107
42.9454000926,9.95343587754
42.6192887481,7.96187498202
42.4841691579,9.45227999264
42.996565124,7.82453506977
42.7990570951,6.28815870887
42.3316508862,6.16714089587
42.7470153078,8.72833290728
42.7741680936,6.75718540508
42.4806401187,5.33850947553
43.0807075871,7.60366479952
42.6139476735,5.97558006004
42.4915499654,6.4270377691
43.0148707801,9.07223929012
42.2080090094,7.78377304773
43.1740450749,5.37876241182
42.2409492432,6.87038940692
42.1521704589,6.54515111527
42.4743463373,9.19649129891
43.0243585361,6.02875084924
42.5807537438,7.24931166105
43.3495098748,9.07157288308
42.9734554747,9.32176971202
43.156357769,8.85220574556
42.6236814467,6.51486482368
43.2634700865,9.22473147366
42.7496726953,9.33778487912
42.2067881033,7.64095847848
42.280659746,5.53071820819
42.4773404362,7.07526792887
42.9948121956,8.36277083483
42.9629228171,6.5042386088
42.2047909128,6.79342044756
43.0678553014,6.53125619561
42.6803918508,7.17373032708
43.0174931303,8.55780021296
42.313845918,7.42654505753
43.1627946856,6.08859661009
43.0796735211,5.04612847305
42.333906229,5.1582609495
43.3719906631,5.15386707279
43.2754088797,8.82807364438
43.2630815787,6.67965221246
42.8771014185,9.14087269444
43.0104641559,6.18802169704
43.2820641748,7.77049355099
43.2762431094,8.1569103367
42.3088812346,5.44954757396
43.445649098,9.75264975525
43.3901575762,7.00171031123
43.1821821744,8.96932257668
42.5667683455,5.49041307233
42.4469115387,8.92975436399
42.5043047367,5.6797243384
42.4225101612,8.56306722957
42.3798015539,8.84928406221
43.3176829191,8.59217725656
42.2475538339,5.0651424937
43.1131031775,8.2501471194
43.1321992429,9.95885053429
42.1911367873,6.2483644919
43.1037108868,6.30900596453
43.119405502,9.09910637556
42.7088387648,5.06444930381
42.5297864662,8.4523294799
42.2834208899,8.33831623382
42.1932658954,5.25186424466
43.2437136259,8.92893276907
42.3317981532,9.36965515564
42.5322802219,8.2886392285
42.5045326084,7.1763194009
42.5783883517,7.52825010339
42.587798755,5.59258986531
42.3604899922,9.75523374687
42.8533862624,6.66085940394
42.5097376436,6.61903826731
42.5768039568,7.03426696707
43.3443857449,5.20529190995
42.2699606573,6.08404101593
43.2379893716,7.14533874483
42.6065839868,8.1415289264
42.1509522374,7.11848832202
42.6162779366,5.24825747101
42.2941094717,8.18988610587
42.2148117887,6.00240911626
42.8748332618,7.95511602395
42.8951582,7.86407140225
42.4592052736,6.28779751359
42.4225911349,6.22827621946
42.1004942622,8.01457942278
42.4528167625,9.00199455113
43.4442629055,7.74094524978
42.2429800278,9.76372870497
42.017855549,7.21949490308
42.2507702376,6.68658997869
43.2179762681,7.60201326186
42.1288297689,9.88009904771
43.3721854552,5.08557009002
43.0259771527,7.9202824496
42.2843380522,6.39220595109
42.335843272,7.50416224452
43.4513527661,6.0906857274
42.3767319755,5.32466060141
42.2676885792,7.46270412174
42.3875050657,7.56888744856
43.3608156304,6.49797085673
42.2186697257,9.59947035264
42.8433520166,6.04051141618
43.250180569,6.88046192388
42.788704947,7.86157672691
43.065654536,7.75303954361
43.4477524271,6.43946275874
42.5935288772,8.59539916307
42.8721810089,6.35088656242
42.6804788688,8.86408329669
42.6552575751,6.93091602814
42.3466913445,9.54895604344
42.8183498267,8.16284319605
43.1243310721,6.93265850616
43.2103022703,7.86767347496
42.7361807452,9.0346464504
42.8428008453,5.44003123515
42.4575541803,6.72006257007
42.8378956203,9.23442045048
42.4417400185,8.24369003758
43.3655943882,9.59580301701
42.3162273118,7.63662304404
42.837417789,9.86230579991
43.1806968471,5.46168480924
43.1946020238,9.71256304634
42.598740907,5.34363318113
42.8988738031,7.38827867391
42.446015187,5.75885170916
42.1908580333,6.35504310109
42.6752951808,8.78794892895
42.9434016286,6.40679702662
43.3498437907,5.45529119305
42.139561513,7.38390543025
43.0201534392,9.77933622203
42.5928972564,9.40788538895
42.7007119714,6.32624616276
43.0293690286,9.51071180055
42.1792052685,9.04270473146
42.2185553283,9.95167151283
42.8262146709,7.78830848933
43.2978536352,5.67900549151
42.5535141407,7.3628404468
42.5946481618,6.96828048146
42.2206826668,5.91789785924
43.0241156167,8.21814424302
42.8966291585,5.36210415489
42.6301996621,9.22237088138
42.3545393817,8.46162132202
42.9369527732,5.28295209387
42.3682644007,9.96596018627
43.1945481821,8.43574108793
43.2252432863,5.75395531604
42.1003627773,7.89157312713
43.0514086817,9.31692559374
42.5555425435,5.12184394385
43.0478043946,6.9297307175
42.9140444365,9.07929350847
43.3186651455,7.56090638547
42.7658059605,8.08336606556
42.2910539849,6.01910892931
43.0189987521,6.82424037471
43.1657083299,6.19719799507
43.2939230908,7.24475043026
42.9305832656,5.16109301397
43.3919529849,8.79321194819
43.2812626638,6.74786809739
43.1083534963,8.06640577999
43.1253825842,7.95050473941
42.7108532992,9.41136994443
42.7972193323,9.10341322464
42.9271555293,9.22145706122
42.4050050995,5.65709307266
42.2611095057,7.78621413417
42.4524320314,7.35586438061
42.3427385343,5.38887983466
42.9514679288,5.22785303014
42.645914352,5.80763617083
42.9484748241,8.50924736293
42.4292460261,6.92922099181
42.359694396,7.2520712312
43.0757206385,7.00282703675
43.3123285701,6.88230153211
42.4114111207,7.17279152069
42.7428417612,8.93055854235
42.2054223955,5.46276390457
42.6415017444,6.04525209015
42.7000249844,8.62251935124
42.9352348486,6.32061220715
43.333495288,5.03056387748
42.6648077999,9.78357271214
42.7546331913,6.14421940216
43.3882974073,9.34582564626
42.2309872866,7.38343318254
43.4193036768,8.87919552115
43.0996870295,9.85829071587
42.580658759,7.12755253981
43.3028019354,6.29976125794
43.2440176468,9.56664928687
42.7138032594,6.97274929352
42.9057097335,8.35356125937
42.6355524701,5.14814662981
42.319365993,8.63414728549
42.9159092617,8.93948230745
43.3133258553,5.92308929393
42.4234179544,6.99159479493
42.8511312534,8.71351486869
42.5707453097,9.05493086949
43.0280533763,5.6704439655
43.0524101255,7.99437983384
42.6029361537,6.36939168058
43.2555211279,8.49225721547
42.6650587974,8.38432288442
42.414971365,9.37747900939
42.2355414582,8.3908663608
42.8504776175,7.0980669097
43.2251699621,8.35380148959
42.9551485521,6.02859473715
42.9024098624,5.45354123788
42.2163611604,8.13882117425
43.0283879196,8.96543128571
42.4638590014,6.36090441794
42.6731289214,6.68385240037
43.030992443,9.2455295342
42.7101473595,5.72093042906
42.955844266,5.81706172855
42.8030569112,9.43534661671
43.3730935724,7.74949931479
42.2799249183,9.35058617962
43.3484225642,7.15803324734
43.2247841696,7.9979336614
43.0655905552,6.21503440562
42.6429372785,8.69935687531
43.0673769186,8.884570298
43.2459280742,5.84567719114
43.2058185422,8.08908742282
42.8744182811,5.10600885521
43.0338023483,8.65614819523
43.2573148443,5.18438825741
43.1556134597,9.01562050004
42.677460554,7.87943779162
42.1132381559,6.02416140171
42.2232674156,5.16256227252
43.0166023432,7.07365998993
42.841032387,9.0050797953
43.0067326527,7.67685551201
42.3713770715,5.95498148611
42.7541929429,9.90885599841
42.7527142581,7.54641779976
43.1052729976,8.56606637809
42.5063027294,8.38568552712
42.8312306555,8.36517840096
42.5156408094,8.8006398165
42.643248662,9.44781049512
42.9563545123,6.91434845486
43.3238043478,9.39857753518
42.7221629271,6.0195943016
42.1303500057,9.63282043335
42.2780733536,8.46297913902
42.3641153132,8.25519320445
42.3931145539,9.17976243712
42.6823640032,9.69118771359
42.7668021621,6.60828336791
42.3997701257,7.82449097877
42.5642383454,7.65247815895
42.5864365832,6.56640347111
43.3121202554,7.08164765748
42.9521702715,8.08231149915
42.2355542079,8.29605601104
42.0813490143,6.89285992491
43.4215248253,6.28398119174
42.7905026844,8.63006497909
43.2111517115,6.63940350672
43.0520800713,6.69342353789
43.3767790622,8.22065806213
43.0960504802,9.01698290917
43.0019748125,6.98211404084
42.8853852709,8.00552599558
42.2076994656,7.06116292803
43.3820753065,7.10531090478
42.3718906221,6.05158277886
42.2522273669,7.26246752887
42.5601909172,6.47103274901
43.4092609043,8.69967702341
42.6438238061,9.33266309279
43.267919843,6.97029132273
42.4417150069,8.76388307247
42.6219267413,8.47523463292
42.1441103791,6.7089336565
43.0268908649,6.39832468958
42.5514624334,6.01573668324
42.5403736343,5.20386383879
43.4290722035,9.91911694528
42.2485386016,9.52992211466
42.1295139306,7.80592020087
42.2964631387,8.27521976886
43.0183592209,8.05131569325
43.412718627,9.50989445234
42.2202690505,6.15705081569
43.2260498433,6.12293970189
42.7501651333,7.4757874571
43.1935208222,8.26514896832
42.4364760106,6.83997982132
42.4387245994,9.51624770962
43.4864263852,6.35151672265
42.8533546557,6.42871604308
42.6202119289,6.24669632153
42.7556705769,5.83564593994
42.5148205279,9.55213557254
42.3593306543,8.94312299301
42.9454103938,6.69665115606
42.7542053277,9.78282355841
43.3658715968,6.25524907406
42.2623642524,5.35253459001
42.7306408523,7.38672917949
42.8845965619,9.59485639731
42.2801517713,7.05685089771
42.4341002425,7.74598509151
42.5709782528,5.90249872453
42.6107911943,6.85761057239
43.296334959,6.18599289161
42.5936429278,7.81342839825
42.2623652798,8.83427189741
43.1925523071,9.32225419605
42.1302031836,9.31854200473
42.3936095572,9.01397227984
42.7437932095,8.2755913753
42.9268535918,9.75587393466
42.40900582,9.46815827616
43.0168951332,5.37022191653
43.1874577592,6.47762942699
42.9723361863,5.93432093273
42.1647144931,7.31299290861
42.7107782338,9.26767492661
43.2192450006,8.6257436268
42.8870141296,7.61409470909
43.3869321849,7.81466107483
43.1340076055,9.40982469625
42.1448236521,5.92999038366
42.2393151494,7.54437660381
43.3363485419,5.78936475523
42.8625571289,9.9581093801
43.2076865955,7.33186574254
43.2260959013,6.27434237306
43.3305768338,9.95158463326
42.4581542216,8.10130351004
42.9523815074,7.1750506297
42.2085474009,8.22838269589
42.8462742349,6.90326008
43.2249721715,9.02135554785
42.6571759437,5.53643889898
43.1903174174,8.55466965036
43.1369489176,7.42580947965
42.4036118224,7.91244458713
42.6808665786,7.44815026565
42.5017363987,5.05562773647
43.117545531,9.76978416031
43.3755567971,9.23609235553
42.7335223707,7.76064294344
42.8944325968,9.49569241582
42.5740165364,8.00509208699
42.3404408988,9.4418738281
43.2399514716,9.78776579021
43.0049150702,6.33007162347
43.0868806597,5.61464796527
43.2817199346,9.85866642479
42.7631282112,6.67084846524
42.5357150247,8.07063158938
42.9702878775,5.06487731144
42.1292466569,8.78958535619
42.5932140069,6.63353441067
43.3475637683,8.91098495999
43.3215362571,5.59447198658
43.1098823493,8.74459082761
42.3279074344,5.25633195774
42.7728274701,9.61612823602
43.3248242387,7.99291402586
42.7778750816,9.26297241957
42.3314398973,8.75111722128
42.0789304163,6.57148629167
43.1851767596,8.1786418485
42.5085431888,6.22426015018
42.1597781513,7.72879695888
42.7705818126,7.25432589769
42.6730061459,6.14888867311
43.4315568744,7.14587058589
42.1921591849,8.33853379643
43.0082694585,5.27165973899
43.2346013022,6.80982713105
42.3258415812,8.53228685334
43.0953340289,8.35033723941
42.4201441365,8.3392401438
42.8351277646,5.80187132554
42.3643959907,6.39236126016
42.5025842841,5.13650838294
42.6858371091,8.08630731476
42.9622923353,9.56098648221
43.3286909769,8.3052528669
42.49452529,7.57361960547
43.2093929964,6.56635826008
43.47836671,9.84202418467
42.6904654164,8.54726638678
42.543277085,5.77143901315
43.4365291892,5.47772434744
43.0625864208,9.59036777312
42.749271524,8.36057738258
43.2233096803,9.11514362354
42.3610501375,9.08853232525
42.5983841682,7.45567883119
43.3313635944,7.65713230192
42.7252479921,6.21949380479
42.1544613329,9.80152486372
43.0600908077,7.5048018168
42.4480346886,6.13812791909
42.5976837093,8.22221210374
42.8079174483,6.37462601935
43.3567156483,7.32193387901
42.9764886918,5.59622434452
42.3616112046,6.25507614443
43.3793273481,9.8326152238
42.9487332204,9.13523332598
42.9734257072,9.66487282293
43.334876206,9.48835063587
42.2882915844,6.29617808721
42.1607939216,6.89412321058
43.315844759,5.11590325604
42.3040096284,7.86625497208
42.654509698,7.635731925
43.2714940798,8.24427160945
43.4337631857,5.22913273382
43.0426313666,7.14870609658
43.0185552569,5.86188394246
42.5673582523,6.12790643465
43.0919358245,6.87383376287
42.826235867,7.52236119934
43.1036042946,9.28093594118
42.8487667102,7.19106819642
42.1215266635,9.09426655707
42.451454135,6.51360717667
42.3323436135,8.38944944215
43.4095117357,8.01394239618
42.5635004477,6.70584708878
42.7636141098,7.08702425356
42.3675576425,6.5694535631
42.8712810566,8.44286057216
42.423770366,7.50430352977
42.8047007017,5.95531632497
42.2316606968,9.42903706893
43.1324867005,7.677232424
42.2976501382,9.65901264257
43.1331794478,5.22406881443
43.0747278896,9.16780129726
42.1961103824,9.13015385506
42.5696126348,9.81409232761
42.9325188714,7.08067216961
42.5314980414,6.79083432793
42.7840248118,8.51694071156
42.5063079717,8.17405887802
42.6966616919,6.84036167304
43.455204602,8.93736397832
43.3454582175,8.13200975084
42.9062513287,6.05608961884
42.1368671682,8.40033338721
42.1674965868,5.55559326864
42.4886195538,5.57258720394
42.6701333137,7.53482205489
43.136763756,6.62090807959
43.0345991116,9.40944604533
43.1404002726,5.83349575523
42.7431166209,5.6175514642
42.2088613261,9.85505459335
42.8636233975,6.5329215337
42.724190935,5.3531972898
43.3243744754,8.70248570299
43.1741845751,7.76537968052
42.4215897948,9.85469378676
42.714849202,9.50886113572
42.6793199261,7.05295199984
42.8843257073,5.02848557318
42.5127396817,8.90103169848
42.5767177376,7.89951083036
42.5336021199,5.41254931207
42.4765788635,5.46686246273
42.6518202433,8.28981459101
42.7956957873,6.20157362061
42.7096780065,6.08480214218
43.0647439424,8.81679788114
42.7768380554,7.15429917714
42.1348018544,7.21817510198
43.0801075292,5.2629766737
42.7503706651,6.91522058369
42.5258120662,6.30995124506
42.71239537,8.18187605303
42.9312158498,9.86275297184
42.7864983656,5.15011587937
42.6512324107,5.43853238665
43.1860533202,6.93771152406
43.0983057115,7.31810511014
43.2201018286,7.69904231993
43.2862366401,8.07390791495
42.2594723127,6.22053284996
42.4141181952,9.65190219487
43.2668972366,6.50894749165
43.2336838692,9.44278361272
42.2200761041,5.71555572366
43.3610403212,8.06894307385
42.9425515792,5.50358173627
43.2198856825,8.72649999806
42.9999277361,7.58069426476
42.5313453645,8.97983667689
42.442356004,8.45116642185
42.7549832338,5.47771158153
42.8374562293,5.65899743661
42.8103138965,5.38173011929
42.9060703638,8.61299222285
42.7044215494,7.99665020166
42.8480667599,6.13343291837
43.3594684601,6.09133304741
42.7418641793,7.65254000018
42.8998150899,5.98537608483
42.8661029119,8.07957275766
42.7482247503,8.82755321529
42.8971226003,5.24335555359
43.1747657056,6.72327830101
43.0397731636,8.29076132593
43.1076442814,5.32900490902
43.3580813804,6.00686905245
42.5848104853,9.67340440764
42.334941764,9.27636314267
42.5987903999,7.58806468832
42.3366204344,5.58975305985
42.8667866967,5.1936761949
43.4270041513,6.18390350669
42.7795543905,6.84644083531
42.79062559,8.42571498097
42.2665295379,9.06543476893
42.1843526242,8.07392921271
43.132742998,9.51126293864
42.1905437058,7.46898016815
43.4167903914,5.40241059516
42.7737355508,9.70118924489
43.2429783775,7.42762892007
43.3921130011,8.99735510247
43.2138537789,6.36918822995
42.2485837239,7.71783299807
42.2902259851,5.94703472856
42.6492690557,6.45547487001
42.9649460567,6.60432113911
42.5449015669,9.25612806891
42.4090382398,5.41143654788
42.8872404831,5.87802345062
43.0110328259,6.45654662085
42.9610708368,6.12155229537
43.0720889056,6.12171368584
42.7688932283,6.54031203955
43.0272172207,9.93817829092
42.1470567954,5.03877479067
42.4191354927,8.6677252485
42.2528402852,8.95424090705
42.8570103297,5.55634414407
42.0672138871,8.8828387783
42.7758972579,6.07187292544
43.0199979866,8.12647954105
42.1983660438,8.47211824231
42.5252218383,9.35566310535
43.2707658871,5.39174625925
42.1870117068,5.84450811085
42.2198621171,7.96420435216
43.3190802285,7.42807274254
42.3637341983,6.94465617833
42.8350286375,7.92182124656
42.3907415796,8.0465825079
42.4733993682,6.04783406737
42.4922210994,9.75036430362
42.9605107694,5.43889956926
42.8165033503,5.27032250522
42.2262200828,7.15590706269
43.4283073218,7.52975078211
42.1169033597,7.00383054278
42.1950898085,7.85451106253
42.5312287858,8.69756577653
42.3321288581,7.97229147023
42.0899365296,6.21834662464
42.3385383498,7.34451987329
42.7071686887,5.23344529223
43.0739808837,7.21871094609
43.0925918407,6.77807322323
42.2325358357,8.55865596475
43.1391203847,8.42174168671
43.1344123229,5.70526148399
43.3049225634,8.99534680321
43.430252288,5.96691690877
43.3754406717,9.69103744742
42.314020838,8.89023698451
43.1554626918,8.48969071734
42.8563259268,9.69112049947
42.5704203384,9.47207928322
42.3188696058,7.12633493024
42.9784935691,6.74914360762
42.7509413719,6.44757554503
42.4709593532,8.85072262675
42.6864376457,6.56505816395
42.1969922119,6.08108781553
42.5851362314,6.91244827951
42.9444605313,8.71211298983
42.3907423777,7.69272598697
42.2054025331,9.67381860363
42.3941798817,5.85937505139
42.8112118367,8.78243591072
42.8948431722,6.78994237637
42.5848386512,8.37900563338
43.0976467537,7.84686329885
43.033207252,5.17329325149
42.9756699666,8.86081637766
43.3631624518,6.68699903786
42.2968049691,6.76605476756
43.297484908,7.36257349281
43.4306610613,9.12687031392
42.0802922756,5.09650771788
43.2307080567,7.06140814129
43.0945523785,6.03914631348
43.1775752548,9.80977686491
43.1919982751,6.88322240462
42.2916868624,9.16540079561
43.4142091741,8.46303947895
43.4133909203,8.54324174455
42.6412927553,7.38862271597
42.1312181318,6.29277753401
42.516063281,9.97797876715
42.7288968271,9.17981479239
43.176088225,7.22616355218
42.8382409154,5.72608843452
42.3322064396,6.4832053673
43.1290201764,7.55203546561
43.107024482,5.40959970319
42.9307404112,7.49567423257
43.1584828017,9.20468027057
43.2649932808,7.51162616014
42.526458778,7.74028594081
42.4837239471,7.66727784159
42.8732460437,8.52577733608
43.4507761272,7.91812011081
42.3034025456,9.86739937195
43.1599184166,5.0349021217
42.4985525793,7.96177236045
42.4496908623,9.27835442162
42.9009126639,7.00394379345
43.1476905416,9.61631212081
42.9720899021,9.46369768543
42.9455599117,9.00826493836
42.221275141,6.46478483442
43.418619896,6.0414357502
42.8873449686,7.28060321456
42.8432092645,8.26936083312
43.1464352642,5.12970160655
42.3589182239,6.78285579122
43.1066723331,6.42133850546
43.3909282914,9.42664876582
43.0403930006,5.48959201178
42.4969721143,7.84369280544
43.0011226348,6.25200909463
43.4593992371,9.45545779428
42.6238846059,8.05101999294
42.3550005096,6.70464378228
43.085754569,9.69168164693
42.3931497738,6.31805670281
43.3490249847,6.80382651299
42.3990037136,8.16342071361
42.9978146683,7.28524758546
42.6765546033,7.30861526262
42.5973271628,9.95969881414
42.5046527334,7.45649364805
42.2567647706,6.56989487358
42.3276740101,6.62846685966
43.2601740183,6.03382834032
43.204879679,5.92994113878
42.3885955859,5.50982861384
42.5083117946,8.51915798298
42.4653562198,8.04218885978
42.493772101,5.84189936698
42.8216671799,7.43173350398
42.9120126116,7.74207280671
42.6527822454,5.61344179005
43.2748994431,5.51370663652
42.9257301042,5.70732710534
42.1538730866,7.53746917675
43.3722818816,6.38252362647
42.810369373,7.99410935722
42.6052517448,5.04816030727
43.0788573576,5.94222743804
42.9250391184,8.17551289289
42.1501373667,8.53919126263
42.5524596428,9.16275015313
42.7577708529,7.93223821123
42.4335908908,9.56879222168
42.4578055696,9.94122242583
42.1722068346,8.86678637641
42.3320134165,5.75434757196
42.8162324704,7.69268969668
43.348280499,8.49888965728
42.8204496282,9.17530046179
43.0365681142,5.76176324271
43.0145849415,8.76097270221
42.0848159941,6.80398434266
42.7174339134,8.4424713324
43.3005957768,6.59066164328
42.9416213123,7.95086015286
43.132104805,5.53626117316
42.4704618436,9.08870887357
42.3148840993,5.66035016343
43.0943196398,8.1654399814
43.1273442146,7.11813703078
42.6100381597,5.68915064574
43.3450212307,7.49433393942
42.4183100587,7.63476731251
42.2847069894,5.85432584335
42.619327279,6.77938349597
43.1391600051,8.65362544605
42.1178981792,6.43876323822
43.3363005304,8.4021197989
42.8079602803,9.52803805871
42.9553170355,8.2762776514
42.9340672878,9.40614449968
42.9064485112,8.78424651988
42.3895639288,7.09689309065
42.7821684843,5.75428513746
43.014280558,7.40076781027
43.3734456397,5.70497310743
43.1019269565,9.34552921316
42.8478885404,8.86858939212
42.7911946295,7.59382203398
42.6410889987,9.10555724774
42.335947416,8.31675415708
42.5121090068,9.64776165861
42.337765992,7.75230948239
42.4262838037,6.42176920859
42.9040385777,6.23546944932
43.2818187734,9.06152393245
42.2848071431,8.07369078785
43.31289044,9.14755759619
43.0082112609,9.16459194179
42.3765575137,5.05231182058
42.2585353444,6.96417008817
42.8111163185,5.04704839257
42.4669191569,7.25816849024
42.4182014097,6.62044867135
43.3012704501,9.31785179391
42.3528940279,7.0337435304
42.688690076,5.92596286533
42.6404965194,9.86937826416
43.3803905608,8.65153988838
43.2023915975,5.61215601202
43.1982985018,5.29025504532
42.3285679492,9.01336444523
43.1865205642,7.51001096736
42.13743121,8.95813486985
42.5005889144,8.61186253593
42.5898873598,8.78446100158
42.4346083667,5.12818819648
42.3905465242,7.42720049179
43.3891607717,6.58841889139
42.9940923348,7.99783558446
42.790794407,7.00446487567
42.2439425166,5.78731855862
42.2740507893,5.22352498781
42.431574921,5.23169769816
43.231250144,9.94728157708
43.4340155374,8.11836789302
43.4077394474,8.32088808002
42.1728059215,6.62978139463
42.3151121979,7.20210895617
43.1555454158,6.0068378221
42.3224359998,6.86057936973
42.5284689258,9.89089783763
42.1628198511,5.12185384965
42.5434260119,6.86799108378
44.1181837809,5.97145166401
44.2230317178,6.91359179968
43.5328131072,7.29694529388
44.5267879441,6.22939885154
44.222281824,7.5361204641
44.2078135544,7.0417718871
43.6277513719,5.41823649977
43.7124133566,5.44100970053
43.8371071897,6.84238730056
43.9248828553,6.50977293923
44.043722037,8.43318115147
43.5119630324,7.76176389273
43.5626744629,5.37281768786
43.4471837168,6.62860264406
43.7379607257,8.65980210071
43.649858614,8.8233805934
44.3350648765,6.56800876449
43.5055364541,8.7348253075
43.8642673156,7.02380594978
43.9812787027,7.97877936674
44.7166369232,6.13379199596
44.0458879273,9.68652631304
43.7106852874,9.77591014331
43.7231736244,5.12331756051
43.5487039514,8.16973508164
43.5790165754,9.8304314054
44.1340641039,6.33088570088
44.1019358599,7.52036675099
43.6349231929,6.89162190195
44.4372029398,6.17367554654
44.6050496603,7.12862377933
43.9855308592,7.31202047581
43.9484977389,6.87077620998
44.2582404522,9.52824424262
44.7248509467,8.32999917656
44.2874242381,5.21461673605
43.9803191645,6.42985946267
44.3007786047,6.48803162362
44.1346900928,6.9209557279
44.2285198606,9.84000250873
43.6862983079,9.06663178059
43.5286233212,7.70336908589
43.8192662849,9.20988581515
44.546681922,8.42798806889
43.7729398028,7.02634119722
44.4168010858,9.50078135993
44.046140799,8.62057420943
44.1971343138,5.23518232178
44.4755825585,7.31865410727
43.543280426,9.12463446571
44.4061989342,7.34597103272
44.127395088,9.44018494429
43.9058965815,8.76180231861
44.7269335902,9.71258891703
44.0855998619,5.23589033946
43.8806082497,9.92671094917
44.8040528378,5.54660290117
44.2238485487,8.46754885428
43.4864568671,5.05962322245
44.2217532545,6.6245949171
43.9880291637,8.53827007582
44.5121347463,9.4935914983
43.8779852573,7.93875792969
44.7968813755,8.53753196653
43.9544346744,9.12999882885
43.634375319,9.988605119
44.0589778415,9.60195659646
44.2213706605,5.8480545064
43.7257292796,6.43235439784
44.139147884,5.89616632942
44.3750848275,8.24773963934
43.8316716594,5.94041595295
43.6074441495,9.02348331405
44.5727796281,5.89386876838
43.5960983205,9.92303735341
44.6825441837,5.79326601791
44.3065630628,7.17474840279
43.6757274702,7.14944306699
44.2679378776,7.08529470356
44.560711207,7.92521124266
43.4543205119,6.68800140219
44.2050290881,5.93925570733
44.2887988304,7.35768556224
43.9206647097,7.5469216516
44.7425094535,5.26148810222
44.3776880484,6.22442675742
43.786706549,9.85954769245
44.410351722,7.53016590793
44.5859763928,5.54877333437
44.6403462689,7.4053053315
44.5817144285,7.78101334008
43.552009323,5.64489271205
44.0240326465,8.86107758592
43.6513883377,7.56957567329
43.7640707027,6.97202314223
44.5293818644,6.64884420701
44.1898610114,7.64522857757
44.0687830898,6.83611055804
44.460163917,7.39121218319
43.7487757212,5.75659694785
43.5497677686,5.11403854843
44.2511311527,8.22431860494
44.3601910142,5.73307492013
44.1196953812,6.62974665565
44.0329152795,7.14722597141
43.5910621799,5.31851151194
44.7880746341,8.94536784082
43.5896541526,6.39549404968
43.531689829,6.64486381887
44.3640040045,9.40833585895
44.1859028575,6.03006085223
43.7031897449,6.25820947371
44.4494620861,8.2061883936
44.2281941632,5.10840725503
44.5995848936,9.54491285582
44.3000200421,6.98459375581
44.2145798131,5.33572491499
43.4366068557,7.08555904478
44.0994831234,8.24553239078
43.6994935284,9.11998606253
44.1014642868,8.34292690749
44.5271314612,7.24500073741
43.6770749461,9.6094633719
44.0141999697,7.57151774642
43.9196441643,7.12932163902
44.5375009834,8.14829383639
44.5487929161,7.16570660634
44.4992904376,9.31233979854
43.4941108607,9.33471681631
43.9184451909,8.84273422276
44.693334096,7.01943588354
44.1944307369,6.56668562175
44.2375735404,8.07985601394
44.5746321634,7.98390414038
44.1611042915,8.41732311196
43.6404305283,5.96859165588
43.5833901513,6.49760348895
43.4967228107,5.14877466803
43.6301826711,9.30406054691
44.4229665178,6.59862367479
43.5175878395,6.44528166442
43.4578348319,7.81571862403
43.9027653858,5.51093538139
44.3510761492,5.62891575321
43.618050646,8.25445699757
43.5387020771,6.8173708659
44.6914048353,7.51301070509
44.0860536469,8.53626857357
44.2264198568,5.62067010931
43.6168390158,6.59900666879
43.4283211606,5.71953681679
43.8582672257,6.05037313768
44.5398059117,7.67774062273
44.2425048043,8.52576691558
44.019995828,9.37545756131
43.581493185,9.57013630625
44.743603565,7.97839579834
44.423854839,7.99784748787
43.8020849164,8.03186400741
44.0926254759,5.42609927917
44.1740285954,7.88297982746
43.5501302553,9.51363199373
43.9773488541,8.68903356714
44.6978551889,7.90920387223
44.5908502608,9.24829390552
44.1462295906,5.55788389882
44.4358696939,9.21565424688
43.4905379189,5.39206334097
43.6642531946,6.44775696448
43.6724536847,5.72139658048
44.4317066127,8.81206988276
44.1361840541,8.85164668256
43.6354851275,9.49506132946
43.4339557881,9.66332237534
44.6085212013,5.44682305378
44.8207771494,8.71783055776
44.2657188765,6.67907020364
44.5530435262,8.29738816233
44.3383713525,6.38724880796
43.5639570497,5.94938876452
44.4488661538,7.24606548012
43.9845278655,6.29653059117
43.6875135248,6.99101739076
44.28704484,5.39941321888
44.6931653708,6.23411097873
44.3781994073,7.43498742146
43.4285961187,7.30981069501
44.4936872326,6.74177830176
43.689466607,7.35794107453
43.4379099031,8.39386575211
44.2611852351,8.59719960982
44.3567928168,9.65293530848
43.6294302327,9.39989751492
43.8102004031,6.25445871987
44.7385380897,6.32431429484
44.703661111,9.30468560048
44.480624082,7.18704659597
43.4627704569,9.60336363418
43.521639355,9.58667170689
44.495956693,9.70802841541
44.3426895886,5.4433519558
44.4685814957,7.59762658903
43.6556798169,6.79767777054
44.1400918386,9.74455545204
44.8364129468,9.16956437496
43.5947970406,6.96574565769
43.7634372702,6.75619910902
44.1631862311,9.21983480309
44.286149275,6.0678007814
43.9608536677,7.2253397266
43.7621209793,9.21413853691
43.7581908284,7.5748273526
43.6264661502,5.09964468093
44.2287579984,9.13705085584
44.0279362813,6.3453060844
44.0313119193,6.52384394875
43.4948342105,7.46085374766
44.38212922,6.84014489847
43.859548523,6.16809681137
44.1455498328,7.2496129652
44.4942726196,6.04780022429
43.415017409,7.41419881676
43.8585365617,8.519759823
43.8254582178,8.90724629784
44.3608079778,5.06800817856
43.5424822936,5.47456872433
44.1955816422,6.12111864872
44.535096538,5.47157222362
44.3669464108,5.84577230562
44.6232133147,6.19623579094
44.434691712,5.92629125286
44.4890717033,6.14640834332
44.1597796734,8.61431361273
43.5162015858,8.11396787883
43.8085790908,5.8246313876
43.524063916,9.92022422136
43.6918829153,9.19205627295
44.5285461093,5.93421576096
44.3772652719,5.18743749393
44.2218995486,8.76884808341
44.0572475543,9.25994705923
44.3867462137,6.91598917128
44.3966385587,8.89201062185
43.9710389329,8.77520109856
43.752910698,7.41473144139
43.6928828184,6.35696603955
43.9906802824,5.63761728835
44.647695372,6.35882590577
44.3178825588,9.05990929486
43.7987053626,7.13289709611
44.65034527,9.29397960591
44.2116168901,9.04900583063
43.7846756484,8.57370346417
43.7255421402,8.12146560291
44.3467295443,6.29694103426
44.1573277369,7.00226239241
44.4312182495,9.68252715868
44.7057215228,5.1986983613
44.7250050984,6.83697872972
43.626603227,8.44491466519
43.6153028258,9.71453900237
44.1370737479,9.34349613265
43.786750108,6.44771037618
43.9793355351,9.85140553194
44.5794910005,7.04790025208
43.4923572399,8.36690085212
44.1303053486,7.08389785647
43.9449437231,6.00044522965
43.5515052118,7.94295586342
44.8375821537,8.99771207465
44.2086357275,6.42628295257
44.480715118,5.60226670974
44.130407423,5.14198943094
43.8222719294,8.6919373564
43.9405025565,9.49236613118
44.494663807,8.97810501
44.4662644297,9.03688330079
44.0906401142,6.73837080541
44.5056020905,8.50255582106
44.2410354953,5.16947293426
43.899287542,8.70316335292
43.5568826864,5.21047166701
43.7297900589,6.89303585556
43.9768901331,7.77798176963
43.4823464979,9.53163226441
43.3752666202,5.64522234387
44.712838537,5.86124057516
43.6011328844,6.28077113485
44.2020852217,7.3328584301
43.7574365507,9.0710181489
43.9425125443,8.95424868104
44.5036718159,8.61080085177
44.0574147879,9.46750499191
43.7254985872,8.25604232866
43.8363293962,9.67975141574
43.4922051319,8.85106667775
44.0452027111,7.39913976436
44.5579449345,8.7973823316
44.6912530983,5.04444696884
43.836792814,6.50935099806
43.9344815287,6.35290909782
43.5196292176,7.16910495294
44.5076468031,8.03719133396
44.5149359494,6.43381228777
43.8810911568,6.92252522285
43.6514164911,8.09079929161
43.7879355173,9.73348394926
43.9312697089,6.95699505203
44.4382018637,6.69072046333
43.7158948686,7.93680453383
43.8428352358,9.01977714086
44.5031905423,9.12961939885
44.2613713243,9.28203088747
44.7692208184,5.36809310252
43.7814312614,9.6206248252
44.4385672152,5.68572902551
43.5711083416,8.36029666891
44.3662265001,8.73312482015
43.8101226608,9.40901140228
44.5108064348,9.86783677399
44.6510612108,5.93014704013
44.3913819894,9.94364408151
44.416604957,9.08054102714
43.919006817,9.0432004924
43.6534637313,6.18590696598
44.1358921699,9.63485424238
44.5522699982,9.78212382672
43.8540001371,7.63066888035
43.2496914511,5.06107429064
44.2787169931,7.4551667266
43.9668575094,5.89391912883
43.6902340332,9.36368394934
44.6539916976,7.28936640164
44.7084471934,6.54764467658
43.9435383513,9.68689097781
44.6188774537,6.67712906338
44.3645043221,8.36029154765
44.1052266539,9.85702791314
43.7177349073,5.90040400697
44.4803406891,7.10013953224
44.5620855375,6.00291893592
44.4292463206,8.6689390164
44.2792920766,5.78780447447
44.5105953161,9.57989896713
44.496292783,5.84453620362
43.6791577925,5.56404657791
43.7964368192,5.14256079837
44.4651886908,9.41604168261
43.5567899178,9.27021212836
43.6354970601,7.90871316485
44.6668872856,8.84256165511
44.6331619233,9.46470417778
44.0821222658,9.05943280815
44.6335744932,7.86324598763
43.4843726617,5.71593296599
44.3503175945,9.81417104925
44.7754404373,6.23162051782
44.4929194669,5.37972297816
43.6829563807,7.82298497988
44.4266160646,9.59920730121
44.6231873089,7.60359789627
43.513883564,5.30294261182
44.4871986616,5.20795928552
43.7580724986,9.36204392638
44.3169956512,8.16915747857
43.7399833071,5.20096354969
44.5672222577,9.40978248402
43.699684953,5.38090780965
44.7411451879,5.14704932723
44.3744674855,7.79465461045
43.5335556726,9.74793357109
43.7557265793,7.87300591224
44.7006786956,7.68030108135
44.6880212219,5.33252187621
43.712333792,9.52695925165
44.2812213686,5.90187847408
44.339154363,8.01775022981
44.7926772166,5.46725062977
43.7140320729,8.49279986193
44.6144411455,8.2371306936
43.7286931396,8.86293454573
43.9785617242,6.23571892074
43.5601824116,6.57003710672
44.3021750887,9.47755741355
44.1400221032,9.11137653048
44.0559310916,9.76845780691
44.3691743691,7.08334521123
44.844552014,9.41937099451
44.4985971454,9.9523659262
44.3253667645,7.52752937258
43.8354101785,5.23061197505
43.4908233265,6.92598705806
44.237012076,9.60852769928
44.0452178068,5.53443665106
44.2819021715,5.97417181028
44.7592351322,8.12703890082
43.6872644851,5.28936046816
43.3891676551,6.89336604397
44.7305629549,8.73997480603
43.8865228898,9.59939431267
43.7034272106,5.63560494716
44.0215200229,5.16769988707
43.7116835165,7.71789322979
44.6407472091,6.55657468461
43.963471199,6.57320584879
44.7093070385,8.25510606252
44.1362756984,5.83076766392
43.9989783449,6.77613430978
43.5508457992,6.15068063364
44.1448901822,8.0850673649
43.6950527355,6.5815619178
44.5778614162,8.49464002232
43.7411774289,9.68406317384
44.4481299781,5.12671990553
43.7775350069,6.56665201627
44.6472426803,5.63855761675
44.2497716632,9.39542876798
44.0904504606,7.80639687997
43.8699693867,7.74038008845
44.0490581971,9.10724537664
43.6179068678,8.01204419532
44.64973659,9.01060012262
44.336638007,5.25678061314
44.0523161668,5.89523779829
43.8983986887,9.22373293189
43.9057878807,6.12324274299
43.9849358515,9.21486591147
43.5719817046,8.81306375118
44.3853819678,9.30526359912
44.3210156453,8.09239376043
43.9027913355,5.86239874763
44.6951966474,9.13865712181
44.6002589212,6.46245017083
44.6132343802,9.14543129656
43.5913497783,5.55675955539
43.8138444883,9.29132628026
44.5658867265,6.85454642078
44.4835992695,8.35060377112
44.7646374091,9.42686558799
43.6270284211,6.06664796885
44.1949693835,6.70814724038
44.3071956021,5.32120590247
43.7102904556,7.48272953398
43.5364208928,8.94698959706
43.6178579565,8.74103506248
43.9028063917,8.26119664221
43.5773120042,8.09462810311
44.7991982656,5.06554190915
44.1069866935,5.65298584539
44.7693479915,9.13810348116
44.1286890974,8.76189369695
44.5794947593,5.04845963698
43.5772759486,9.36189212068
43.5170892903,9.66834452562
44.4989824656,8.8824333336
43.8760353451,6.42329981091
44.1668837805,7.99113489242
43.9838071373,9.60413983146
44.7067956423,8.18141718067
44.5333497834,9.04244728153
43.8591416189,9.45036200011
44.2000776367,9.68213042831
43.6937872964,8.35561181401
43.4875449382,9.02931912638
44.7039332699,7.59841099452
43.8416130553,9.12992185419
43.9902492513,8.21209940394
43.5586650419,8.64487236122
44.6754132132,9.0772634778
44.7089071807,9.87123480172
44.1127862445,9.53872023208
43.458195286,8.2641522744
44.392136731,7.91065569881
44.5695316959,6.55990183646
43.8975483263,8.61040465244
43.5034617243,6.25507164726
43.8342958686,7.46064385662
44.6998160547,5.43577592393
43.5465161261,9.43313576666
43.5152324061,8.46191969581
44.1779806234,8.16958660702
43.56946391,5.04029435858
43.9903514798,6.09279333639
44.6090776004,8.06041222062
44.2712521049,6.75850254574
43.4554956079,8.62885831056
44.2798277201,6.18548760264
44.2711757256,7.93454122541
43.8863536729,8.04229080461
44.6394666593,8.77206563608
44.0428365425,5.32345500431
44.3423430991,5.94155251586
43.4148268129,5.031882593
44.7142870235,6.91514169009
44.5900403327,6.76634937632
44.4331289302,5.7649279805
44.710393811,5.54725959718
44.0805453162,8.14251023514
43.4034279727,5.88210248444
43.7962298879,6.36395714241
44.3271430826,8.94313427206
43.6075869819,7.22201343745
43.5024447958,8.30981724573
44.0914182098,9.16697213602
44.596323295,8.87672499719
43.6579794864,5.18207096815
44.5492361951,5.42062644532
44.75780515,9.03765087028
44.5809944917,7.49962075351
43.9538815706,5.25366027158
44.4075157131,5.51824934793
43.4319371656,6.76339842807
44.5191443634,5.29104476004
44.0095636366,5.06074344203
44.3910523017,6.50095667814
43.4216675396,5.33481461063
44.0540315536,6.25748617916
43.7668201429,5.36155075709
44.4811084723,8.73189714034
43.7753084679,7.66930196404
44.4120250692,5.40991346808
43.8935730457,6.73591250884
43.5932138742,8.52090053472
44.181238894,7.42346714808
43.8674595313,6.33101797011
43.4617593552,7.64069208718
43.6692661737,7.06292752076
44.6051838647,9.05403156037
44.0720746603,8.96421366392
43.8928028517,5.60982560674
43.6738204309,8.68842523944
44.0291069116,9.54029012532
43.8485414167,5.72526252855
44.8084063279,7.74742625327
44.0090137128,9.04385334913
44.4506260727,8.27150285251
44.1985994179,8.30968705044
44.4046172675,7.17897526823
43.7838971634,5.57835660547
44.2598580512,8.98095876057
43.6237689977,8.1538718368
43.8365363212,7.55312765415
43.5877460851,9.63299382342
43.5187958093,7.40045772927
43.8000900387,7.9514281299
44.7931851759,9.22418042866
43.5208009916,6.03069276754
44.7872055155,6.40002030913
43.667773637,6.67916108742
44.162811761,6.22107945755
44.621637883,6.28121582352
44.4863517217,6.96999998172
44.3660126346,8.82614034901
44.4746011716,5.45663815251
44.6212922618,7.69432765609
43.9402106452,8.42990687823
43.9044796445,8.37490231504
44.3624014805,7.61456544666
44.2011047043,5.44538933209
43.8745900468,5.35221556086
44.1867947122,5.7480161241
44.0966468831,5.0341740781
43.7904633661,6.12752776608
43.6290372245,7.29647386751
44.0042665672,6.18669616
43.7459441817,8.19329494373
44.3061897595,8.80979813817
43.8339674318,5.65531996528
43.561458272,5.75415773677
43.7183719335,9.27257853329
43.9649796696,7.66103540915
44.6431273218,8.14559357686
44.4877267251,7.93953538517
44.2409678978,7.25843317377
44.0315840823,5.99483320501
44.7428286131,5.93030358845
43.6085181202,7.44003278825
44.4290737725,7.69351399278
43.9679093651,9.28999921233
43.9945190042,6.66058127458
44.8265291618,5.1941301616
44.6367888713,6.01970828112
44.573441677,5.34955854376
44.1335176976,5.30235254859
44.6627087274,9.78237617455
44.0769560943,6.15915979492
43.6084641513,7.74116985709
44.6560833207,7.74934792401
44.4287793475,8.5342266038
44.1931160277,9.48681068535
43.6074441669,5.864864038
44.2093801548,5.53393870226
44.4371555323,8.44430048656
44.4929272352,6.51548120548
43.4850278597,9.97530562679
44.4939983919,5.51998059888
44.7842813979,8.63392660555
44.4717232773,7.84522746763
43.5215062938,8.24625325725
44.0976207513,6.06335665686
44.599817349,9.89760166427
43.6626711445,5.49333151522
43.8211822155,8.33092447818
43.8739910376,9.77596041696
44.2512156545,6.30441748828
44.5655993336,7.32731908789
44.2933725817,7.70207909372
43.7723650265,7.78662792223
44.785908844,9.32644628249
44.2571654291,6.55795232106
43.8746254462,6.60999226757
44.5803855004,9.66132575795
44.6525598279,8.4680555157
44.7097712399,8.55026515249
44.5690260882,5.78614052804
43.4561489857,5.79972191307
44.6356138669,5.38456440345
44.0458731518,7.71789194658
43.5798018038,6.72750901536
43.5983049233,8.8898533916
44.6072949474,6.93187596248
44.7207694757,8.40408683041
43.499987837,5.89755077373
44.6187351847,7.93677293781
43.5191076658,7.04481315262
43.6339894712,9.12037836749
43.9341815633,5.14573674146
43.7726107771,8.4238563252
44.4395402372,6.41906200881
43.4003118905,5.57017345075
44.136928837,6.51664525655
44.0714526128,8.03515024472
43.7136153431,7.64457456414
44.2101941638,6.98347557227
43.6791256993,9.89696679587
43.7922166072,8.15909049864
44.3255284459,7.86699022914
43.7054410333,6.11553370079
44.6569340077,6.84258597979
44.1616387157,8.70672847831
44.4435815863,9.76444428504
44.1357487413,9.03049555701
43.9090416748,7.36962075057
44.1442382364,5.37044487956
43.927126799,7.90539213078
43.7213793787,8.96997381787
43.7222298973,8.02204734358
44.5525834354,7.86397922633
44.6936257744,9.22309756651
43.6948045573,7.25476288231
43.4919260757,9.21950448256
43.689519472,8.19367502516
44.3959236271,6.01949944073
44.5189766771,9.21497466257
44.5709754954,6.11081681943
43.9004261653,9.37126459928
44.2794159927,9.95147472679
43.764317275,9.97113115546
44.5108324561,8.24411657652
44.4817960828,7.47546794379
44.7025007583,6.42391790809
44.6104200115,8.56738729343
44.277840579,8.67853628014
43.9186024738,8.49357123863
44.0013558374,7.49368845261
43.9848104466,8.09644665504
44.6884276893,8.93813532729
44.1247586992,5.49283401117
44.3330314614,9.56264324073
44.3933284723,6.99696251891
44.198688639,7.7401462855
44.2887216542,6.62175049847
44.2597890606,5.03922429348
43.7091446492,5.80819867302
44.5627158106,5.15767367093
43.4355806602,5.12527682583
43.6511375564,8.60009777136
44.4754883159,6.83973054507
44.3617824929,8.61078883309
43.9953297162,7.87359530786
43.447677493,6.83706048688
44.7271607695,7.80813582462
43.7258170812,6.5008033983
44.0400754138,6.92018100989
43.7281880028,7.06713182229
43.5749123156,7.63647792878
44.5846110676,8.96825047269
43.4714333942,8.20030824152
44.6111012298,7.20327237465
43.7241973856,9.43769501294
44.3607397889,7.26999159956
44.1754012742,5.04539021822
43.7986731905,8.48808696169
43.4549917477,5.64734848663
43.7544497303,9.14984592874
44.7621791779,8.46795622733
44.6158793315,5.83816303946
44.2816249365,5.70738965369
44.7818737299,9.65266671076
43.8668630572,7.19365489691
43.5931543061,7.10854492669
44.6214186785,5.72730372838
44.593586683,7.25909269358
44.6518018319,6.07570904286
44.3516559947,6.67590713144
44.4825722997,5.9794360555
44.4354286747,9.85542730276
44.1211504122,7.1759723425
44.6045025858,9.32558167841
43.4084562675,7.22189982437
44.4146691843,8.11143158998
43.7866627399,5.0551454788
44.3017982607,6.85579457779
44.2583143971,7.81659269693
43.6067953848,7.35305635076
43.6524053736,7.65699630731
44.7600262983,8.85058672881
43.9822483329,5.4251840469
43.6117930101,7.04585925689
43.816460209,6.93619599365
44.5827618028,8.70019707708
44.0803585851,7.63584536593
44.0890004568,6.99428829154
44.0844880068,6.42782270342
44.6612410664,7.98992680038
43.4761914531,6.53505392643
44.2103532247,8.68600846228
44.317164692,9.3408896998
43.6573237494,6.52086925004
43.4955305568,5.55986651808
44.3246767193,9.18343188409
43.7704434205,6.65447785636
43.8567223428,8.43761938044
44.3332026105,8.48818270548
44.2956782869,8.28670971627
43.6678075378,8.90133505616
43.803061528,8.22589100812
43.7879327407,7.24328347171
44.5614116977,5.65599615046
43.8047825441,5.45629341483
43.9336967484,6.18686989531
44.1751549485,9.93811381163
43.8020762989,7.34479620876
44.1738844773,8.96240808067
44.4893000626,9.64712937
44.1274434827,7.71337629635
43.5500189399,7.84508142537
43.9183758618,5.93128628902
43.9911446275,7.03214459314
44.3476792961,5.38166225396
44.293727354,5.52178836698
44.2042196772,7.16206796337
44.6532998793,5.13538527573
43.6028949027,9.20847799913
44.4163926275,5.3015017964
43.8955010978,5.05723465185
43.9166615643,5.68720564154
43.5007181205,6.73203471676
44.5446164483,7.57320642507
44.2909812247,5.13651252725
43.5071444617,8.03097583823
44.2816694307,9.72408287492
44.5145785199,5.10704236413
44.436002031,6.31150250644
43.7218896653,5.50565149854
43.8065147741,8.09723597921
44.6281050953,8.35685778789
44.6727965903,8.64648719627
44.7683389351,7.90002610736
44.1737669194,6.81629356321
44.49216968,7.76076423602
43.7231424134,8.75894977923
44.5465373199,6.35258375916
44.6158088148,6.61737346162
43.8006396903,9.51841419572
44.1284313418,7.33341928832
43.9175885769,6.27104675795
43.6918132055,5.04388813506
44.0550450855,5.77038542242
43.9772092596,8.32774350946
43.9344542688,7.45580353706
44.0503698585,8.76373148427
43.877476875,7.27297380014
43.7359258637,6.18722704148
43.8628359271,5.14047345756
44.0789915101,7.92240618566
43.7682564341,5.68669529686
43.9871370917,5.83974006964
44.4698148182,5.04547145372
44.3708137838,6.13052530969
43.5732023823,6.89294317319
44.4318675798,6.75427376901
44.5344666604,7.40629846363
43.6352670404,5.62395629737
44.4050964372,8.99002358608
44.0953345936,8.69383640694
43.9645130484,5.33712980292
43.9341768978,5.77460563014
43.8293386114,8.79333391144
44.0435772245,9.95623010858
43.8520842956,7.85679913646
43.7411168674,6.01673530839
44.6147150424,5.24925915867
44.3765866124,9.72264602047
44.0538496173,7.25215201249
44.3609676895,6.77267005954
43.8819360298,8.15933047087
44.0345380604,9.16654374943
44.7041203908,8.05987755568
44.1692462661,8.51095889552
44.2609014056,8.40054387443
43.5299766494,8.56705871536
43.9922223732,9.75331450923
44.246071066,8.88449624722
44.4473744703,6.10146555317
44.5126350113,5.73348231793
44.6820818376,9.38815927281
43.5379170884,7.53590193115
45.4323925458,8.79956106134
45.4858719627,6.44094507208
46.0094736852,6.24847604102
45.6668531252,5.30184321273
45.1978899622,5.41714807136
45.9413429615,5.66045084218
45.5231662073,8.54517962539
45.3028852469,6.50246408986
44.9209119335,5.27745376545
44.9218178896,7.16384693943
45.5269532981,7.67158907142
44.8341686077,8.78820919415
45.6774261033,7.17817488355
45.4482713048,6.50467803446
45.5689656521,6.94335842623
45.2797406261,8.47262864142
44.7531931856,9.79428221716
45.7384036065,6.7582860187
45.5695941217,9.27209883943
45.5899342316,9.42645122922
44.9993310461,7.82186465189
46.0440341951,8.89864931751
45.0706477962,5.02939934402
45.4363025511,6.61116261487
44.9101152779,7.87404828305
45.1125080305,9.08055912954
45.1018198882,5.94193975459
44.953050031,9.39144434787
45.5779341033,5.21499747161
45.2638624232,9.15629286164
46.0440073766,8.73984827496
44.8188898664,5.29597434875
45.6236348795,8.3149912
45.445385717,6.29457813216
45.7390895892,5.90269402852
45.2496620846,5.84199522178
45.6566188093,6.4379800775
45.0182293372,9.87296642769
45.6712335866,7.4629190272
45.9534803004,7.8753973135
45.1190057098,6.61431366551
44.7792316468,7.2199150899
45.2577466233,8.14331016131
45.6087915621,9.5090917697
44.9638115796,7.08727045296
45.4028772189,7.68567122826
45.8890476765,5.59680268076
45.9358193528,9.23058000961
45.0727768787,8.7262456614
45.7528371482,5.61055083501
45.268122098,9.27627182484
46.0716696242,7.58490744987
45.0107477253,8.10144251939
45.4663852824,8.30842851245
44.9726809221,6.98584599767
45.3075523849,7.72122302032
45.2084842402,8.41293229485
45.1213843662,9.3509078129
45.9304070205,8.60313553575
45.7770310373,8.12964347705
45.0534857437,9.53163195868
45.2825716644,6.58757790351
45.3193054859,6.43055619581
45.1096352223,8.60478772475
45.6652725073,8.91909129852
45.6884346176,8.52944205066
45.3595891489,5.81579805643
45.2906130883,6.10252635339
45.8334660925,9.22730957696
45.8794619933,6.67463758151
45.0169757787,8.00651959181
45.5395927646,8.80666299534
45.7369988863,9.81283453427
45.4314722078,6.71968321871
45.1972684162,8.67258388468
45.8965712651,5.19007493808
45.2620817287,5.27697506101
45.9066934388,8.41942911892
45.1057183556,5.30938619289
45.6023980857,5.53854057585
45.3983152232,8.98997705877
45.9502422848,9.80413350055
45.9127328886,7.45909677184
45.8904609242,9.59989897362
45.0216109197,5.22132157315
45.6053083903,8.43244578031
45.216425184,6.62625536413
45.5006388012,7.5315454658
45.9115225287,8.79850284461
45.0082497803,9.19019159912
45.9768610584,9.43323600549
45.0637272936,6.1193384377
45.8580295708,8.6533058396
45.4314761942,8.01323556052
45.2304383942,6.33664612741
45.3663025201,8.62637733898
45.381555485,7.80428195678
45.6410060558,9.20927336484
45.1704231741,7.31487412539
45.1379262091,7.98233619582
44.9313683026,9.92517799171
44.9236415165,8.82242472226
45.9174521258,5.50876206917
44.9430876678,7.291452824
45.3762067808,6.53520288498
45.3874788762,7.9046813433
44.7754434177,9.58658691338
44.8593594063,9.27232048795
45.7380492968,7.26232761043
45.9147233722,8.23767746886
46.0819134079,8.96363425255
45.7270119675,6.36184393074
45.2895231376,8.97001146794
45.4807672401,8.4528728586
45.3697185006,6.38653576865
45.7198819856,5.67381554843
45.2432890879,8.06220260122
45.2032015154,9.84566370005
45.693958583,9.11343360354
45.9340892811,7.23143517505
45.5182337244,9.35865799716
45.662567493,7.74567411646
45.6068416999,6.03514951683
45.7615872574,6.60772867059
45.1704351946,6.68542659525
45.9911126278,7.60831122219
45.6156638163,6.35425758527
45.4647721164,5.0515048017
45.8280908006,8.31708410652
45.731735808,8.77768158078
45.6136785989,7.54148367059
45.2697869817,5.35384444055
45.9098484455,5.84828267787
45.4177529441,9.32417391438
45.6713368543,7.36161484226
45.9276046186,6.25697692495
45.4890605553,6.96520877017
45.1945025954,6.52814745236
45.0568252205,7.12258471079
45.3347902701,8.2422168465
45.5119761227,5.36804259042
45.1121392021,7.56580293828
46.0735213283,9.47301214094
45.7667137307,5.15431802633
45.9484948699,6.89833633066
44.9370849371,5.16411618617
45.0359313081,9.80792397145
45.8124637781,8.72454346323
45.689322937,5.82848270362
44.7832492689,6.8284894857
45.1108356228,9.45887746254
45.0098964985,7.38481731452
45.3108023811,8.36769386055
44.9937069112,6.08402693132
46.0822430928,9.84923219431
45.7759256873,6.03656819862
45.5906046622,7.80333028694
46.1743738298,9.87449011862
45.9833874245,6.01845248821
45.1937532606,8.49272287676
45.4857200764,7.44485781637
45.2616358016,5.9382903861
45.01284359,6.6161925398
45.6848826474,5.2057594556
44.7829265995,7.098116849
44.6931588762,7.23379691844
45.4590053273,7.24465313368
46.080286013,9.61116785073
45.2013921473,8.82523699503
45.9067095697,7.61115461475
45.1427007361,5.52143801111
45.4934798821,7.87040493085
45.1887635265,9.9749428263
45.2690600876,7.51063965217
45.5282821093,6.76455117736
44.8696111498,6.80807440109
45.8297468576,9.7797524226
45.0863044563,6.94890486054
44.8902977916,6.35859953349
45.994113111,8.30321534503
45.1617650091,6.88524354326
45.4630310591,7.62410354384
45.5249953891,9.52596943751
45.7025266483,6.08225745302
45.3881080031,8.30742482654
45.6217586926,8.49606939494
46.0182808641,5.57843613358
44.7447769805,9.96847507649
44.8640342358,9.08507303456
45.6517326398,6.9277010685
46.0780842824,9.14831882528
44.8603006699,6.69363853674
44.7983531922,8.04994746785
45.2014907352,6.96821224671
46.1312672375,5.04685899106
44.9877229137,7.5721220091
45.5838287999,7.19026359533
45.2108154688,9.38389942377
45.2371590786,6.75362979407
45.770078164,9.94084297381
45.6100914977,6.15192687245
45.7965604057,5.96495163715
46.0421906261,9.74452021225
44.9731714965,6.15955664854
45.7205936347,6.68939306957
45.3410704856,6.79681070393
44.9251694226,9.29634127764
45.7171738871,8.14627336223
45.6453643355,5.72858344974
45.2837394221,7.84557918775
45.5732474862,5.31980256534
45.4390073277,7.36125896998
44.8494306988,7.15919058307
45.37196969,9.22669018582
44.8583603254,6.44362882852
44.8460108817,9.98096147572
45.8713735062,6.03526395967
44.883825863,8.57168562931
45.3387977977,5.20390762695
45.7586017805,7.91181144452
45.79080948,5.24581811185
44.7028416782,6.64001001114
45.9226054371,8.89756796849
45.150597867,8.37830084483
44.9591834871,9.56779042024
45.3773598578,6.46342812282
45.0287442448,8.18667110207
44.858820808,7.70785814944
45.2460304937,6.42992255891
45.5824075969,8.97463505181
45.3543305887,9.14182398763
45.4337026171,5.63126381807
45.4388494061,9.16183571426
45.6886211314,9.39600222989
45.7354595176,6.98221124818
44.8542398637,6.99817404004
45.3829155209,6.07838699067
45.4012390799,9.70116321617
44.7727121269,8.20721630752
45.6476559207,6.74940367587
46.0466385196,7.26171505162
45.3282939692,9.36149011444
45.3045710392,7.60186132211
45.264462284,7.15649460674
45.9448266012,6.51189161263
45.2158290517,5.15905073991
45.7207548295,5.52484766848
45.3381768426,8.07898810422
45.1237795128,7.04568938761
45.9983174676,5.75640008969
45.5412042544,7.02838662133
44.7604671996,7.61237822026
45.1233680266,9.92281577579
45.4530535043,7.03581547045
45.9222870954,8.34774050917
45.0575133092,7.30382857609
45.8051961653,6.80025333693
45.5919613214,6.2553859879
45.8968884057,6.80410653866
45.8651605327,8.55691605515
45.1494656107,6.76943808986
45.5521885877,7.3186041298
45.4514775162,9.39876589391
45.8354752476,8.05450411107
45.9077465018,5.73139208135
45.7389527455,9.22143356581
45.317681306,5.61439968601
45.1920996848,8.92579699619
45.8121469361,5.45098839845
45.9848795771,6.41159061838
44.7676298118,7.44608875039
45.5127596054,7.18079552955
44.8452443189,5.69983289445
45.2549253474,9.95135660335
45.5649072877,6.44557436945
46.0092272633,8.59818522725
45.2511447322,7.24839965799
45.0189037486,6.43006437904
46.0351759071,5.04927998699
45.7370078207,7.64814908379
45.0611913279,9.27802939417
45.659744242,8.84327060958
45.5138547025,6.22308509064
45.7306405103,6.45918896163
45.70841125,5.12548121929
45.3132545109,9.46303391034
45.4775627921,5.28737886093
44.8295520308,7.85391294116
45.1050343817,6.19656638625
45.5426718576,9.16256463495
45.4373381402,8.21553166254
44.9357062457,8.16831443144
44.995264981,5.95753026202
45.8103694301,8.9614839401
44.8311317883,6.36543518612
45.3162252372,9.06386161763
45.8319004011,7.86799854437
45.7854190638,5.06337725678
45.8796350707,8.48817528624
45.9136901972,5.41155248168
44.9987107828,6.88669267573
45.8257272712,7.62233457312
45.2603327429,9.53111207744
44.9672509985,9.11742168155
44.8235735021,9.51707069002
44.8660403133,7.48165819105
44.9944540798,6.71266229627
45.0228410122,6.25241960673
45.4298525086,6.42091012643
46.0332717808,9.55647858278
45.8192031257,8.43067284252
45.5681415662,8.72730260236
44.9560301599,9.68484301968
45.1296184432,8.18276376469
44.9877897228,9.25880106564
45.5084289185,9.44429273626
44.9010052776,5.91520476834
45.9306268751,9.11951833533
45.4360197106,6.80549455091
45.8318384507,5.1438329974
45.9457820413,6.09418962867
45.8914609952,7.35847659184
45.3581996802,8.71969666887
45.9691848568,5.35333999766
45.8783029149,6.15388388319
44.7903489924,5.77566136957
45.5410906534,8.37246851256
44.7276956701,5.70338798893
45.4693760082,9.240167825
45.8795553127,5.26427907668
44.9415211755,6.40901229018
46.0891120087,6.83265748511
46.0619383093,9.38440176403
44.807246911,6.16393538177
46.0680023521,7.66540157349
44.9119297064,9.20299606285
45.7141311726,8.31314353273
45.7457575954,5.75272624488
44.8123500503,5.96699706721
45.1058343572,7.21384641887
45.8188443734,8.89546625115
45.7161235312,6.84971299102
44.9835088142,5.38941483144
45.8019987252,6.09279290578
45.5697885585,9.60939555121
45.9567874694,5.03118197058
45.5965361985,9.0722489307
44.8449773793,8.85714798199
45.1942129282,8.01110187916
45.0595089271,8.30979178312
45.0609695058,9.146774368
44.8404253867,8.15333613145
45.2127753019,7.57593100807
46.0135091298,6.16128540792
45.887325754,7.76998152924
45.6761509976,9.00815730217
44.8370696095,6.29773037874
45.7250392536,7.71992065217
44.9455317822,7.45937666187
45.7705077722,7.07470561565
45.5375156832,5.64151750281
45.138105638,6.41264194358
45.7797332689,7.15846030087
46.0457322244,9.24248777203
45.7559833367,8.86809693168
45.4401201683,9.60066283408
45.0563958707,8.40353382476
45.6244332448,8.57984565026
46.0134992517,9.08877464913
45.9205293933,6.97619541191
44.9419563269,9.80962999985
45.9324112878,6.35994507079
45.8028178115,9.54349760736
44.9343349395,7.36939808749
45.9943544116,9.50644294693
45.3424098153,9.56045936762
45.8806443584,9.01780200185
44.8614192275,5.59360752298
45.39159914,8.37842823901
45.1603351191,9.76646961128
45.3458534566,9.77885061658
44.9794966583,8.50288416554
45.6562327951,8.68105138796
45.0500471755,7.47571237943
44.8043193114,7.5368310899
45.0783015386,6.71406319248
45.877613,8.73771974377
44.8851715517,8.67496511128
45.9213080777,9.51567607401
45.1338001144,6.29113947749
44.9063549696,6.60176915933
45.7648666927,6.17412802876
45.5386409632,6.65543675466
45.1460317728,7.80902307839
45.965612573,8.69564925137
45.4328719921,6.00467451563
45.0014709839,5.66898848302
44.9146345717,5.05083747227
45.9711861535,8.00240227819
45.6881212503,9.88252858711
45.091280129,5.1284171953
45.7676219207,9.02609462553
45.4118313812,5.45215688576
45.6984370513,8.43303576361
45.0019333869,7.21427648144
46.1427590445,9.22325193029
44.8732420893,5.3945690292
45.9951585167,7.78962299923
45.385552499,7.62213206494
45.0308426397,5.60645406941
44.8811313408,6.00228050677
45.9448267463,8.12106543659
45.191175057,7.22033288526
45.5653700699,8.64460805546
44.9507053535,6.50325722699
45.2786503591,9.81827714648
45.4075838441,7.13248648906
45.4492306193,9.8850873951
45.6298097597,8.77635546912
44.9350550339,5.45912633074
45.7727901809,5.83105708148
45.9665975302,7.05892225796
45.4456858276,9.77795833694
45.9538306682,6.59556041961
45.8338593366,8.81357379125
46.1027686613,5.51769816213
45.0434958016,9.07864981054
45.6455256939,6.62843239334
45.535402337,9.04270572083
44.9271847889,6.73769490627
45.9554689375,8.5161037139
45.0665835699,8.24143558854
45.4767058872,7.75184219953
45.3915298869,9.95682670065
45.8938664731,9.44799195811
45.76542291,8.51396317021
45.5659085159,5.09695573871
45.2048661395,9.92526327946
45.012439296,5.08963519845
45.1357322115,8.51338237188
44.875163707,5.11702937225
45.8009899109,7.47190711932
44.9758944971,6.02804882029
45.0730177818,8.49928143463
45.7311916272,7.43065330994
45.1401367732,7.68871099599
45.8629980969,6.53479181865
45.454148754,8.3856485299
45.4054663223,6.18112548991
44.9758775817,7.92508965523
45.2594549511,8.86511726979
46.0049009731,9.89027439714
45.6412403288,7.65719002565
45.2459424226,9.7479269516
45.2670168263,7.04779711574
45.6403913801,8.0100422561
46.0607713408,7.44785517776
44.8518597026,7.30139491089
45.7448215384,7.98893949543
45.3483439858,7.9849318476
45.4505291727,5.36742703925
45.7574820626,8.66998558755
45.0260002765,9.95498302243
45.8989598528,7.67741566266
45.6738958416,9.52949986661
45.2250329196,8.3377541427
44.8964104816,7.53450700547
45.40153019,5.55357315149
45.5041328401,9.69894835017
45.6169291108,9.70532572451
45.2663864468,8.7141686825
45.3182459005,5.90199569895
45.2006643633,5.32231058756
45.602489826,7.1000011322
45.0887626645,8.98769946917
45.1487059489,9.16021631052
45.0047188162,9.31921455261
45.2231547204,7.41493627165
45.6097517905,9.34638826277
45.9400415653,5.94309485334
45.1037904078,5.60263614833
44.7962953449,6.64336844518
45.2304289672,6.23405708184
45.2729184885,5.05864412614
45.374239961,5.09590916182
45.0998326929,8.84815266457
45.3262271929,9.89140668625
46.0322372717,9.80383277564
44.9194037497,6.25677849092
45.3378397021,6.28638434324
46.0359678583,6.33301053442
45.308882265,6.1876093097
45.0516792689,5.76229933412
46.0005525181,8.8081840527
44.9098400311,9.48465921466
45.5468817967,9.80089868381
45.5922829609,9.906267653
45.8165248943,6.43534398018
45.3390466963,5.51734048007
46.0337519951,6.64196057995
45.662222578,8.2118134137
46.1062841551,8.75552788705
45.1786147254,6.82086078264
45.2455189774,6.86176851376
45.20964065,6.01965560797
45.8185673389,9.12547670376
46.0126234447,8.40958557231
45.3656720798,7.31723727116
44.8769550476,7.624235938
45.351134774,9.64303892534
45.925931145,7.55398512115
45.9886319816,5.14150936214
44.8748384102,9.34431626672
44.9102171178,6.90663461534
46.1118185237,9.31846542364
45.2922095718,8.6435740323
45.4983740559,6.87477900732
45.4189130571,6.96858192783
46.0378163667,6.89263428221
45.9925083972,9.33259701694
45.4693522536,9.07781816439
45.6899968098,7.92375403953
45.3154480911,9.69922067509
45.9941152429,6.47359116823
46.0232213761,5.45262101475
44.9865390401,8.63350165477
45.3001290968,6.37534489785
45.0106425242,8.80189122701
45.0633075124,9.62058136102
45.4705875076,5.71694420299
45.9078188964,9.71262599957
45.8353886844,6.23574366854
45.0865176317,6.83177058176
45.7242974919,5.44301063642
45.8490669317,7.25631507048
45.0461357825,6.03077836122
44.9317375913,5.64255662113
45.0470868006,7.03579236462
44.7854830598,5.62019734641
45.5527639521,8.46105559341
44.7157374867,9.50317174322
45.8116572271,9.66678608827
45.3309929985,6.67929606293
44.8377815862,9.73419677421
44.8120686522,8.36431860293
44.6837306188,7.15366877639
45.514372003,7.11196667353
45.8170370278,5.55958233195
46.0411808788,5.24279913645
44.7745774892,6.70842407927
45.6377245421,6.52278909688
45.2850474398,7.32932077891
45.0763920698,9.73472379851
45.2027448796,9.04922862971
44.9719650107,7.69906512724
44.8524312047,7.40255652782
45.8974015881,5.08859945404
45.8530148637,8.15831700206
45.5110976798,9.98682277272
45.3792835002,8.15557551321
44.6887653293,9.61559920887
45.8424253639,9.31476458399
45.6612996756,9.47337574939
45.6946938174,7.08346036413
45.489496643,5.86250816939
45.1540804964,8.77090567201
45.4614315801,8.65231045053
45.7291205542,7.55497973463
45.5240414537,8.14909092608
45.4870297421,8.89991104727
45.1947000835,7.92053293167
45.8699345098,5.9386858531
44.8478515775,7.95384774426
45.8620067028,5.3439952615
45.8756686593,9.885481712
45.0581816337,7.646504814
45.1649190872,5.75348947669
45.5395641829,6.54939707888
44.9170241003,6.07160847983
45.987093396,9.63972493483
45.8581506238,7.53694290406
45.6301433385,5.9264215191
44.8270694492,9.86778859175
45.9444207589,5.26588994214
45.0108659615,5.31336021348
45.8776195902,7.95400977866
45.4942551801,8.9982515993
45.4391233703,8.11258651466
45.4038578109,5.91603714902
45.5520270487,8.25338772048
45.6498377663,9.80497160987
44.9565014053,9.01468678068
45.3659902988,5.32905026082
45.5233443166,5.96396637888
44.8837495284,6.1541612219
45.0641965568,7.74316758653
44.8170141779,6.07621472556
45.5309489312,7.97352221821
45.055015791,9.34979181032
44.8906789882,7.78222256439
44.9145676538,5.83266793759
45.7521078768,5.35535742521
45.8059171662,6.70814832942
46.0526161637,7.14155982411
46.0335669074,6.07626987712
45.7914110508,7.36252087472
45.7886773523,8.59229043343
45.6389968815,7.2610436044
44.8942181059,7.23261833642
46.0284782888,9.97899124129
45.7134527892,5.98534389576
44.8859875123,8.9295810219
45.3251849231,7.09230875521
45.7203339748,7.82304583651
44.9968239247,8.90929164141
45.999552419,8.99328933458
45.1389791213,8.29440768747
45.7105571725,6.53680117734
44.9787202151,8.27341905374
45.8288107135,5.67680915866
44.9681087428,8.73656082413
44.8061193332,6.89820212732
45.0820212565,5.68477962648
45.3039056191,5.42852333596
44.9606762381,5.5541562935
45.1079529532,9.82467922431
45.9425219959,7.29915771335
45.3200919116,8.56259380659
45.0785608298,7.91618420684
44.7893370533,6.76839787624
45.5460731387,7.60709327676
45.2122946402,7.73277414284
45.5501822746,5.73758604311
45.9056317544,9.3780665999
45.8030572992,7.71738425357
45.6065276336,7.90952087475
44.7667177526,6.968557567
46.089974891,8.82874736227
45.1544860159,5.05980558627
44.877660117,5.50691495387
45.2245487828,8.5728209548
45.212203596,8.75091112584
46.0823924842,7.02881659804
45.7296547016,8.07593558697
44.8515362162,8.46762577017
45.3924311219,7.53645332924
45.1540803146,9.26957990449
44.9874671123,6.78920503424
45.0045454466,9.48128211345
45.6657034237,5.05062781188
45.127738549,7.46046431193
45.049818562,5.53230716601
44.862051719,5.79444054597
45.4476390786,5.78933233481
45.1974967746,5.91707756745
44.8012196345,5.86488445512
45.0810862137,5.42467254611
45.1915860515,5.63885895301
45.8171619915,5.88945238616
45.4242023161,7.45919162899
45.5807578077,8.08324030469
45.794450726,9.85660059709
46.035132555,7.82988492886
45.4952727374,8.74428412856
45.508027495,6.36525275315
45.8321617064,6.90158773142
44.8489560669,6.22224930114
45.6381317353,5.41286126229
45.709557288,8.59930377258
45.2320426742,8.23899764719
44.7262139412,6.49442818798
45.52763667,5.45068145429
45.4889924525,5.54487078065
44.705259641,6.75687232271
45.8465762289,7.03009704085
45.6313236493,7.01178629951
44.9453943239,6.67769287492
45.0713471579,6.51684031016
45.5096808257,8.06414900723
44.961975028,6.33240314374
45.5710551976,7.71395790558
45.3882232065,8.46204284362
45.4059431465,8.55687385826
45.3950429911,6.8884845631
45.2268027734,7.65509982994
44.9308971934,8.38528321055
46.0726098694,5.35038134945
45.9837540237,9.72888859109
45.2824511973,8.79091915055
46.0101177551,6.96547489123
45.3632487207,7.02764411811
46.0017497507,6.81369309363
45.3910796684,9.08898494872
45.3869876764,9.40460295394
45.4319674815,6.36269881801
45.5874274365,5.82308162749
45.59784395,8.15768117562
45.9990438229,7.37590186188
45.0513939587,6.35030794855
45.6527872267,8.11286171686
45.3463099462,7.23952767901
45.1803398147,6.13730669387
45.7734613445,6.51571978658
45.0970820811,7.39261727037
45.0383455548,9.40347192331
45.3490754974,8.87571892138
45.1528492401,5.85059990447
45.677402409,5.61033251022
45.7254310922,9.48279129252
45.6014211086,6.8512502467
45.2528749196,5.51552301075
45.6294689919,9.5686686448
45.2630794072,9.61875737747
45.9142903325,6.44506042895
45.9618294915,6.71103034636
45.1177451373,6.05928986417
45.107352513,8.06270460432
45.0892908936,5.81171470859
45.849410147,6.62139066808
45.1854539852,7.49862417402
45.9752937439,7.1825971363
44.7707525919,6.45823515693
44.802707702,6.54829673795
45.8387050371,6.32699854084
45.308235009,6.94363078491
45.7756127213,8.21624623685
45.7714388251,6.26662710344
45.7552186021,9.32508587496
45.5073803385,5.78694088851
45.3806417207,5.70863201862
45.5910805854,8.87540745697
45.8923214874,7.15298765449
45.1933623539,7.06284588846
46.0074656953,7.512080949
45.2893100737,8.29731403264
45.0739057081,9.20706177121
45.5014821645,6.08625544482
45.3250893398,8.1675378213
45.1654320371,9.56507953363
44.7942689382,7.67382000368
45.4270928995,9.48195323134
45.1664732069,9.67628439022
44.8799124127,7.09657164387
45.1468628994,8.44686139749
45.0147812614,5.85754147272
46.090051015,5.67715646589
45.830219526,5.78200002336
45.6222400145,5.6486112951
46.0268152059,5.84046725841
45.7016980322,9.61769944196
45.678268806,6.25251746877
45.6444883173,5.13914524887
45.4629853577,5.16794705404
45.15773673,7.13038250223
45.8063900327,9.41936178914
44.860541025,9.61562700396
44.7246679848,6.01725331041
45.2698731391,7.98644526028
44.9565798976,5.75132242704
45.7226207431,9.72401431514
45.2140003398,9.48397814184
45.1158729496,5.20342050152
45.576768614,7.43300556872
45.3339337983,5.98744648096
46.0726501498,9.68409539041
45.1886286891,8.10772042559
46.1001800709,9.04578635739
45.3394538193,7.4314076641
45.9799622028,7.70949991316
45.1861486434,5.25011595613
45.7470045493,8.93735995533
44.9352774331,7.99079204742
44.8597713612,8.25483611319
45.6727474451,9.29535867896
45.8062981697,7.94666617432
44.7470068895,7.34162568375
45.5546363344,6.30055242712
45.2767278511,5.73209028267
44.9988267999,5.47612855412
44.8937731485,8.06878936372
47.2496364343,6.00979486804
46.5256038401,9.63833299472
46.0805426563,8.66632072147
46.3297700114,9.26643686562
46.2848109515,6.01186297101
46.0757175126,9.91358338168
47.2238054229,6.85238321249
46.3268341139,8.06065165517
46.8670581135,6.16519059508
46.4562030015,9.72153130786
46.395054454,5.06446981115
46.9661554549,6.26274596754
46.4175059697,6.19511329232
46.2029953141,5.50334676498
46.5468355862,7.64615127715
46.6334900186,9.58149946838
47.1504314885,5.33224545571
47.1507902566,8.7785117794
46.4991318276,5.57740793405
46.6354181156,5.93139931358
46.7195303293,5.95844719802
46.1884604473,6.32500363158
47.1242299412,6.26801470854
46.6780522331,7.52373163163
47.3301645333,5.33337268893
47.376102521,6.92332634781
46.227720975,7.119006568
47.0578141046,5.15238937567
46.2244925654,5.23258425043
46.2521339566,5.31893745901
46.8880910345,9.70676103091
46.9794863005,6.44744013544
46.5923972974,7.81090610419
47.0070368456,7.53787487527
46.6869050312,6.60898039039
47.301350746,9.76720725118
46.4121215392,9.19077997802
46.250920808,9.69456709046
47.4042508106,6.72424608339
47.1866430496,5.64046379772
46.6554886113,7.97244092465
47.0054323186,5.71882292928
47.0235616221,9.26678755633
46.2787476829,7.72663001458
46.5058524539,7.83797225808
46.3524658837,9.57532341341
46.7707354269,7.54372008732
46.6145787929,6.79944160511
46.4901949139,7.26568550274
46.3900152579,5.79117944534
47.4256561315,8.01024798935
46.8168024718,6.47326100999
47.2103120478,8.52068852039
46.9673631078,5.89844533622
46.752491404,9.90101796908
47.0994772991,5.84497342715
47.386430271,7.86275798693
47.2113382074,9.5246018562
46.176901035,8.70661919993
47.3372455772,8.8279579558
46.8488122115,6.26334973111
47.2510830852,7.63475324153
46.5279865196,8.07773406208
46.1050820749,5.81341378388
47.0220349089,7.79542771496
47.0770181674,5.24306013368
46.383540713,5.89088213748
46.615963306,6.1110334938
46.809210398,8.95673255699
47.1416372157,6.67287557892
46.4871959654,5.81474569864
47.1848412002,8.43907614412
46.6912378899,8.59619543548
46.4419326959,8.3231672883
46.8174828502,6.94315712906
46.5354229325,5.72297594625
47.4785503106,7.27211926534
46.6853825306,5.84399614725
46.1540638761,8.90629104175
46.251466206,8.94774315043
46.2905174063,9.57718188465
46.5861000993,8.56473969183
46.8989645324,8.56378535129
46.6669011798,8.24419111331
47.111726112,5.64424950163
46.8095188202,9.25479607799
47.0315470076,7.08118865953
46.8305363056,7.62689231491
46.4286195697,7.3458501122
46.9010305077,9.96712137531
47.3239184653,7.48421456407
47.1406177081,6.03446706705
46.4185007957,8.64031384795
47.4339163803,7.1897414657
46.3372963117,5.96846756775
47.2448128774,5.6979946766
46.4467582602,8.7477716828
46.4447170306,8.4514213116
47.1135221778,9.54273987489
46.8300641796,6.84233008851
46.897676202,5.8983807742
47.0845234485,9.89415953661
47.3155599151,9.4282146699
47.1453851656,5.14195114456
46.9899032432,7.20171772111
47.2399370775,5.06123683313
46.1746693451,8.51907686983
46.9115036174,5.27692108294
46.3030039114,5.5675321441
46.645137645,8.15658134004
47.1059538347,9.6918768941
47.3792812295,8.09034047284
47.2526156997,7.44335563825
46.4763505358,8.25137293652
47.0663305508,9.61805634346
46.3949153286,6.29618591534
46.1124322794,5.45098802975
46.843414818,6.62258124306
46.5253199839,8.66056571993
47.3335711619,9.24255704622
47.233144244,8.15106727075
47.0037002149,6.03995901222
47.2423749016,8.08294113722
46.7686837884,9.14422280011
46.8981275733,7.40638832467
46.5790343649,5.87504794
47.3194149607,9.68107707324
46.8120856636,8.69102932511
46.398697187,7.89118797711
47.0259587258,5.4345131437
46.140954239,8.39827573186
46.7832694145,6.57743595409
47.2386579622,8.95148171237
46.316988685,6.9565062334
47.4954329217,5.06435017662
47.1353860196,8.09377609203
46.2510474373,9.3313082655
46.917850029,6.49415634207
46.6583168987,5.60420362054
46.7053082483,6.14477256254
46.8479286791,7.11778582817
47.1360324701,9.63037246748
46.1762735836,9.36509008494
46.1621403843,8.99442901695
46.7168773597,5.21864341551
47.0808676322,6.13683190758
47.0752034434,5.59089112518
46.1944332421,6.02888637275
46.6627324039,8.48406237365
47.1913440632,8.86047269008
46.7669140265,6.66373800616
47.2707325411,6.54744413348
46.5309192804,8.02205722707
47.4506080794,6.83346228994
47.0811264767,7.49595838155
46.496083413,9.18338482263
46.4862386941,9.55859710003
46.582559741,5.79839087353
47.168297316,5.92763377586
46.8536008772,9.01293216508
46.1943123855,9.1209353694
47.2923182252,9.87127588725
47.3249028783,5.65402962974
47.33531805,7.23510814847
46.2583538012,7.63209385774
46.4802938991,6.54766911348
46.7231014914,9.23427523022
46.8378985261,5.45684424494
47.154269526,9.14181488648
46.8839712648,5.37642348856
47.4284422275,5.67732953037
46.9177197458,5.05873024916
46.0592806381,6.54073279421
46.7602529552,8.50486738221
46.7871708326,9.76547212523
47.2521616648,5.28276961947
46.6831402152,9.62153444148
46.4243530839,7.81422966713
47.0601470696,8.76644518306
46.3076701599,8.17468269237
47.4213559444,6.03803873612
47.273570271,8.8128660495
46.9890969182,7.37156659926
46.5860325563,8.18486187719
47.1649758878,6.9395609789
47.3141417906,7.81297585093
46.2702565068,9.87406063274
46.3581010441,8.47839682287
47.1061331452,7.75638095268
46.3759810151,7.50307253022
46.5728737987,5.66211715001
46.5447369451,6.47015096585
46.7767050269,5.88910920741
46.5726855548,6.58568616284
46.2395267795,9.79435091883
47.275973296,9.50980143789
46.5340303039,5.50564067021
47.0785840855,7.39244466935
46.3639492175,7.63197454686
46.5433037887,7.08744924207
46.6215188517,9.36434503557
47.3594483339,7.01746268959
46.7383206222,8.74323337645
46.2941696453,5.04910755228
46.3147154456,6.56290206675
46.2292638095,5.11062070896
46.5666505405,5.4265830391
47.2124518658,9.06058395363
46.2629005006,5.41785155543
46.9231234927,5.95773301831
46.0614144928,8.08756910133
47.2444083958,9.6919799438
47.0609087373,6.47256906034
47.2712870286,5.39886948998
46.3246569975,9.63299997771
46.4408373799,6.60388520197
47.1700330844,7.78584442056
46.4641072795,7.05341728519
47.4580128696,7.57981331174
46.9315286397,5.84506751315
46.9287984631,6.34376839752
46.0622820849,7.92862618925
46.3225972805,8.26288279705
46.6644696054,9.26873168155
46.4471676913,7.65456355926
46.1245744802,7.19870263506
46.6519944274,6.50620022245
46.8929652778,9.17385604245
47.2042914071,9.1943698465
46.7309177306,9.43425617549
46.9446041881,8.71295610532
46.4307043736,9.10204962742
46.151393003,8.09460911648
46.5459334243,6.87879598189
46.2800467067,6.86212649232
46.595817444,5.32341809625
47.4328875582,7.08037859784
46.5064607644,5.65633932265
47.2775453265,9.60283487201
47.0420307362,7.69300936196
47.3510090176,6.51334358061
47.1993629979,6.45642536802
46.1288109676,9.97751084365
46.9371460969,7.97427251885
46.4622157797,6.82943722483
46.6384030129,6.00579099615
47.3258980992,7.39468965045
46.6424436065,5.49248025223
47.2696402961,8.44029775671
46.5791565362,6.34172213101
46.2790364841,7.94782083523
46.0882847789,6.01837471963
47.5551251071,7.20604938717
46.7106009919,7.62825982162
47.3260289315,6.82568715077
46.7383634115,6.51193523618
46.2806662529,7.20090694124
47.3166136126,7.31665353699
46.3297470966,9.81018570648
47.3474987666,7.58193515695
46.7751078049,5.63473271934
47.2529962657,7.19898074181
47.2333554656,7.76442260156
46.9517211689,7.6145729284
46.2716025639,6.10439572427
47.1505034187,8.01749881569
46.876222499,7.22104896019
46.1478741826,7.11315600225
47.1058995279,7.18220935079
46.5298661184,9.32867624289
46.8200790455,7.93033091528
46.2272326285,8.12091337762
46.8578770585,6.55041566522
46.124955206,6.24767325431
46.8606272299,8.75441442539
46.1536207764,8.20379573064
47.0592578365,6.55573375948
46.8753753366,7.75790498856
47.1729198873,7.70316620811
47.1525563555,9.27249960069
46.0333984234,8.20766598703
46.2018869424,5.83510501266
46.3106285518,5.68602851258
46.9031520834,8.80345440296
47.3598810411,5.41327354396
46.1696389285,5.3928004656
46.1961271434,5.7345602196
46.9239175982,6.60603038207
46.7486303422,8.82125443284
47.2827400891,7.71588172483
46.2085751729,6.61550090023
46.6014665703,5.05808082945
46.2157679668,6.25867609626
46.8746181732,9.79473072457
46.3884219106,7.25917989122
47.2549738794,8.65514205224
46.9017277433,6.68969799676
47.2552679394,5.18449673205
46.4685319623,5.4607857243
47.1374991851,8.58088524632
47.3374791302,9.32277527707
46.6691124956,8.06206857477
46.7955887717,8.05705584553
46.7846828937,7.0589748682
47.0463023034,6.90251817216
46.2849937232,7.32024859845
47.1213032648,6.37125778024
47.0973668764,5.41390282988
46.8793252799,8.63754179089
46.9735266629,8.29356751038
46.6300101053,9.91142456376
47.2830628704,5.89252580489
46.7868473231,7.43900402463
46.4846554248,8.39083285934
47.1849956231,9.58650688599
46.8884587493,9.59792193278
46.3704446253,6.85137404665
47.3901110659,6.23473266323
46.7190197522,6.83136132569
46.3307199216,8.78894255586
47.0463882806,6.30784569769
46.6302534552,6.41159580177
46.5591682717,8.26820165071
46.4059016948,5.59964698916
46.7254169624,7.97753128947
47.3480310371,5.74120958288
46.1226321438,9.39949501762
46.4952847895,5.04854746141
46.39009919,8.84545266637
47.2966774087,9.00776385573
46.8036556975,6.08710228445
47.2639533612,6.65794449096
46.3684357443,6.62152982794
46.1379876464,6.47238935722
46.470254573,7.16169193024
46.560792774,7.54186858088
46.3409182648,8.91517023639
47.347345139,7.93341945167
46.93083691,6.41067297872
46.2166592133,9.94688682042
46.6041939066,9.64835555067
47.2280290817,7.34672573753
46.7048527482,6.05241209368
46.6302741035,7.72636190521
46.249540592,6.56353252794
46.7219892742,6.43039712936
47.2930720723,9.15528911053
46.4256217758,9.62439852814
47.0941550121,5.54039347133
47.0407777083,8.21595826265
47.1546633193,9.41684344563
46.3485372921,8.72011959898
47.3992997474,7.39969573763
46.7885495693,6.75171941881
47.1138682615,9.82666507944
46.2623793987,5.17675538955
47.1655747785,7.43684451227
46.0820093505,6.10075143837
46.0597675441,6.43669024117
46.7306928489,8.67649568568
46.2045594622,5.61841551764
46.445221168,9.89726048837
47.1912729534,9.65175677526
46.5004515572,9.00923039336
46.7694989502,6.34276341492
47.1370172584,5.48852291636
46.5894233576,9.04476000332
47.0783846907,9.35698002512
46.0676134473,7.76043453093
47.3587448805,6.08512545706
46.4317129855,5.52195983702
47.3821882339,5.04983729235
46.8036015159,7.81223796718
46.8908254303,6.10629429491
46.140964544,7.78868404387
46.8743181417,7.50852777898
46.5675153493,5.60220564137
46.1920066384,7.52353823467
46.2816216396,6.78958516858
46.6475093657,7.17831135354
46.9195870931,9.04284978725
46.470107008,5.14024436953
46.9791575846,7.00072448144
47.1762547132,9.75811212892
46.8276412949,9.8728304549
46.2106559254,6.42280262831
46.9753474516,8.05997142498
46.1471610934,7.61722001075
46.3465362093,6.05273432606
46.9795530011,5.95881906208
47.1781251793,7.24723784497
47.2285401237,5.34917077636
47.1187139708,9.95266812166
47.2263855388,6.75299871493
46.2794259284,9.0682350976
47.289654468,8.51381488073
46.5484618506,8.46059026009
46.7584943027,5.04065721367
46.8308078095,5.0321611629
47.1426852831,7.94003322682
46.2492669614,8.65468831974
47.0215135311,9.6936106151
47.3834827458,9.03183931585
46.903384929,8.07378797299
46.289873486,6.34817450269
46.938476844,5.68140140723
46.6222948067,6.22006594826
46.8322914356,9.36619115595
47.0230087612,9.54132512289
46.7331571595,6.92297609229
46.8704135686,5.6273353695
47.0835084913,7.01507096505
47.0413510448,8.12429895739
46.3289049561,5.13592070752
47.0521196974,5.76812594207
46.3371121744,5.3380235963
46.4640278611,7.76319299483
46.5439203441,8.36406621769
46.8983182823,9.27464622768
47.1416188171,5.03947035358
46.716100401,8.96317897633
46.6267935892,7.64524026791
47.1935175853,7.11779250904
46.7667982181,7.16945477281
46.773042398,5.18491303916
47.0294305791,6.63188177897
47.3155381093,6.43068323047
46.3118106945,7.0777082367
46.1257980361,6.64417758669
47.0398000136,8.67521866778
46.3901632532,8.13957265469
46.6572698146,5.40127541736
46.9866514081,9.08586319977
46.4433274632,7.41552790009
46.7339391359,7.73399545996
47.2308210707,9.35554233904
47.2105630674,8.34333758813
46.8234550832,8.3544784226
46.6426152346,6.93569558243
46.9731189691,9.78092001401
46.5066195873,6.26495790798
46.5142578563,9.48014541028
47.3251445373,5.24584913609
46.9992818938,5.82907225837
46.6255767267,5.21342204757
46.3899868298,6.52188483259
47.229869348,6.35825204393
46.8575165126,6.3813734245
46.1904571411,6.82133790283
46.6808767194,9.70884232877
46.4953819992,5.94110818399
46.6577575395,9.17725942939
46.3340486046,8.37169126928
46.8950401178,7.31852036544
46.4936388234,7.71133578504
47.0493568308,9.82974761454
46.211760131,5.03458406077
47.1278010283,8.96196950203
46.7214310797,9.84214987968
46.2816290449,6.6288742065
46.2390568652,9.23110043726
46.514422024,6.14244796931
47.3252638682,8.64431583155
46.4457419694,8.05394596655
46.4569415317,6.47609249501
47.2279725222,6.24613779295
46.5419497239,7.75461510392
46.8801475846,7.01976760096
46.5920620155,8.00075901241
46.7343240982,6.2450144098
46.9563037077,9.47342475822
46.967766181,7.28420494053
46.2810665005,7.81979797249
47.3626934274,5.81535454681
46.9612679465,8.61205660727
46.3458572467,7.42245180848
46.5990471265,7.90599477166
46.6432006208,9.8070660368
46.8444924191,5.81765200546
47.1476245186,6.20186735596
46.6708590895,6.32694861068
46.2313860752,7.41923855184
47.0174073148,5.63228666549
47.3203060525,7.11999928413
46.9519193777,9.55077949738
46.381367933,7.97972781251
46.2267500301,9.01735267572
46.7367701198,8.16272857297
46.6972490734,7.44723021116
46.8366008991,6.68692801903
46.3970027976,7.08400442764
46.2224910442,8.3063552032
47.2036301018,6.12677527608
46.6772266647,9.06504923602
47.0845624878,9.07846247723
46.0899252553,7.83338954153
46.7469817029,8.88587886161
47.2613060053,9.95308639524
46.477363378,9.38939537063
47.1652134658,9.48670176071
46.9135271284,9.84903619259
46.1899378637,7.17733155656
47.1776001777,5.24159241387
46.5170090947,6.38284464196
46.9928722465,9.89024855638
47.283868088,6.91605052919
47.3148094327,5.54823020359
47.3871879426,6.35645586411
47.4263016783,7.78855675746
47.254786047,8.2321734622
46.6818896425,8.88202281595
46.3552679662,9.3690865746
46.3342354325,7.55594364399
46.6288703925,7.58817264974
47.352955888,8.22680892091
47.0623632612,5.69566256833
46.3669712768,5.42773635861
46.5818485166,5.96357590283
46.6895445145,5.12414682753
47.2051610602,8.02764814779
46.784259224,9.64369604341
46.3309607011,6.71511662442
46.9330057035,6.7906120576
47.1100827314,7.84476159088
46.1700318378,8.60568136805
46.8028641717,7.31979861407
47.2624829979,7.26457347764
47.0683252702,9.7640125199
46.1495034462,5.27779985439
46.4422987677,9.28478236012
46.6398640629,5.72646154115
46.9013823545,8.94492120771
46.555402269,8.77221286815
47.2704729584,5.78465141733
47.0568466482,8.01307664337
46.2153537914,6.20097803865
47.1909620134,5.42119005629
46.4957962993,8.16388848479
46.3754617603,5.519097169
46.2959169638,5.80696986639
46.7634639106,5.41065295093
46.8137351742,5.34075482968
47.0503690144,6.73321056482
47.0345302467,7.14579637154
46.5070281007,7.46421333767
46.8428974873,9.49086523987
46.4053772927,5.99819759821
46.0968323569,8.31398328978
46.6372086327,8.69629335181
46.4273670712,9.81195595692
47.3173709626,8.03152586121
46.2415371517,8.03836278061
46.9437342258,5.57865311373
46.8937645461,7.69273560525
46.6841708226,7.07510435447
46.3680023318,7.82344685733
47.3779512839,6.61104451713
46.4499920883,7.54897015479
46.0853573279,8.55970596475
46.3702090072,9.88643137677
47.1422986187,6.55204324447
46.3586361089,9.71377926138
46.7785571216,6.17533931412
47.0530472384,6.23461553023
46.1621860576,6.13566896368
47.2258250202,9.45227172904
46.5614228836,9.73771896049
46.9557716081,7.72304547121
46.5087779874,5.242626135
47.0233018296,5.55054491542
46.4753298621,8.55182205064
46.1622345759,6.55475183721
46.4287407178,5.70613553194
46.4144649598,9.44487775254
46.9961661246,9.97597962176
46.7292382697,9.32154095998
46.7543610726,8.41480268426
46.4666789069,6.0514403537
46.107395169,8.47261016219
46.8583550541,8.26633601286
47.4197415485,9.40757015592
46.304551936,6.21972826929
46.5061862124,8.88221624962
46.7491708841,5.51955490123
46.6740186697,8.79187352438
46.9421807679,7.11215973408
47.4952645859,6.61797192637
46.320045382,9.15372259431
46.3724704356,7.73460116974
47.0473414362,8.58517511465
46.4112616002,6.76582550581
46.3297421261,8.63398307191
46.5997812366,9.11352473702
46.9072880627,8.3847741334
46.5501292378,6.99541693995
47.2270586716,5.51336716687
47.0549813302,9.95564360019
46.7784955698,5.11597865276
47.3590316183,5.98190786271
47.0053002011,8.98791696114
46.1535491008,8.00336563174
46.4933786044,5.38846425708
46.9410523986,5.46677700928
47.4023346453,7.31896739831
46.941156458,8.17468876635
46.1299893939,6.38544693157
47.0138819894,5.34698022431
47.3131736355,6.31482916439
46.3891628831,6.41213252186
47.4043972695,5.49635907521
47.1268558399,6.80579291892
46.9387865233,5.77221036735
46.2407411584,9.53474848414
47.4645332092,5.5798608654
46.8559758919,5.54187000999
46.4072717749,8.22928429614
46.7246408979,9.97771082521
46.5529150984,7.21659062425
47.0920838901,8.30629294025
46.1984052546,9.45348205349
46.7138338846,7.26450716918
47.0856158426,9.45546265399
46.4441080014,6.94298528592
47.1670859565,7.028811406
47.2056823608,6.60764507063
46.9808564707,9.61760646863
47.1928647324,5.8295665669
47.281798005,6.09042807364
46.4896339619,7.94758334292
47.3079661112,5.46787043921
47.0243775416,9.424520436
46.7267343636,7.90335826162
46.4558345274,6.35861228705
46.4940513603,6.64549558536
46.8654801991,6.74037333659
47.2620534636,9.2561950918
46.2201416702,6.50240938538
46.9841680581,7.46243582201
46.9715234614,6.70548073582
46.0740454439,6.73897645585
46.5284750836,9.10348036312
47.1050904439,8.48986301561
46.561548608,7.15022449639
47.3113909281,8.14228895285
46.386485533,7.02569670178
47.1690084587,8.25398457936
47.4207312672,7.47790839357
46.3474961812,5.24351213834
47.1387412628,7.34375491088
47.2351520965,9.81857569689
46.3990449299,9.98271066243
46.7531579014,5.74443881602
47.2053115611,8.60732330487
46.1351541068,5.15928211762
46.1696419187,7.87773718568
47.2353999795,8.73466129555
46.1758344708,8.80022357172
46.2684023929,5.91930379246
47.3821923151,5.59084459804
46.2004514985,7.7715630643
46.5585675783,9.56120226472
46.8048175373,5.25715075543
46.5841980887,8.11345585068
46.5185901961,7.35880376901
47.2737191591,8.88292284304
46.7790141552,8.23311772057
47.0239554519,7.90226334971
46.9209395107,6.90479505958
46.4291225712,5.2014231757
47.1745198882,8.18289450182
46.9599673592,6.15145689625
46.6982831012,7.36395197695
46.410335386,8.94743603549
47.2437721465,7.95724160802
47.3563975925,8.92928767476
46.2265378473,8.42980305894
46.6059868234,8.95393871699
46.3558060014,9.06892045459
46.5275856375,6.78599270579
46.8329987373,5.96718495472
46.42716871,6.10366289118
46.1496715999,7.71076024993
46.6840816925,7.82551015482
46.9572507161,9.3585385853
46.1358670693,9.76168370304
46.5840941324,5.54684643045
47.411239525,5.28857361037
46.2219679984,7.71560350477
46.1285705988,6.92258281743
46.6869597365,5.03147539483
47.1853750603,9.89132363144
46.3627083967,6.12491911845
46.522980632,9.97363629077
47.3320276593,8.32604058254
46.2226875419,9.60251923066
46.6238224419,9.48690449136
47.2129619517,7.85665612983
46.4159364321,7.47168933814
46.1209576203,5.58995733508
46.2743656318,9.40772691543
46.4788374868,6.72291774462
46.3705245707,7.15499231186
46.3003029983,6.46618859521
47.2800368673,8.58282788534
47.3696350634,7.69259024444
47.127267107,8.39228617742
46.0337050519,5.92239744393
46.2702181303,8.8549546679
46.4206993479,9.52445583476
46.6100581182,8.85275764152
47.1469172597,5.73593954532
46.7124682419,5.31316774244
46.4302065987,5.32975675924
47.1042592348,8.17420584135
46.8368429543,8.1561369623
47.2137968875,7.531087879
46.2196948457,6.70615670898
47.0604083363,5.48637092053
47.0204919286,6.80641892087
46.8068736463,9.95514500664
46.8483455374,8.47933861995
47.313854639,6.7296722203
46.145938271,9.55325680401
46.5731274952,6.70214292324
47.2557169142,7.01414592854
46.6118940781,7.29284201349
46.4170840052,6.68514676003
47.0012628731,6.37696089754
46.9800481514,5.17920957361
46.9858637506,8.8624917243
47.3237850463,5.11854317093
47.3792312626,5.89653157394
47.3025176217,6.16340839826
46.6071675883,7.06014541466
46.8632429684,5.16485648329
47.2544321251,5.60296270492
46.3753984303,8.56299828486
46.1521067147,9.65299023612
46.2943514859,5.48194534964
46.4691694125,6.42027023766
46.2922698525,9.96010751069
46.9749768031,8.50891230047
46.1232898483,7.36924874577
46.81720281,7.71932124069
46.686428985,6.72176180093
46.5277191298,9.85284580704
46.2824944862,7.49653073996
46.7181953217,9.54870880326
46.1519342508,5.92256231262
46.5562665345,5.14482183754
47.0578089971,5.94099283679
46.2620064146,8.74219058717
46.9530524662,9.24007315797
46.7502042473,8.30648382174
46.7800727194,9.03463731827
46.8509181949,9.08222190619
46.0952512056,7.51464968036
46.9931825343,6.54279384356
47.1188449032,7.6051170998
46.8041108498,8.58457584564
47.0940966114,8.85764353023
46.1851331275,7.26643753606
46.9037718556,6.04009715868
47.0985480659,7.10101727508
47.140254424,8.6804506153
47.0743793224,7.28389782028
46.5774718282,9.25160594877
47.0861201952,9.19096569192
46.5130803424,5.33219950471
47.1538032231,5.57089031752
46.2703914368,8.54413793539
46.3209589474,9.48587705948
47.0204159342,8.40419487175
46.9977712728,9.1659584346
47.403993526,5.18302369599
46.5709051431,9.1685114995
46.6077684756,7.43680323412
46.5533327591,6.03817533481
47.0407552099,5.06445064904
46.8475713582,5.70884237154
46.7999565139,8.77510518046
46.7155202061,6.99554062592
46.9200228749,7.84782713969
46.6467930489,8.36013994208
46.2038637377,7.01971809037
46.8309939668,8.86159010454
46.3211164981,8.99548869689
46.1834372473,9.2876833152
47.4962184451,7.38840134877
46.3978266706,5.15660724963
47.7129269792,7.39558780951
48.249645223,5.21214885697
48.5747801193,6.70252989892
48.2465375097,5.31023657119
47.4738384277,9.74726692735
48.192350633,5.14289781641
47.690103773,7.08220198106
48.3719294044,8.31240080301
48.2976903577,6.86306062873
48.7376928833,6.23883392545
48.0101050127,7.89945673854
48.130439967,9.1482400567
48.23666563,6.58659945253
47.5088052495,7.11935387387
48.2201441473,8.97241205755
48.3229807828,8.59905118
47.4313291224,8.69973356373
47.6806410907,8.77554129909
47.8696156635,9.7701011075
48.2506334181,6.50748173573
47.6742102045,9.68759064799
47.867494493,6.7793999707
47.7005450289,9.25977867703
47.5847577837,5.44178167295
47.8028023254,8.29333869232
48.6928225272,5.77559880604
47.5388704491,9.40635732594
47.919337709,6.78574980242
47.9676748281,6.00667659946
47.6209227995,7.41045011113
48.6045695241,6.1125091712
47.4950916844,6.22302379124
48.0522059387,7.08445984326
47.9785621943,5.04457982732
47.6000884909,6.69250356789
48.5452880687,9.75550860533
47.6776775146,9.34533888377
47.7286238615,6.26800679364
47.861799105,6.15376961505
48.3490864826,7.80093468228
47.9624070232,7.505547879
48.1159211027,6.32316864325
48.3118144757,9.45416282572
47.9923436671,5.60394881
47.8053691868,6.46730424218
47.8115408283,6.71488126911
47.8548464374,5.37511894905
48.6609493102,9.77732410765
47.9351285571,8.10374669257
47.4777155445,8.74601571703
48.6063613308,8.79802815501
48.6097866495,5.59557449598
48.0553887602,6.849165735
47.7803779698,8.97111494886
47.8571669372,5.46549931173
48.3862305569,8.66863811242
48.1108991379,8.6836900026
47.7246158229,6.64828643506
48.3405079226,6.13313273011
48.2238983454,7.25438769305
47.3997288487,8.63530545044
47.5692765892,6.16044800286
47.6930946824,7.31143472843
47.5870087771,7.08124091549
48.5108685349,9.85783491644
48.7823947115,5.60731539307
47.6805964889,7.22262515497
48.2080123672,6.00267714276
48.3098273113,6.29525828238
47.6721428035,6.18962895277
48.4124202961,8.75977468975
47.506482369,5.99668367545
48.0604091458,5.7057224023
47.8374442894,6.36660963487
48.5332414414,8.37537302375
47.939956639,9.73200210569
47.7986838766,9.06117762049
48.5139551236,9.19554594757
47.8558726201,5.23947103788
47.6499224351,9.99061647779
47.9097790452,6.98215698064
47.7043251626,9.08090158476
48.5008991813,9.37753136242
47.752100428,7.45826128282
48.6188343295,7.09789268704
47.663762966,5.30028931292
47.582213613,9.12468408599
47.4773917968,9.51415055852
48.1551375754,6.55241148781
48.2162846153,8.77053765588
48.5009193344,8.01099123795
48.1114762324,7.87572874569
48.4042754535,7.46081616776
48.1848510398,6.23571048659
48.2385752691,5.64979544133
47.882132635,7.40068283728
48.350110843,9.16767079257
48.6610943309,5.34825581479
48.252185703,8.67469768893
47.9767473191,7.13389201492
47.9403029727,9.5115677141
47.877412709,8.46603990434
48.5643446823,7.86335983177
47.8104457483,6.616386311
47.9638453333,7.6335531388
47.6234248458,8.91245723424
48.12411238,6.75022957812
47.7321830318,8.11438306746
47.7867955221,7.9936051955
48.5541488858,8.58225854454
47.5440708564,9.87031479504
48.0644482919,5.32298809265
48.030977649,9.56097174282
47.8563244654,6.53626082842
48.3501242841,6.98045855623
48.013466967,5.95109952555
48.4423762137,5.38922125794
48.2949446227,9.35222839706
47.7561287705,5.16037009027
47.8507446597,7.48103714284
48.0466203514,8.52629763938
48.1574879232,8.43420740842
48.6334699302,7.0225663275
48.0301013529,6.4569642423
48.5327211915,7.68124214065
47.5685432482,8.97322985004
48.1326797597,8.73197060157
47.7087736517,5.50678796941
48.1043690859,7.49606740342
48.1761691458,8.67324053076
48.6515480264,8.42136086559
47.668331781,8.17552603111
47.9358312255,8.71729302133
48.4675090106,6.69610578346
48.4071638942,7.98887583464
47.8492474685,5.78841556078
48.5139498329,9.46351695943
47.9332075151,9.40936392219
47.5815111331,5.90244678081
48.0107540973,6.10828461845
48.3024550689,9.1124284648
48.3915629649,9.08958750605
47.8445119414,8.37825216722
47.5345798146,8.40497296078
48.0877499584,8.04529434003
47.9665471705,6.52427320125
48.4533627504,7.67167745523
47.7247857075,6.98233230512
47.6013243961,8.83228959856
48.3036838065,7.43260500666
48.0060101479,7.23973238934
47.8232299769,5.58893411334
47.3720691817,8.43155797457
47.7327949635,7.7165366182
48.2812612453,7.33561279594
47.4598649508,8.36669314005
48.6528571964,9.46228807951
48.2224875424,6.77409264249
48.4038757587,9.16170943503
48.3712573101,8.98888430888
47.5394045793,8.74185788409
47.9217525598,7.86708464622
47.7559552645,8.20129807686
48.3670847151,5.460543405
48.6029513768,5.78017905258
47.5444906585,5.40548350067
47.4706620427,7.89848927429
48.1444633774,9.94920470127
47.9789621659,6.388557973
48.4108878531,7.57947896951
48.2145576203,9.46915728313
47.8329323324,8.68873222392
48.1055131614,8.90538604643
48.1476070998,6.65155751645
48.1197605068,5.91943969499
48.1518278531,9.71823087253
47.3767112428,9.93262153297
48.568097882,8.47406433035
48.5042022526,7.03980719564
47.9035799693,5.61925414362
48.2635304737,9.03432393109
47.6530967883,5.8640358858
47.7254488363,9.95871815163
47.9390866362,9.62814889441
47.8252177379,6.26152187381
48.5390303397,5.44414972303
48.5189093719,6.08820577114
48.3221698576,8.91187778008
48.4523667183,6.25748863728
47.5037329767,6.93190737587
47.5088949988,8.09102927126
47.7794556231,9.62991116269
48.2660318065,7.79411706328
47.8988647937,6.20710952757
48.4121348408,8.10819359978
47.5865500462,6.88510954281
48.4433850497,8.22433617217
48.5886205116,6.02211396658
47.8198020919,8.10018434928
47.5009535568,6.71619255561
48.5295295522,5.62435437943
48.4321652965,5.15121455988
47.9143041521,6.63143025378
48.6900213213,5.5519575835
48.0211154576,8.30344080416
48.0010847685,6.73222786803
47.4632296552,9.65065597204
48.75099337,6.09323359215
47.7755043116,5.36535645287
47.3462463573,8.73902295297
48.4649570138,5.71903233766
48.5752307095,9.53854570641
48.3254317646,5.97194603341
47.5971523693,8.27290565063
48.097360864,5.06575095401
48.7220663128,6.88660501791
47.3897067132,9.19678061843
48.2533601879,5.39214420015
47.7986735594,5.99811951939
48.7667538407,9.52760738005
47.8587028087,9.55994435418
48.1934460805,7.16756003533
47.7601582127,5.45050528092
48.0739433317,7.77353973906
47.7197791361,8.48246488989
48.055222107,5.52135992752
48.1653212739,5.73983005673
47.8947054324,6.44375760542
47.5112241826,5.18858938846
47.4228962458,5.84788944894
48.5702378628,9.6410211349
48.3174675311,7.20564006795
48.1024948916,8.25203620557
47.7610860319,9.43875815077
48.4484350545,9.03280668234
48.4326727317,6.43648588576
47.634197257,8.01919696055
47.6394115627,6.46740121544
48.5056308812,6.89624279702
47.9939830298,5.22825901507
48.137891215,9.0258061309
47.6621571307,8.09219025885
48.6345726519,9.09910269892
48.5075074463,7.43771536662
48.0072997734,7.98721845463
48.3200566942,8.40458675397
48.2392819111,5.89518223928
47.7475466079,6.54309507227
47.5218327383,8.88892273157
48.0553298891,8.97839196378
48.1674511496,8.51515524002
48.0221119939,7.41713041961
47.439606277,8.09201706413
48.5664021922,7.60996676236
47.902475465,6.72929697953
48.7178390608,5.86823796154
48.0351203123,9.64096737397
47.3808983011,9.11216205223
47.4676503314,5.24640548473
48.5856812704,8.66690774289
48.471163791,7.52086518179
47.7689567158,9.86205881601
47.817909638,6.98487632157
47.5444514234,7.79669763884
48.402955465,9.37044427177
48.1932487011,7.80221983787
47.4945762101,9.82094674669
47.4800469762,6.32191431882
48.5098169852,6.49731830954
47.6174094468,5.52197704333
48.7071993466,6.78839245444
47.6645240769,7.55937980297
48.6518190783,5.93976755543
47.9056383112,6.89569188736
47.5242448691,8.19302767835
47.7643657388,7.25465446685
48.3849568539,6.78106368892
48.74284817,7.26846564891
47.8239246359,6.084938545
47.4343588558,6.50358220278
48.4710303541,9.13474951922
48.6047611724,6.54308431249
47.6448575328,6.94933484528
47.9740743413,5.49146472755
47.9080222945,6.36324231663
47.931950802,7.42687087937
48.808670292,7.43328126649
48.7498810615,5.05311144766
47.521774607,7.49869531615
47.5965837211,5.60896744043
47.8650607061,7.2539063012
48.7081556945,5.66663329148
47.53489534,9.30113793784
47.4413004578,8.57629362733
48.6639081827,5.4420786683
47.8600216169,7.81746299516
48.1381738515,9.27407396306
47.9398710197,8.00411158082
48.2960960089,8.07481758238
48.1266260099,7.26609799484
48.4023819818,5.06147587364
48.6455026713,6.85724738656
48.3043549264,7.96907461276
48.6037220172,9.91359624629
48.4063920985,6.06008405775
48.5036173261,9.9741109615
47.8042066344,7.76270856516
48.1750978007,8.34038521169
48.306364453,8.75005742865
47.7481004162,7.16763439222
47.6260610871,7.86593383744
47.7158603546,7.90310059342
47.603397187,9.30315420467
47.9642733048,6.82362143376
47.6899095819,9.53113888487
48.1458048779,5.48008402606
48.5863871469,9.24488376089
48.0709125294,7.64538086386
48.4606056006,5.21040242941
48.1753397614,5.36880209881
48.3259397615,8.19014968321
47.7984614732,7.66003982167
47.8398266916,5.31153841775
48.6595115434,9.16903545427
47.8424373614,9.46327654586
48.5480960405,5.91168313764
48.419305529,6.50684572396
47.6055287611,8.21646505505
47.5795616706,6.25353066054
48.6443971076,6.20288765332
47.5487696205,9.96733921988
48.5549275653,6.31067620599
48.5862956855,6.90186450717
48.0544400942,6.24595683841
47.5636726638,7.90708654223
48.5858615281,6.79618439044
47.4021642687,9.82119699418
48.5204016754,9.05498362833
47.9325050614,9.83270535595
47.5776965247,5.70889898216
48.2482169237,6.67924934571
48.6675385852,7.867473735
48.4320248753,5.62871970366
48.0314547819,5.86853851417
47.4671348727,6.1211749739
47.4256366914,5.93513028717
48.3443227683,9.25769027398
47.5319975146,9.59286553358
47.6216672647,9.35893735685
47.910555229,7.16855324195
47.9086100383,5.09148933525
47.5972867076,8.14792365835
48.5492718656,8.85336227561
48.727816037,5.28397998309
48.60489884,7.91906751593
48.0407359334,7.33442906533
47.8461156179,9.96270639951
48.6001155093,5.54219468789
47.7798699453,9.74680119534
48.135324416,9.61059965893
48.5741029068,9.39023456065
47.96655846,8.94469090612
47.9289258438,9.19542038298
48.5818256024,8.73188037442
48.5401685856,8.08957151723
48.5656015943,8.20166320035
48.3191653292,9.88554906655
48.6626989611,9.5821839634
47.8567493481,8.9223827537
48.0479868833,6.61144018477
47.7661249997,6.33854327764
48.5656121496,9.13557587926
48.5266406674,7.76530398679
48.108916925,6.95642671009
47.9391632975,9.29674661559
47.791595757,7.07055465836
48.4150309829,7.03430610681
47.3649519785,9.52257643745
47.6582394793,6.28776810722
48.6541311275,8.6409881771
48.0741821049,6.03349942043
47.9100476001,5.84998358537
47.93418782,8.51428710306
48.5949169163,9.05386667627
48.2098667465,5.54978107874
47.3890485443,9.71718096746
47.5893338445,9.22129630064
47.5613309386,9.6692425132
48.0265095562,9.90154466094
47.7741523191,5.5158520762
48.4363064877,7.75646150132
47.594656572,9.52331701658
48.4625407661,8.32018357702
47.9486053469,6.28278014544
47.982693813,8.45254670023
48.5799638557,5.83906756995
48.1760972511,6.85806663264
48.7381746339,6.6748668294
48.0952679199,7.16676775229
48.273001966,7.08692385157
47.6457102233,7.00597520736
48.7357170908,5.93719328266
48.5777854334,8.99831320199
48.742908894,7.56280243847
47.8735367876,8.02563583692
47.8671762732,7.58649136247
48.1520439938,6.06165646901
48.5613231766,7.04644211895
48.4700423257,9.68150555023
48.6887379512,6.38514709584
48.1027380413,8.47216509702
47.6985514585,5.60535150604
47.6879574072,9.60107694023
47.6183133165,7.70782780093
48.2360822397,8.88821969336
48.2430735611,9.55871276037
48.4544638132,7.07892871105
47.5954639012,5.13222952832
48.0101433444,8.63005625265
47.7785356677,6.16167454976
47.6182186071,9.04876596077
47.7226788219,5.97938312433
47.420594144,9.58094245741
48.0757262632,9.69608620766
47.5981320083,8.35629815873
47.7535381786,9.35947743991
48.1147513646,8.60176436507
47.5236226701,5.29742094969
48.5712971217,7.24121869381
48.4580727313,7.85975507713
48.0283136598,9.20892116646
48.2307817331,9.86594518496
48.4866633362,5.10868239822
48.1594013896,6.42912943946
47.9642359169,6.06096531464
48.4309246443,9.78196372532
48.1680542531,8.84846322532
48.5448237814,7.51916272742
47.3710001533,9.62847871578
47.9218647108,7.74955321655
47.8950426771,6.02817114155
48.3738773874,6.20599568021
48.489176577,6.80413615415
47.5052334285,5.82180865823
48.0879590026,5.18225125098
47.6210131415,9.61321915781
47.5295229618,9.05686373114
47.6505097541,8.49496273697
47.9763963966,8.55477053774
48.1477372855,8.16121742835
48.1455023586,7.57958248147
47.7171981265,8.88236051346
47.4420064818,9.30544015999
48.6256822992,5.14515226881
47.4308918455,8.82937105204
47.9814356487,8.3707834659
47.5081961398,6.42732259589
47.672337256,9.43483243307
48.5401432157,6.61586357357
48.3785419608,8.50396219052
48.6427742061,8.56943853731
48.6419197107,5.84932512919
47.6562345276,8.4239681861
47.6471687048,7.15904332909
48.6532962544,7.31674460306
48.2821590889,8.96422077468
48.6877217858,9.94740125149
47.6899838939,9.78767731363
47.5781917515,6.98344385231
48.5343782079,7.1331380048
47.7322198959,6.45237415667
48.2681168392,8.50368316076
48.2098485621,9.77604287025
47.439266245,8.26209737712
48.2164014005,6.11760219128
47.7065058618,8.04267502602
48.610310846,7.43242567132
47.8553750944,9.83587823655
48.6057524582,7.79973131091
47.9222239502,8.39223505963
48.3229517796,8.68987861512
47.7740692634,6.40192038301
48.3677359521,9.68486635241
48.403527773,7.30929420544
47.5880542264,5.23191211482
48.4727063082,5.26744807741
47.6968251402,7.98255970801
47.9602504313,5.8877551102
48.2388381987,9.29354632435
47.7657159248,7.55742757984
48.6181543467,8.11969802399
48.0410985462,7.01093837828
47.5249232044,5.64304530448
48.4573882376,6.97414238256
48.7249772883,5.1616495608
48.293240933,6.76617964051
47.4780696998,8.48725244163
48.3625336287,6.38154515919
48.1931059972,7.3231221753
47.9497144986,5.38418844623
48.1190042775,7.37807824575
47.9206313167,8.30312703107
47.6660122304,9.16257807257
48.338247646,6.70129480295
48.2489253061,9.67756860451
47.5708420544,7.60358747644
48.3020273855,7.53562752477
48.3315488993,5.86731806985
47.5418291201,5.5682781031
48.6465631703,7.64539476128
47.6671935403,5.41863302356
48.090599057,9.37615461365
47.8724555382,7.03369983973
48.0689392484,8.39035599975
47.6971480717,8.57175444499
48.0251741296,9.43468741632
47.9334453307,5.16358167819
48.0646487463,6.3910658413
48.0063433825,9.69429558153
48.4344096453,7.19499110794
47.5224833487,8.80149225309
47.7683812566,9.5258349818
48.2731292879,6.41306246447
48.5610657907,9.32483284443
48.7779678174,5.73008202584
47.8619779253,9.90140164995
47.4555476638,9.94926732538
48.7299037596,9.67698473255
48.2574086226,9.96695380823
47.7954998644,9.94837841007
48.6472163166,7.54536443689
47.8189772344,7.88448703778
47.4762827997,5.90374989494
48.4897998183,8.14948780061
48.6836842503,6.12749710139
47.7263849916,5.81207803926
47.6312797219,7.25640212833
47.960739272,8.20971472653
47.6087596555,7.5110395545
47.9653450129,6.17774893363
48.1932894183,7.97270538968
48.5208188355,8.77368415944
48.7445150831,6.38054829138
48.3415014459,7.6776614575
48.1997497014,7.53746753231
47.6913001982,5.0621762783
48.7680476955,9.39885331725
48.0446121082,8.15685118063
48.0263391572,9.08599460546
47.9433176125,9.04944491731
47.3661430904,8.53839659629
48.2861393743,6.19676899705
48.1513873906,7.71000182603
47.8084182903,8.86587075829
47.7754491449,5.6957435854
48.4950025555,5.99710668915
47.9209499478,5.28559451226
47.8926133247,8.82663522906
47.6670737705,5.19980256249
47.8601585113,9.69259323528
47.8140124722,9.27015389377
48.0399273866,9.30817352136
47.9016253136,7.1011044965
48.3954801085,5.26375372911
47.4230812339,5.77625129541
47.6744910742,5.92740949168
48.3488887592,6.47525544773
48.4127343801,9.89485279181
48.1010183425,6.14695782852
48.0066843127,5.13010105604
47.7541971265,5.91164392165
47.9340065618,5.95459209622
47.6857611091,7.78924243309
48.0466574702,8.83238720805
47.9269579356,9.96985073916
47.5989531581,7.31195381037
48.2461747833,7.7289399377
47.5336385121,7.30496119821
48.4443818713,9.21989566009
48.7284736137,6.47194123774
48.6944178595,6.57625973803
47.4291558223,6.41395580376
48.4974259364,7.94535504842
48.0243481859,9.78006534829
48.2193365899,6.3368566538
48.3547051236,5.68741973251
48.3011559633,6.06708410464
47.9207108144,6.11006552888
47.4391820162,6.98865631641
48.455371147,5.52945634836
48.2644140294,7.8764003552
47.6167939962,7.94345908399
48.5885626202,9.83300455518
47.7872478685,8.78185623743
48.3109002198,9.78604698725
47.7988010877,8.52801991129
48.6592436251,9.33753789389
48.6528490829,6.71900089771
48.0017589258,6.94488561682
48.1131138316,9.48329779627
48.2309948004,6.96893668131
48.5506075859,7.92956368201
47.4200717156,8.16405573268
48.4763092837,9.57231160564
48.4593024669,7.38606020979
48.6287504242,6.63042591237
48.4089418285,6.88890367939
48.4297192713,5.9047214818
47.6099629786,5.79780917451
48.6541896412,6.93538658525
48.5341408252,5.32429565788
47.5614786947,6.08114729879
47.9454073973,7.34495617669
48.3461359357,9.9560820186
48.1550162457,7.06442645013
48.3359898522,5.56824680011
47.8503579789,5.90648396948
47.6968118821,7.63982747374
48.273603274,8.30224311182
47.8075390919,8.44378331493
48.5071589842,6.40172888742
48.6303831176,8.31215240009
48.4962427972,7.58058843741
48.3297732464,6.58483334797
48.0916640358,5.80842033984
48.6114407729,5.65179677054
47.623031213,6.00443827006
47.631161928,6.81850306638
47.5000045827,8.64346238516
47.5816148851,8.55904370163
48.5964540228,7.71140298152
48.2089657128,7.43991719432
47.3205197942,9.06893111736
48.5970913133,5.38265084886
47.7801967031,6.8122911912
47.4719799226,9.88827990408
48.0488563475,5.43409069802
48.4942464521,9.29733463312
47.6896201773,6.8777291311
48.1996830636,9.37683384629
47.6824713684,8.98729812809
47.6258011658,6.10510571537
48.5001670963,8.68042977717
48.0509115507,8.74139107084
48.4969397335,8.44445558585
48.5009276972,8.94905041352
47.8829300468,7.95345543417
47.5810778763,9.77708512475
47.8825426493,7.66210829704
47.5072695338,9.13227006065
48.3396185865,5.16630973053
48.0169689063,7.71280393671
47.4852396801,7.68959022806
47.7581116416,7.8298368008
48.6976371271,7.40036100924
48.3807751194,7.10961196275
47.6447754846,9.88788330061
48.5465545391,5.5290706951
48.5337967243,7.34142644455
48.1185827903,8.80776685484
48.3557766297,9.57188919127
47.7992898734,7.36359465853
47.6921718948,8.28701968047
48.206712493,8.2365262303
47.5888674605,8.08525182245
47.5114001939,7.0586613074
48.2319886877,8.41912891263
48.0640675687,7.95487120279
48.5615079761,5.71639165365
47.6693261229,5.71314698202
47.5431788309,6.52267100687
48.4442368354,6.15697421331
48.4906759127,7.26030065342
47.585999607,5.35542585388
48.358510637,7.90044176207
48.5057378064,5.81810407908
48.1212073185,5.60040302257
47.7941005934,6.89870714229
47.7682593071,5.26639725052
48.0333430518,6.32807659967
47.7155018799,6.07173522818
48.2284872142,7.63013719114
48.6253374001,5.2482883668
47.4843221238,9.21291753728
48.0007864392,7.81675871207
48.4045393455,8.88171294267
48.0244133029,8.23584398962
47.9800123617,8.84678654887
48.3832720009,6.66060069141
48.683527637,9.24681548653
48.3043670469,5.2601981236
48.2380236112,9.19612690602
48.3322027508,5.35638006158
47.4654553366,8.97982761416
48.6863481116,6.0395088351
47.4550476521,5.38567251071
48.2189900876,8.59576606015
47.5050302288,5.73251764879
47.9652946847,7.03877095603
47.9102980532,5.69527170699
48.4268363373,8.40526826292
48.0328092944,7.56771366001
48.6070357681,6.42809133758
48.7197083327,7.47344566591
47.5265715875,8.29433935205
47.6371187098,6.58337691791
47.5830412751,8.45719927266
48.6071229908,5.49040822667
47.5377139002,7.99595277402
48.7870356759,5.52713495586
47.6106106066,8.69066065786
47.9727263011,5.788758832
48.7502590477,6.16640016977
48.6495605533,8.5034746652
47.5049111749,7.00579449702
48.5489433128,6.97573249229
48.4761999322,8.83432470344
47.4494433193,9.07552451492
48.6770018792,9.0306147116
47.515576265,5.48530815396
47.8578889665,8.20284865768
48.1272505685,9.83138145546
47.5577423472,6.79080115033
47.7730710411,9.1635879948
48.4452825516,6.58408837491
47.8428905038,6.83162317017
48.2133391093,9.09897981368
48.4445772546,6.35066791874
48.169119188,5.25538799143
48.431431158,8.598442251
48.3187970556,8.82578672328
47.8505333489,9.3611822123
48.5399416816,6.18985166045
47.8138696881,5.06015108062
47.4440175238,9.14312527002
48.0715005961,6.51569757431
47.9535938005,7.94235632809
48.4784541785,8.5127575118
48.277509042,5.06130035485
48.6955079581,9.86960764885
47.7969158572,8.61733404492
47.5916423277,6.36086323497
48.0036291295,9.36826418324
47.8943334477,8.59836050854
48.3881836329,5.79347724674
47.8869357779,9.11217245443
48.2745184469,5.77971025585
48.6579296518,7.17493444925
47.8777382802,9.01187438151
48.5263982758,8.2906073758
48.6444655854,5.05231601281
48.2340954464,8.1531391243
47.6955855757,6.37826276948
47.6995218753,6.75861381441
48.5380132898,5.17816929389
48.2620259955,5.47440454209
47.7296807649,8.68083294706
47.8409101707,7.15000796915
47.8576376158,9.19759468252
48.639447972,9.68998962637
48.5440224349,5.04821194996
47.9846266134,8.78851263344
48.1917792495,8.08116963627
48.4143737151,9.48255469416
47.7429539679,8.39477628549
47.6793779447,7.48985578456
47.9098562309,5.54538112466
47.8551496579,5.15538672634
48.5902743176,7.99897506321
48.6349046312,5.70987619913
49.5095643225,6.84628970575
49.7927736745,7.36135427611
49.5187154238,6.53042610837
49.3563119054,6.2241026979
48.8258090011,5.32632233949
48.9241191529,6.74858406941
49.2958557893,9.76281250342
48.937962671,8.34812058711
49.1648537534,9.80251622565
49.3027036293,9.2723247536
49.3014116132,8.20635755474
49.5203726526,7.45222899282
49.703745644,7.67937308717
49.6288230927,5.58949271773
49.092132331,9.96407473813
49.183930114,7.20524439586
49.1794945192,5.53111381214
49.1820614871,5.98303972199
49.0556529968,6.38451393486
49.3156184498,7.91301058904
49.3522935897,7.59896834588
49.6606448706,5.66100778875
49.9062388383,6.76212929334
50.0841003632,6.87893896376
49.5161335252,9.45524185211
49.3587771742,5.27304189418
49.3178278386,5.51123795362
49.3664135516,6.46099887625
49.6255437278,5.80169548986
48.8574376449,7.0892645977
49.8382100785,6.95455860931
49.9005859929,8.73971192918
49.643922827,5.5307294586
49.7680009399,6.49247379515
49.7809623079,5.03907980692
49.8305222767,6.85198731807
49.1437335475,9.16642634512
49.1659732485,7.72299728556
49.6892747656,5.2999386808
49.889953039,9.07762940277
49.6335083925,9.5860813811
49.9221342531,9.59365488557
49.4436789141,9.89751416137
49.2391713788,8.90295044349
49.9464770473,9.34519211573
48.9229437575,7.95650731674
49.6456020375,9.29262190374
48.7799393781,6.31112244874
48.7806381971,8.56528503152
49.9668135403,6.21843302402
49.5592191223,7.560184144
48.8676477448,7.1697404175
49.3398400663,9.02696979021
49.993241632,6.92424277281
49.1174994849,5.54264204809
49.7155990629,7.95496244489
49.75541598,8.36959315481
48.7750930244,6.58331199422
49.4879926125,6.05365473037
49.8389936986,7.62456660496
49.5767947602,5.04538823571
49.1894553963,8.20178916149
48.9789221399,5.55565876381
49.7927751139,8.80560424912
49.5116007877,9.04607148483
49.2333378906,9.19292483511
48.9853175844,7.80690550358
49.4911492031,5.65601503431
49.0315283761,9.30527842769
49.1452297377,8.5849109829
49.396025243,8.49820480181
48.7751365322,7.97879563266
49.3455906025,6.97938776926
49.2897728586,6.16160950114
48.8549118443,9.76427253966
48.96567363,8.50619818395
49.7510553573,9.36549315981
49.8754418148,7.5398049619
49.0271332226,8.73109863499
49.8794421386,5.82454603624
50.030707047,5.48369539526
49.3800655031,7.78829400978
48.9414300671,9.59305320866
49.9163071288,9.44972534188
49.4807932591,7.83242608541
48.9029020448,8.72805926911
48.902919623,6.84014367059
49.1517530554,8.69583740832
49.3987611909,5.92195833102
49.1744320042,9.50292547814
49.6993390859,9.90979076072
48.7860239691,7.62552950841
49.3627771809,8.90504811403
49.6070226765,5.4811327699
49.7671641951,9.5932740131
49.1883249086,6.85079380689
49.5736522907,7.08539218521
49.8768945655,8.82895329899
49.5442144839,7.33556487633
49.9217943522,8.52812025469
49.259713138,6.24882261292
48.7237823918,7.66719640135
49.336806553,9.69460740897
49.4070467211,8.2458596216
48.9016810368,6.56740885607
49.9785003812,7.85661440544
48.839908966,5.13683551748
49.2749987253,5.19330368812
49.5908714262,7.8669208225
49.1194607532,5.62244092509
49.0400429507,6.69803593632
49.2123231621,8.51561820781
49.597724348,8.94405282345
49.0083436658,9.74791497339
48.7494449977,8.15279364498
49.0666162413,8.6351140222
48.9201476419,6.19212605631
49.9785188812,9.1471626303
49.2174269304,7.42114332606
49.6546555303,8.51998075714
49.3404527127,8.42175882281
49.9955379018,8.93940542051
49.8873706136,6.00415564311
48.8658059735,7.60039783244
49.7869778215,9.16116274977
49.6939201518,6.44076004024
48.910570798,8.46680334516
49.485262457,6.28286009272
48.7279589366,8.87632022828
48.9723769608,6.40007231683
48.8384493737,5.44506538095
49.9036331428,8.98246071404
49.9008749,6.91539167427
48.9997162082,9.0216222351
49.7429895393,5.22757827048
48.997401436,9.44482261734
49.0251634509,7.05952330185
49.8335401234,5.28752258126
49.2026561273,5.59953069493
49.8667633677,8.58103524645
49.3004311491,9.8324596093
49.5428240112,6.76805092154
48.7556505605,9.12336544821
49.6590220243,7.5828959819
49.8373896026,9.30940216281
49.5591285337,8.34749969701
49.0778449215,7.70453157876
49.3040067,8.81861700444
49.7991633974,7.52520855679
49.072746759,9.68819268946
48.7533863704,7.35001773202
49.5381651594,9.26030778539
49.0574907957,8.34209303779
50.0441079729,7.14416726816
49.7186061991,5.57085259235
49.5636695232,5.99940401126
48.9159380998,5.75705033344
49.8185650013,6.74877919255
48.9630028953,9.67569984732
49.6849053697,8.78264721548
49.1838353954,5.25983115559
49.6424976237,7.05574045412
49.1814333899,6.21445140069
49.7769686292,6.59912822318
50.03927688,5.95753597366
49.3157763979,5.12550527629
49.9568998559,8.25644560341
49.9623776555,7.50735623435
48.9917264879,9.90053911565
49.0117085013,6.30780105423
49.8525359773,9.3884941285
49.8689122342,6.23844902235
48.9057992629,7.76157530774
50.0153243004,7.00666099969
49.2931779308,6.4198292051
49.1134661959,9.33182211714
49.4627592396,8.16135173972
50.0265301582,7.43525263182
49.0346996667,5.62925734867
48.9908714861,6.48371536517
49.2437964499,8.14355958449
49.9668674053,6.29574351549
49.9595811604,5.40079355823
49.1674457424,6.68363994351
49.4912125641,8.486135995
49.2359848951,5.46020056566
48.8006866785,8.80989675128
49.2519392654,6.48643676526
49.398112212,8.67981088841
49.5808739959,8.84783960059
49.2161530907,7.94439889394
48.7952893056,8.22328013227
49.0527251349,8.53491362892
48.7953112977,6.007315077
50.0491660678,7.55825012857
48.9631372658,5.86250879204
49.309904304,7.65947669681
49.5184458185,8.05627578356
49.9340979341,8.35919610624
49.4653674106,9.34175711497
49.8250593483,7.27296858921
49.7082242672,9.52873446723
49.0228134408,7.98792545386
49.5700236952,9.52738049409
48.8449082403,8.03465927922
49.8975825583,7.70396067958
48.7419532541,5.38868460988
49.3299514378,5.95568242195
48.7823253634,8.1003420357
48.8001004318,8.7034762813
49.2574834092,5.03617234026
49.7119638739,7.14180457399
49.4002782481,5.63986095418
48.8331618383,9.46349888474
49.3286268122,6.31353591879
49.7016055976,9.65353364258
49.2129156914,8.7919762118
48.9954234639,8.18848923164
49.5891469342,5.71616550886
49.5286531817,6.36922349995
49.6393112496,7.32694315222
49.7585555363,6.92810516182
49.0080878205,6.89978826445
49.0705712159,9.5005769576
49.9188494381,7.17032910097
48.7457737125,8.04306696803
49.6802233052,5.47472816631
49.9936478584,7.19450855735
49.7818805976,6.02414240513
49.8409107449,8.89695429739
49.2054692137,9.43599525778
49.0619953827,5.27488757634
49.2684651673,5.35063439862
49.8959555738,8.10901821045
48.8785743341,9.52178426582
49.381111693,9.12058383066
49.8614641344,5.66277784229
49.5499082141,5.8528109732
49.186918838,5.14419967419
49.9614756171,6.67721034452
49.362851788,7.0971022291
48.8676788669,7.51007448574
49.2423948724,6.31155025406
49.4988612454,7.63276084931
49.0175046625,7.48705258087
49.7226933564,9.73105301801
49.0204173961,6.21440203285
49.0533111289,6.98498950915
48.8189271924,6.40241174665
49.0781248052,9.10803615135
49.540114247,6.67866773642
49.961792454,7.27519075668
49.849266444,8.65203221952
49.6863455808,6.53171208045
49.6721726171,9.77857148537
49.0152349109,8.28572870006
49.9077627988,5.35552006702
48.6284884323,8.92380790784
49.9599349205,7.34975656969
49.3396134178,5.89225839601
49.6768106238,9.47370679774
49.9820987519,6.14124424711
48.9646392972,7.20702017064
49.1942794965,6.28982937863
49.6379219206,8.05552765957
49.9881298512,8.48772074984
48.7775220264,9.80815664803
49.2276420307,6.36764344737
49.4485363893,7.36393139425
49.4346466806,7.02534558189
49.4647434748,7.71965052662
49.3129680523,8.51951144537
49.5388616359,9.63812562326
49.3933179336,5.81822516179
49.8758577392,9.15512486109
49.4927001564,5.94879547413
48.8166007895,6.22174020107
49.1954741183,6.44041019719
49.2771745426,9.41222739982
49.2791627028,6.74660941447
49.7066037532,6.82993063109
48.8998268111,6.92896232881
49.8772014677,7.90847679463
49.7777132023,7.20225976382
49.6149813635,7.13355847318
49.10256126,6.11008147795
49.9958920795,6.04791663876
49.2991333984,8.7178144274
49.3670787719,9.87682339754
49.193423151,6.55598627379
49.6240571032,9.410181798
49.3424363969,9.49509784172
49.5918838123,7.66585227661
49.0134247686,9.97819862551
50.0131984686,5.27321880232
48.9641027535,5.98621409172
49.3723669615,5.57036969159
49.8532161249,5.13937852082
48.7942047946,7.51572062097
49.4242435367,8.43515261859
49.394415412,6.12045568507
49.4337945368,6.51512485224
49.6783944103,8.46145165949
49.0561071868,9.91740188918
49.5114593999,5.313807813
49.6894644478,5.05356457426
49.0250611988,9.59787729135
49.9322493207,6.84491328022
49.1135725002,6.79322307751
49.4022736484,6.26608501207
48.8800133914,5.56084597874
49.7395395503,8.15156143299
49.3981448562,6.01324630267
49.1324315114,9.89783577869
49.5073620527,5.76780563973
49.075600434,5.33729000014
48.8494866261,9.63213317352
49.2652579599,9.69380137773
48.7662602185,7.89841525648
48.8530390822,5.67211786834
48.6712057072,7.78223347557
49.9799786924,5.65982412779
49.8406776012,9.22962743035
49.896757541,5.19973450071
49.3782206557,7.29358685523
49.9762158932,7.9788449172
49.7398089374,7.02684468357
49.5806289262,5.6423616697
48.8247904347,9.20098274777
49.4822691763,5.85806573636
48.843214874,8.46460933676
48.9342722771,5.34174166401
48.7243268025,7.73332709326
49.5965608449,9.82651607106
48.9568380441,8.0755710656
48.996945472,7.89567413587
48.8082877912,8.40203479544
49.9627432892,7.75547724693
49.6742279247,6.61912468115
49.3262665314,7.50181843129
49.2907774332,6.04456731467
48.9694869465,7.0025723431
48.9574516784,9.36676746758
49.1003829599,7.10992297836
49.5923160591,9.20680556285
49.224235409,6.94952160263
50.0171555132,5.40689529345
48.9738984205,9.12452653273
49.5688353035,8.56477641409
49.6521808354,6.94712005823
49.6190238491,5.14746398477
49.5368088247,7.0001061275
48.8360382239,5.76910165053
50.0260149112,9.7469868362
49.5786485297,8.76192944457
48.7971595718,5.89973985603
49.5924545275,5.25797046995
49.2718991761,5.26815450793
49.5908926195,8.44381973406
49.0702977821,8.94260129922
48.6963862102,8.73518512999
49.7951767666,5.61362184859
49.9874739975,5.80314569116
49.3952349707,9.77048079358
49.4877835041,5.03797600201
48.9470089018,6.64213873241
49.7266556278,8.30088843447
48.7206117399,6.98795617284
48.8589930011,9.104824755
49.4044688523,8.34040426842
49.4859613752,7.11803382434
49.5452222727,9.14282557851
48.8124971551,6.83435864903
49.9436666183,8.07175351266
48.8518663173,7.33138416897
49.6175523072,5.91424495725
49.157710767,8.12167972338
49.8898510966,7.80743294533
49.3165874367,8.34196489752
48.8563417675,9.01431902695
49.856150625,8.02768096052
49.7441747347,9.05873676023
49.2955044435,7.99992102408
49.7872839986,5.11989189784
49.6101102961,8.35982541318
49.8336823311,5.38942383737
49.7468607867,5.66663221544
48.6659325069,7.71747361054
49.2210442596,5.75444933717
49.4461524876,7.54819098451
49.9633732384,6.39698771781
49.1688446798,9.10927314625
49.9051870902,9.65584871305
48.8880597183,7.24906195541
49.4459444311,5.57673224922
48.8848217806,8.39938722081
49.0852079424,7.04485775077
49.7628983919,9.88695303559
49.2280204195,9.75604042864
49.9733828332,5.34266079664
48.9088244253,6.48103308084
49.2377711981,5.65369931723
49.728565468,6.33816387849
49.0105658311,5.30283004689
48.9355286387,7.34204456476
50.0593458621,6.28835703996
48.874224914,9.41066161401
48.8076924825,8.9143654196
48.6911108102,7.96917616761
49.4044151761,6.59958721018
49.3963276785,6.70935258544
49.2775713606,7.73644875274
48.7937447019,7.12105142175
49.8132107782,6.67916742288
48.9899316005,7.70946569697
48.8810859633,5.93604215287
49.6616789165,5.23498919029
49.5133020706,6.45381277964
49.0524493717,5.56725558548
49.0673728204,5.06202456747
49.1457681781,7.64248485948
48.7144917314,7.08105443843
48.7785817796,5.81287423223
49.6170220359,9.05467271316
49.6133400696,6.80053024883
49.152013426,8.274175414
49.901337605,7.23335394319
48.8943662798,9.71892687929
48.9203051179,7.86113128141
49.7530416175,8.91137424439
50.0643932673,7.91267653316
49.2911955405,5.59836388284
49.1769281222,9.6960486118
49.0297917465,9.20860326802
49.6835138307,6.06683006999
49.2451025828,9.08122044555
49.3172501292,6.89818800455
48.7987761454,5.2292393519
49.0582392201,8.10096727828
49.1592261501,5.3750722426
49.1483502663,8.91854932922
48.7489886659,9.29402508588
50.0258246562,9.44340302493
49.2632628864,5.93020096466
49.6176831686,7.40761166202
49.3154569376,7.39209980437
49.8016515307,8.42963764289
48.8991803018,8.53712576989
49.8989708836,6.53331125922
49.6194530744,9.49572702121
49.2689184501,6.63779117894
49.5096404893,8.69295550456
49.5201550047,5.20472890314
48.756464667,7.19069271623
49.2658501792,7.28825353898
49.7887257992,6.2395756267
49.7061807035,9.83643280082
49.0590442889,5.71315432312
50.0031965771,6.59877920998
49.1793194736,9.99262661621
48.940731227,5.06466960068
49.5216052944,9.9054670215
49.8716645065,6.44084861662
48.9333249978,8.27987877923
49.6983903307,6.24946744367
49.608175725,7.48441919929
49.4046964074,8.78390966408
48.8905156295,7.02615202182
48.9612364459,6.83237257007
48.8971660237,7.67843824494
49.0805399337,5.1867121633
48.7465723515,7.80385904958
48.8275005468,6.52069960697
50.0203025235,5.85826139862
50.0452306913,5.33786240427
49.6694958432,8.88116729403
50.0635998936,7.48974860265
49.8040700296,7.74248811247
50.0048110745,8.69993943357
50.0033966426,6.77990657302
48.7654196411,9.96371310641
49.5106770939,9.555534129
48.896335644,6.40908582048
49.9585908991,7.62750001719
49.1332885565,5.76952093351
49.1331130624,7.00203539065
49.4151826499,5.37587692689
49.6409006479,7.75144392255
48.8380640577,7.82863956687
50.0657106205,9.32328647011
49.6967243711,8.58613810335
49.0956517875,9.76410979881
49.4828279654,8.88856343114
48.9532892996,7.62124117843
49.7753696845,6.40410905494
48.83087619,6.12329146605
49.5036038528,8.27815208322
49.1317790328,9.5968260422
50.046258995,8.62643720736
49.1008862678,8.2012247683
48.8888572795,6.01481893563
49.3224078,9.98257877455
49.2817054944,7.83498981619
49.0600004618,7.60573159601
49.8760660348,5.05787101569
50.058895498,6.40784557119
49.7417991328,8.50601971759
49.8764719585,5.73975067766
49.203345753,7.07975086103
48.8399072929,8.31084259822
48.7457148812,8.48120865739
49.1130268713,7.40815565503
49.0181308468,6.79732109268
49.7107505989,7.82849093491
49.3281422913,5.69008516435
48.7684596944,9.02556349148
48.8442970791,6.63846097882
49.3691388949,8.1711398721
49.6509199916,6.72122555734
49.0130148192,5.36653375833
49.8340874525,9.03551451911
48.681294883,8.20481802609
49.3830190995,7.98238823497
49.3698142378,6.82921860875
49.4482013672,9.19907619872
49.4798119874,7.24012119825
50.0523841183,9.82171920246
49.1013376201,7.90774069064
49.0093143074,5.24338669928
49.3589123899,5.17506087448
49.1254851157,9.24183252715
49.9564616926,8.15306796153
49.7278830176,8.42754381141
49.8028616077,7.10822652109
48.8805472931,8.21168020597
49.3467456986,6.63224588769
49.8444742664,7.1861006648
49.3532672958,9.349389059
49.0919617639,6.04041738735
49.9400234356,5.12418489369
49.3198952617,6.54220455987
48.8786060196,8.11768681582
49.6339806877,8.67507870146
49.9426417332,5.27900808276
49.1751679519,5.04685919292
49.343569716,9.19794106205
49.7877620245,7.88958094177
48.6733673405,8.83239842111
49.0646265336,5.93622975057
48.9693204637,5.17422451577
49.0195838975,6.11579497896
49.9978762911,9.27347024814
49.2363012509,5.54398694175
48.9165295997,9.98546018166
49.9605782251,9.53012765363
49.264629494,9.50338228964
49.5703763173,8.14458568652
49.4252683444,9.06406781782
49.7174124292,7.26576952186
49.7956299827,9.94086096678
49.0157025486,7.30923224578
48.920348868,9.0656277724
48.9318097182,9.45527703059
50.0876223001,5.25191247962
48.8115085877,9.72238982612
49.9888927643,8.76588432281
49.0265787618,7.13501563476
48.8164920904,7.24174584096
49.606814072,6.64686962537
49.2458360583,8.2901779771
49.9726817663,5.55417859249
49.5942842763,6.56544995928
49.8005558437,9.79941273506
49.0828533284,6.59205619534
49.3092514094,5.7691030482
49.7497888298,8.06283022343
49.6180348463,9.93876543767
49.1363253401,5.47021310241
48.9980952651,7.39534866241
48.9576669672,8.41535407137
49.6965779501,5.97408035838
49.5190010632,5.11196587648
49.6219825772,9.70877944341
50.021451745,5.06586705203
49.9911847762,9.61156276639
48.8216833126,6.73476542432
48.7043819903,8.56576433364
49.626168537,6.00422570274
49.4286994029,9.6550190326
49.7028819578,7.37932330325
48.7474312364,9.21812639503
49.4416916155,8.98691149559
49.951347198,9.23727667493
49.6314613065,5.38410835071
49.8632314506,7.44594037203
49.6049974336,6.46686886017
49.6190804093,7.95896729255
49.1552934248,9.01393484292
49.4871325995,6.60363203575
48.9226930863,8.15213919359
49.337952253,8.27778135472
49.2861549593,7.56632538773
50.0262036623,8.84501821494
49.8049289268,8.97489303417
49.123382054,7.29715125567
48.8485043454,8.61821487468
49.2155797084,9.32382730889
49.542045408,5.55161661339
49.2768954601,5.84629596919
48.9334809001,9.81647220053
49.6864182799,8.96865299521
49.9030405879,6.33191221585
49.7696658029,9.51329312107
49.2791405781,7.15959201956
49.7223075075,6.67329555805
49.5159726596,5.43314622129
49.0962085951,6.17833502077
49.1643699395,5.85911813927
49.5993985627,7.2291522339
48.9193398442,9.20606110323
49.1175549555,7.512783262
50.0795795097,7.81688316276
49.3316623722,5.42928104453
48.9975193382,8.92912867068
49.4082942063,7.18087208835
49.5086266826,8.79452495655
49.7655776116,7.44569174247
49.1937999144,7.34515216006
48.8589305228,9.30350243963
49.3797108157,9.26768744532
48.8406129541,5.0387594528
49.7014094581,5.73804022918
49.8590645937,9.53515679546
49.0594799594,8.40625426267
48.8918095662,5.23764318669
50.0351066345,9.90672142189
49.7170483074,5.14945670331
49.1523154944,7.57534672876
49.7583642754,8.69371027248
49.5324267391,6.90882781718
49.0857911879,8.27778675838
49.6786602299,8.37121025136
49.582403492,6.07657008508
49.7532446569,9.25208804685
49.2272746458,8.0536711824
49.7211171121,7.52885713942
49.1251725347,8.02272319676
49.9599161273,9.95205111396
49.9493294875,7.41180961322
49.337252313,8.61720523774
49.5539596335,7.76360996408
49.4127509673,5.48785632754
49.4685384827,9.83512969842
49.8053217644,7.95164079399
48.9584177421,5.65679001287
49.2378187663,8.62429216781
48.7958347472,6.93932424352
49.2908388004,7.04659786357
48.9591086938,9.28019592212
49.8047880706,9.4543923728
49.8392899929,7.03832691236
49.1517474703,5.69723710233
48.8098279003,7.71815036378
49.4207220869,5.71698162688
49.3081291452,9.1316053506
49.5868556538,6.24695038405
49.7696114795,6.1453930656
49.7454882643,7.59581904702
49.4316588693,5.20479196446
49.8346716133,8.51024520957
49.844001461,8.3329791522
48.8438889984,9.90598432089
49.0837942459,7.79419166144
49.9547092865,5.91581791629
49.7365934528,9.96888752408
48.932241596,7.28839977536
49.7334642187,9.4579514679
49.9671336638,6.48546006535
49.4835477618,6.7231049388
49.1420483053,6.35264718598
49.3276709071,8.09136776027
49.4207857196,6.20867751342
49.6202236307,8.2801933738
49.7831778542,5.8384081453
49.3428448018,5.05039185109
50.0618357848,9.65574472242
49.7869448415,8.59030035966
49.9278925204,8.30175632144
49.968827463,9.84070513354
49.5685480097,8.21816983279
49.6407171254,6.15589671134
48.7434536554,8.63428353076
49.4204299902,5.0298721384
49.9175109517,6.99294322032
49.896884775,8.43569937317
48.8288219709,8.5304234177
48.6925549791,8.12536502957
49.6304833883,6.35260902466
48.7998663686,7.0336449858
49.3428644071,7.20787864736
49.2395561803,9.89400189644
49.5646058762,7.98766491883
48.9917966394,6.56489117411
48.9644530807,5.45427478548
49.423901445,5.11422692335
50.0759362517,6.95596066322
48.943857659,7.10143096269
50.056727414,8.75483165079
49.1147197932,6.90301908371
49.0112169227,8.45627202481
49.3185232455,9.59548021491
48.9708535699,9.52068982299
49.0710513541,7.21118492906
49.0523849846,9.83309162049
49.8717430804,6.69139501329
49.0560642641,5.49502166673
48.9254993667,8.94603131485
49.745224617,5.36660076209
49.8976166905,9.26812612683
49.1314098893,8.3592426799
49.5617997242,9.34629261985
49.8943565481,6.12402688449
49.5091639938,9.74536221321
49.9685118553,9.68452627234
49.6574131043,8.15898285489
49.1000980238,8.83302175773
49.4206295235,9.53961831237
48.8650830372,7.9012782694
49.2674005967,6.85071220615
49.2216920077,9.57148903154
49.9035046196,9.746460773
49.506470961,6.16341182052
48.9212084017,6.08481898827
49.8860132913,7.34466251242
49.8996654022,5.47400163806
49.4045520442,9.4366505049
49.8989168749,5.58198001323
49.9428559838,8.62902508737
49.2350857244,9.63726106356
49.521294231,8.97183614056
48.9181784875,7.42382383845
49.0648521425,5.81878784177
48.6745157397,6.30263101334
49.1865562025,7.83014034635
49.2140384522,7.51824763548
49.9308934721,8.88152670005
48.8594781081,5.83782512145
49.8223309288,5.92143708495
49.1880665788,6.10492725175
49.4096272803,7.44690656505
49.3745923542,7.68803977719
50.039734094,7.34678134978
49.7974109363,5.74797281913
49.866954232,9.89547758327
48.820693787,8.15217647709
49.4960981312,8.38932775086
49.4229152113,8.06679639129
49.8331095475,6.52727982593
49.8460294686,9.62329552617
49.7758537435,5.4701306752
49.4446506235,8.58759042883
48.744676597,5.46941814907
48.8743272679,8.88024165416
48.737076668,8.2851019582
48.7322950458,8.9520834524
49.7824017281,8.23059170963
49.0502083041,9.38896920166
49.243919777,9.80829232293
49.5862037676,6.86735189864
49.9516460932,8.8101062743
49.4693549237,9.10783392568
48.8296308533,7.94737807624
49.799518131,9.6830123843
49.7409577715,6.7351802527
49.2508684951,8.99603149546
48.8948244831,6.31564672221
49.2315861311,7.62973508451
49.2309396001,8.40757494095
48.9646718572,8.60973842798
49.84161446,9.9815331952
49.4326495753,9.97203084099
48.7577651749,9.89542756063
48.9963175606,5.77773498744
49.4589572928,6.78633755809
49.9375091293,5.74988027576
49.8286605923,5.55249322003
48.962525966,5.27021485673
49.4456992947,6.91929073934
49.0673419465,5.41831760979
49.1340377001,9.41863398633
49.8282791257,8.13941486
49.4004962853,7.88739432614
49.0968470159,6.26415842319
48.9287381617,9.9093410154
49.9999719083,5.19153143486
49.8207513527,7.8341228715
49.1302432847,8.45964330319
49.715440865,5.81380426494
49.69621596,8.22758058378
49.488534435,7.94489657208
49.9551578425,9.05777495811
50.0420334058,6.70631993829
48.9684099843,8.841385823
48.6643044354,8.05959706663
49.8164617638,5.18931164828
49.7216223994,5.89151598591
49.676339735,9.16744838304
49.8764211125,7.11238695276
49.0914667551,6.47772188409
48.9390980775,7.54388992338
49.6845421266,7.46359297755
48.729766996,8.37472747432
49.8085022264,6.31699258718
49.9748160426,7.08793215647
49.4267338293,6.38768060525
49.8835793612,8.22402494737
48.9998697687,8.3612198606
49.88276729,6.61343357517
50.3938274137,9.2198487496
51.376867846,7.93363243971
50.49191039,5.06128585496
50.9126617421,9.68841901121
50.8457271568,9.61421470368
50.372779401,7.00322371761
50.8306406108,6.64434222813
50.7289986763,9.82072173631
51.2219090652,6.60774778184
51.0716041945,5.71731988769
50.1136011911,8.47707876338
50.3312168519,8.12264713494
50.6604528095,6.19493649689
51.2737197521,9.18469835757
50.5614308681,6.63909422696
50.6327753712,5.87453170219
50.9691110695,5.66214293786
50.3524213361,7.42481566034
50.8781233807,5.76413261412
50.6171255376,8.44304339968
50.0447056514,9.22526473261
50.4912556073,6.62994148536
50.8009715136,7.28840906911
50.9506997035,6.08004477074
50.9190761876,7.89594955243
50.383741248,6.28322392974
51.0503058024,7.92024673277
50.5044717738,8.26216691149
51.2636662723,9.58243139431
51.3161454191,7.88661917857
50.4481779412,9.46204165808
51.1033701224,9.01923192486
50.7019968305,8.40603284233
50.8545577761,6.49351670846
51.0083623019,9.03076886617
50.8561349883,8.82166757795
50.1291728005,9.6711962856
50.4791358313,9.90247982132
50.2555833541,6.90860043882
51.4052067546,8.34464757574
51.0729139459,6.76578747044
50.8793348096,8.08467703843
50.3208833966,8.50565240317
50.9826662671,6.85166908744
50.6421071577,6.40586484573
51.1171045539,7.20544799799
50.5521868037,6.00085311091
50.6216096959,9.09211353763
50.5655357036,7.99189479075
51.0613196527,7.6769276289
50.2264943378,5.90764863651
50.9944162692,9.44935637563
50.6087174307,6.58374232001
50.7955320675,5.04405016681
50.2378086377,9.08345690297
49.9589824356,6.55949057259
50.363566418,6.41121191374
51.1794117357,7.42818305684
50.9336767216,8.46425165531
51.3081971838,7.49074791296
50.8182031908,5.3574701795
50.9255655375,5.99713400621
51.3918947597,8.45505710554
51.2080089594,6.72272041389
50.9503596181,5.16497718766
50.7954399613,9.77968054496
50.112457494,8.17324900887
50.6823432321,7.12645811364
50.994102173,9.33495002585
51.1346232971,7.64269059372
50.3084498411,6.28158397176
50.8352111566,6.30146257257
50.9022202325,9.35340545412
50.5566890098,5.51507790826
51.0438911336,9.59142293424
50.0846152078,5.66895414994
51.0077834103,5.82027737503
50.3463576997,6.86839187394
50.2134691401,7.97025163603
51.3157641962,5.39652198404
50.1239635802,8.08350682775
50.3159674439,9.27924090344
51.2361989222,9.37368373197
51.3160322014,9.04549259082
50.9080178568,5.40361387716
50.8736544908,6.89843512053
50.6648091084,8.04502345611
51.1864964439,7.77105726287
51.138981446,8.49831454383
50.5043792288,7.02634768609
51.0275211835,8.6529987783
51.2243183814,7.86934817993
50.4763499207,9.70677779678
50.9767945816,7.63958535886
50.5403798003,6.58202099043
50.8691254246,8.96954153596
51.2903762218,6.57517953705
50.2194566526,6.01927505526
50.9892174883,7.28442367158
50.6651881642,9.5907016731
50.5318900528,9.1119211502
51.266336869,8.82528859006
50.6483534486,6.88652555305
50.5639840625,6.22502149502
51.3242672616,6.07307207384
50.1695898291,9.72861455113
50.959347307,6.40684140033
50.7090326896,8.76491083392
50.3193428652,9.13528630155
51.1603064024,6.82307151481
50.427617643,6.14567459079
50.2284361322,8.85420130445
50.6280412289,5.96950430499
51.1154550776,7.85958400435
50.4419153871,7.75372343437
51.1525527626,9.56354181052
50.7444983305,6.42093802519
50.2304121036,8.16537723059
51.3051381227,7.01239171106
50.4706504465,6.3067768102
51.0136273065,8.17516927185
51.3021650665,8.06746088139
50.667289794,7.9536463318
51.0978641742,9.36298828754
50.782364285,5.97795335669
50.4302697407,5.88912184704
51.2272887043,7.66523455997
51.2440299891,7.48535932712
50.4702582008,9.81381685721
50.1036631979,9.86956568998
51.2829287003,5.44500330661
51.011001415,5.05843559803
50.3649216471,5.75431357525
51.0546327365,9.8388192031
50.5784450266,7.32327427528
51.0939752683,7.7672058853
50.9390436319,9.41596834576
50.465467794,6.96812345812
50.4606451966,5.34940307374
51.2617223857,8.1727008513
51.0518525863,8.02289974206
51.1526677196,7.966088874
50.744399242,5.28141034311
50.3265584271,8.66884622335
50.9107541036,7.80023095073
50.967961135,8.40035011032
50.6096052924,8.2311886057
50.9250598846,6.66626150711
50.9316958684,9.1015545766
50.217910279,8.73371541823
50.7788606599,7.88678081486
51.2773171062,7.97682584976
50.3505683967,7.2076468836
50.560489877,8.58068103958
51.2887993632,7.16152922384
50.113975612,6.80799614352
50.0922587368,6.58392558917
50.8374725695,6.39434155989
51.0900380762,7.44692095006
51.1754677572,8.16972002191
50.1088134146,9.78531574211
50.5222538227,8.35518940604
50.5902485829,8.98239154935
50.5753340869,7.05017487655
50.816151483,5.70605356298
51.3497828356,6.64600966749
51.4795797946,6.18086843587
50.0760826631,7.24713039762
50.4888109568,8.91473606349
50.5898004943,6.88433385243
50.1230194536,6.69237689512
50.3165228179,7.61530296074
50.9305284958,7.1815406026
50.4346421451,6.04648753545
50.9930275842,6.19803892445
50.4550083486,8.59517305874
50.5433342837,5.18021196941
50.9513697195,9.60810825269
50.7044213865,6.35340680439
50.8080335406,5.81094955619
50.3008476199,7.8394362199
50.1900954315,9.82925214588
50.6389868766,9.1756149943
51.0101528372,6.3541985565
50.3444667299,6.70844740994
50.203809625,7.04002760763
50.4887091818,6.20828162959
50.8942385245,5.70921512253
50.5986015536,5.11058508879
51.0090902769,7.82963296366
50.9815361173,7.38852986343
51.307702484,8.37974496096
50.8236067019,7.56637276846
50.5970712131,8.32808494419
51.3064441565,8.56541111468
50.3168655638,8.22097577184
50.2581661125,8.43353298124
50.8670853117,6.58806857402
50.296948587,5.76958468967
50.6776545241,6.7130893556
51.4396102354,7.40233676596
50.9087496034,7.42099449684
51.2358704432,9.24635975842
50.3931885662,6.60081091119
51.2284166407,6.39627482928
50.8617774609,5.92230701645
50.0857053909,8.35610168819
50.6017181933,7.11573721852
50.270793442,7.51834755516
50.4221453542,5.71108413905
50.6207868454,7.72375666258
50.4095312155,8.98467881103
50.4625377887,7.19066118572
50.3732811293,5.36260324127
50.4102972558,8.70046074419
50.3720249784,5.05864361196
50.9110839294,8.62578332809
50.581117189,9.16021244659
50.4188845383,5.96719116462
50.7454034403,9.30852991687
50.9071083962,8.31301393357
50.8566644686,9.15240364199
51.400663684,6.15001978383
51.2357062312,5.22399811739
50.7913701718,9.13394004197
50.5388414184,9.31928416415
50.5982086866,7.62298607217
51.3557838163,6.52168682699
51.1464750151,9.44024658364
51.4227893844,9.01781927961
51.1975768898,9.94440187923
51.1309611177,8.05286956571
50.9465853707,5.74916244194
51.1662457041,9.86118078854
51.0828355432,7.35810415046
50.2791506193,8.82182380597
50.7772194447,7.74197805444
50.2916161072,7.05574312816
51.3150992941,6.1339282251
51.2975625747,7.38856920807
50.4901914301,8.0508983093
50.6427986565,6.30452668119
50.8022404853,8.41706291789
51.2424923161,5.8750310302
50.9282434898,5.5037184923
50.1161658278,6.04303538037
51.4253306311,6.43659794511
50.4402208511,5.55176844313
51.0412957946,7.19076362592
50.4430033926,6.70158395396
50.4242667713,8.3353308093
51.0785774086,9.2855042454
51.2883824009,5.72307710617
50.0593435,7.70187075107
50.4089807141,8.06300247587
50.4460099057,9.12818622539
50.2985487903,5.15609394499
50.1058835008,7.61087202221
50.7423187218,5.38146149042
51.0897929744,5.31891182966
50.9554798081,8.94697060728
51.2105201569,5.45491072487
50.656868797,9.34522441238
50.8890236734,7.51092366077
50.5968344341,7.43553262985
50.4454772288,7.36992436889
50.8097098952,7.17182240972
50.5935354197,5.2643235308
51.0605385597,8.3757884845
51.0074981946,7.09252105721
50.664710774,8.5279783353
51.2527742594,9.11416013868
50.175914032,8.90816505201
51.3514316051,8.83940482016
50.4319675213,7.84164151825
50.4888493842,7.60284619142
50.0828613329,8.93108015821
51.0733386603,6.27018593133
50.371067346,7.76964302751
50.4432349448,7.96177097091
50.6942472112,7.35725859597
50.7408772457,7.00310217636
51.1642075061,9.11175886251
50.8680439862,6.14076749211
51.315246652,7.61531498839
51.2568436679,8.51450434532
50.4781678765,9.99199552102
50.076192349,9.5558485565
50.370992455,7.90710227565
50.9737048179,6.278715902
50.1508333649,9.06724321812
50.2310888336,7.40681737005
51.191626133,7.04988483442
50.5279156906,6.69979327704
51.2174526407,5.54371807094
50.4455093734,8.15131034117
50.0339337782,8.08468621239
50.9642623151,7.56582180837
51.3741941487,7.30859564913
50.4077105133,6.91284897992
50.1376725524,6.48053567937
50.2708545552,6.08628978872
51.3757728207,6.83067671051
51.1524298093,8.5880128763
50.3691605085,5.46007031869
50.8662414515,9.41192092436
50.1874831961,7.11995930546
50.8062451628,8.58485165796
50.6885396478,5.78109406346
51.3941291563,6.34453562726
51.0528012033,6.0482773746
50.9278019386,5.32012762661
50.1917474811,7.86366550908
50.8380287442,7.90130923189
50.1740969848,6.62434567915
50.8120153957,7.41353529046
50.2896079697,5.26421878276
50.785458386,8.99260511291
50.2084711568,5.5916616037
49.9918779744,8.31129981165
50.9299482531,8.73172418834
51.0658203553,5.59681348012
50.1552990351,5.96613564801
50.3959159273,7.6762169838
51.1063227893,6.65106732557
50.1190872639,7.42320581759
50.4761804932,5.75569660876
51.022409487,6.46584652494
51.1294294412,9.76483191628
50.502930227,7.11140817471
50.2933698454,9.62544835627
51.2169818837,9.78495120651
50.9727485032,5.56938064374
50.1240060548,5.3475042031
51.1560843977,5.16007063972
50.4215475833,6.22404568702
51.0150233725,6.61411565896
50.7310353764,5.89644280962
51.3523809459,9.13929883354
50.3066925074,6.63750360748
51.0275766365,6.11424381535
50.6310691439,8.86141490162
51.1297806514,5.82464345282
50.9937103891,6.00398934828
50.5755608511,9.51906707603
51.0043092744,5.33303507346
50.6951755608,7.05283208911
50.3222702254,6.348130894
50.6446938002,5.36209925768
50.8716998675,7.10753705864
51.1805446784,5.97565506467
50.9072613355,9.78041196127
51.3225415078,9.23105992752
51.1772598755,5.34991749396
50.6977444933,8.65193681832
50.0913055829,9.14391691445
51.2768265257,9.86169016453
51.2095728441,8.23188370447
50.5649098435,6.49599958301
51.3639529808,5.87042067103
50.221140918,9.6786251211
50.1318543929,8.6911442552
50.3743050529,9.41638432514
50.1478098859,6.21865106612
50.3670637005,9.52559362257
50.6347822519,6.82544970276
51.2694423101,5.34449644267
50.1436114206,5.49288879609
50.8540410546,8.37518647656
50.2850881297,9.88363762464
50.612456867,5.69077818548
51.2857615953,9.97708575539
50.8246128102,7.64715352908
50.412363574,7.22566827533
50.1397903177,7.32010403615
51.2374905489,8.62158166056
50.6899488233,6.62943699003
50.9062840365,7.60587255085
51.0282045219,9.16976466355
50.2333798059,6.47111517202
50.991576761,8.09955996108
50.1574105009,6.29105145251
50.3306799105,8.31438590926
50.7678961927,6.6658543383
50.8462486575,8.48537840898
50.0716512526,6.15046788419
50.7235663397,5.66855242575
50.240596422,6.22694148759
51.2859471148,6.31732605615
50.5079974848,6.03432693167
50.954333363,9.87514539475
51.011919418,9.72958613863
51.2378956376,6.49716723401
51.2503557552,5.64170964478
51.169347157,6.9283089214
50.2417740011,5.74697252003
50.1426423916,9.486057792
51.2486298627,6.21044112567
51.0669941776,6.55463413986
50.2978746534,7.34443872992
50.3514954264,6.08679423052
50.4814399851,5.98655665275
51.3924183395,8.6099892911
51.3686401122,8.53470999755
50.2638215291,9.34129924884
50.653650624,9.8206346505
50.2861200442,5.33492605515
50.5402133392,6.15749460598
51.1480951598,7.54944939531
50.0576653521,8.53234964145
50.382985638,6.35138789748
50.3902270297,8.91923798243
51.1822531095,6.3127294798
50.18815889,9.15760465164
50.6971217198,9.02375235814
50.5487418734,9.94135083532
50.9182902953,6.34594717722
50.3841138543,9.06030021777
50.9649686015,5.94001776855
50.6924470125,7.77214171708
50.1649796345,8.42751509498
50.458883582,9.27538134395
50.7725566375,6.34447338279
50.2413653098,9.96063787811
50.1751915289,5.6982932819
50.274328689,9.75291582184
50.9349029617,6.15814348758
51.0013464725,9.94268594035
50.7015993079,9.72771874191
51.3162710709,6.75396029889
50.0985948163,9.7176003174
50.203584028,6.55353332095
51.2034805142,8.53534812252
50.1274213443,9.40606073481
50.8429144128,7.01375745548
50.2878807238,8.91878493836
51.3065202561,8.73684004188
50.1882232444,5.20883579378
50.9693045214,7.97514186826
50.7162723426,7.46528762668
50.3937876748,9.3196638119
50.1699136553,6.82890072518
50.7067958688,7.89044762825
50.3055621662,9.21446750326
50.287057259,7.71745222167
50.490351517,5.27207964014
50.9778950895,6.75131963385
50.7660555213,9.07669853577
51.0717005433,8.55527680599
50.2885688323,7.2552660447
50.2903439629,9.02387109192
51.0743865986,5.41597324066
50.2809744733,7.9242487654
50.7636925757,8.48750167908
50.5485609968,6.98565047184
50.2764302897,6.14955160327
51.0463689657,8.46318507096
50.4748490563,5.40356071456
50.9174258876,8.19477077969
51.1152492122,9.20014145855
50.5854478197,9.84115382962
50.6569813261,7.52678201286
50.2435616888,8.6369695265
51.1869254434,8.88664479219
51.1208490027,6.03780966276
51.398553597,8.69625114228
50.6818095907,6.51331496282
50.1124278287,7.15752779541
50.246606843,5.81280106837
51.3656334685,8.00366340167
51.0731224363,5.12592492315
51.2318019584,9.48694989086
50.6806461406,5.05907612902
50.2343090534,6.33490117978
50.5575453895,6.30019156218
51.0574726549,6.93774067797
50.6390737418,7.06715826798
50.6165671159,6.68168334682
50.4425036642,6.5157639308
50.2148698738,7.62366847314
50.5723415264,7.53551979669
50.4782439602,9.54509997373
50.6243414698,6.75400080109
50.7530871842,9.64070296956
50.1049220059,5.88697070045
51.2561364974,5.39805636545
50.1793162624,9.60548865038
50.0491119927,6.49787002052
50.0949166621,9.95607545189
50.0968101327,5.152128876
50.607352662,9.24626350072
50.5110742139,9.20939769371
50.945872926,6.55065395732
50.3170741372,5.54639041899
50.2516100804,8.24079989161
50.232202763,7.31307906192
50.8549877151,7.75774150302
50.8679436684,7.98311414479
51.2194799174,8.4432752435
50.1075617696,8.00336978392
50.2960545105,5.67395497377
50.7915703648,8.213797589
51.3623648112,6.24955172853
51.106852228,9.66397606296
50.2357314979,6.69167292461
51.044969871,9.41470319832
50.6941613523,7.23108830628
50.4267547252,5.17014675533
50.3962544199,8.23799954931
51.1399924461,8.95604510332
50.331056297,8.00033531142
50.1921791494,6.4059196481
50.1390109417,7.92435307025
50.6434551607,6.97568685458
51.2749497691,7.09640833038
50.7670887813,9.18105236295
51.2302512216,6.0837135034
50.7692489289,9.3989116227
50.7853310443,6.20472574735
50.5686550368,8.13013771263
50.3561151671,8.59561698698
50.4902421384,8.52878637811
50.2689646216,5.04528458324
50.1625748008,5.0625029898
50.7807251015,6.57267178891
50.824967934,9.98040639208
50.4797763838,7.47522232429
50.1861364261,7.22860001531
51.2520424412,5.13214401033
51.092870779,9.94848484289
50.4452079446,7.04181003817
50.7059637707,7.65109281314
50.2134178768,8.32390351497
50.5469258319,7.68691987067
50.8146460223,6.84302344914
51.1308841947,5.5074316262
51.2123476698,8.07914326117
51.1016682591,6.38537703032
50.7611255016,7.08487557196
51.1309864793,8.40986362233
50.9070983746,5.82293966474
51.3090741558,5.98313980266
50.9437760211,5.8804702905
50.5659055588,5.7944322252
50.6263820163,7.83812330602
51.2742599392,7.26458870965
50.2914223931,9.41635437999
50.5871438444,5.03701873992
50.7559139791,5.45585842185
50.3494716091,8.99043074552
50.4568526445,9.3777159967
51.1393235372,7.70197324024
50.9473922756,8.04204332691
50.0975816456,7.04950750217
50.537239578,9.88182382553
50.8977025918,5.57972839471
51.0202099693,6.6883478737
51.1454474754,6.56094437969
51.0637904973,6.16787201054
50.3742059644,8.82230743949
50.1706151912,8.05611839604
50.4809275802,9.02906930333
50.6021606331,6.08144384413
50.4136611589,8.51092013152
51.2127597013,7.33910301172
51.1553254924,7.27472558043
50.3340602258,9.35392290964
50.3234528258,5.9789835865
51.005439601,7.48769004641
51.1598845334,5.67616508549
50.0474137936,9.03453617439
51.2642986221,6.84974547051
50.5197981986,6.91518794776
50.8186589184,9.25266906477
51.2223598126,5.75772791908
50.5994496191,8.73450443665
50.9527370797,5.26405424375
50.5309767477,7.77890221793
51.2241190341,5.04645853259
50.6742507237,9.46882771713
50.683968723,8.16347255326
50.0650382693,5.5798910103
50.5532251387,5.33215079157
50.1414294964,6.36223964918
50.8187668489,6.70919207661
50.7133865901,5.9876080036
51.2168253729,9.68620853965
50.1467347659,7.67265283448
50.8984641202,7.33967493982
51.2943660093,8.93585866859
50.795134561,8.32635315614
50.5769784226,9.749071309
50.7736486318,6.49222028322
50.568943906,5.60313863913
50.4207758939,9.62729941796
50.2324740629,5.5135718527
50.7087485337,9.13661950925
50.8956620735,5.05693054266
50.761498975,5.13028700326
50.2643036211,5.42586746296
50.9743400934,8.54477685996
50.3283879858,6.49921174277
50.9154493358,7.70776144022
50.900059719,6.22756319492
51.1074179548,6.10738476036
50.8048468734,5.20215819547
50.0719589064,8.264451184
50.1318711456,8.80880073068
50.1746948156,6.76599034838
51.0072581723,9.11375528552
51.1931343665,8.77958572575
50.9413617914,9.21659436936
51.3913972076,7.84041262935
50.6282370056,9.9157618324
50.7498393789,9.91708979799
50.9070267855,6.42708477525
50.6498055971,5.58742515905
51.1578429501,9.2963966978
50.4815928555,6.45906874605
50.9968234947,7.73426092252
50.3815726251,9.72063626348
51.3216948102,7.67791826105
50.4395145035,6.39426085783
50.9683923505,8.84446275082
50.4674091042,6.86703055699
51.1626382875,5.6024343109
50.7887368136,8.00955373753
50.1721985274,7.75540392525
50.8958118875,9.29621391247
50.4847159272,5.82741013792
50.3032046738,8.74040271365
50.7724836518,8.09694695192
50.1342520261,9.23481517614
50.421026977,5.80869340487
50.8631886022,5.2708558749
50.4415735662,5.4568060259
50.8466471046,6.04332670884
50.6955778787,8.28719751904
50.2163722793,8.79972920493
50.8436889475,5.13097570843
51.0784229767,9.10232797273
50.3746284514,7.29964576901
50.0837405918,5.41112585588
50.76140509,6.90927607766
50.6786913412,8.94377453791
51.3022408751,8.47085827424
50.8454674378,9.85728510987
51.1399624609,6.18767101079
50.1517077741,7.5307487597
50.5481279886,9.62898468799
51.3322431677,8.25988089874
50.0400201706,6.65148203965
50.1316945951,8.26818029807
51.1408598665,8.68502729688
50.665427089,5.47706510561
50.8264227307,7.82612686882
50.896728296,8.89883604496
50.5518905132,8.48437482332
50.4995343998,5.65821623583
50.732149361,6.08842829741
50.3835634167,7.5434080501
50.8644563741,5.1905337944
50.2413638176,9.50449419322
51.0867366744,6.86820062509
50.9044644727,9.5072572277
50.2608059321,6.97656397098
51.0423308371,7.5815406203
51.2017387883,8.32556187571
51.0657163112,5.93463551277
50.6933946327,6.85479692815
50.2118410708,9.4053415396
51.0821247969,7.01900950088
51.1051464969,7.11766292859
50.2426823321,8.06776237573
50.8125549455,5.60920928774
50.166450532,5.79990253662
51.2996646981,5.79180050259
50.2077515206,5.32008992746
50.7756115641,8.79963921132
50.1898135062,6.12877953426
51.1329638,6.47710346322
51.2030093059,9.02042874574
50.2837397171,6.80364630032
50.5002504696,6.09769694143
50.7309515427,7.96631982172
51.2025527058,9.17564895808
51.3332611397,8.14074004591
50.5468959931,5.40880069396
50.5293811654,7.89326591508
51.1547980746,5.73899064435
50.9262143487,9.0116925804
50.9679092235,6.97967841222
50.8068647611,8.7133683788
50.7458283668,7.82149689526
50.7937006489,7.51217340221
50.8824949987,9.93617367879
50.7318775698,7.55233724332
50.1676058425,6.94339194644
50.6652098592,5.1836385874
50.8457911105,9.05768124657
50.1761062324,9.92400847273
51.1963625897,7.17164676581
50.8780806827,6.7823001341
50.5347716367,6.80240994077
50.0720280016,5.76280604193
50.5637210888,8.40470944995
51.3443381986,6.91978536646
50.5362787396,6.38892919759
51.157074987,5.25174886948
51.2216607384,8.6951115563
50.2803774287,6.57762552721
50.8354235327,5.50966824584
51.1236638019,5.05432785425
50.1839291171,8.23321581304
51.2940336074,9.29807558889
50.123635992,8.59386903225
51.0902235718,8.12587421063
50.9244860865,7.06733970682
50.3841313775,7.11451769626
50.366077822,8.41717124834
50.6139180952,7.92574942656
50.4860227267,6.56235482565
50.1917725989,8.5246340184
51.258073184,6.94091920438
51.0019574316,8.24010340088
50.8904328669,8.4240669263
50.4801642463,7.27530011619
50.7294797802,6.29021866392
50.1762642034,8.10884059227
50.5208521313,7.38699275856
51.337461794,9.39420524546
50.4065340776,6.80395472511
50.8414531653,9.34408577119
51.0994697461,8.24858004006
50.3628103355,9.81485233855
50.88984539,8.54107796221
50.3222035017,6.93097616207
51.2973746142,7.77327182883
51.1115100023,8.86381833642
50.1685461899,5.39856640561
50.4806897514,7.69836943797
49.989668953,8.40927298699
50.8366245673,9.70937808073
51.0736892399,8.78101580423
50.7569140756,8.88980682102
50.9929926986,9.53537623323
51.3139662481,8.63922365133
50.4070713154,6.46090935847
51.03461983,9.23872473031
51.3221138855,5.06509797221
50.5399516054,9.42418263225
51.3166855954,9.7510011724
50.7417091874,5.54163767827
50.0549145598,8.45083868606
50.3423914141,6.20016373228
50.3339443592,5.85377417819
50.2753510877,7.15764254875
50.2330412458,9.24296454845
51.1134105079,8.34135947034
50.133575187,8.99130482778
50.395030915,9.91125981167
50.7823244845,9.51579999818
50.8216919563,5.42976224322
50.7968208298,7.94569228717
50.1330673298,5.62418427552
50.2139527653,6.8641240717
51.4087258775,8.77240478951
51.0191343362,5.50222397853
50.080642293,6.75913657091
51.0556527779,8.92690055952
50.2125457018,8.99725537175
50.5133597481,8.6640005537
51.0632299846,9.49501370465
51.2660838275,5.28880358054
50.4749077598,8.42287330927
51.3502412713,7.09646043088
50.0174061612,8.22133205513
51.3210671664,6.41375477577
50.5325058579,5.91103267163
51.0596428749,5.2319878924
50.7493091977,6.77852445142
50.70460739,9.2368013441
50.173495949,9.32425495312
50.8839378465,5.64769207218
50.2897992478,6.41209872591
51.0064506638,8.31665470307
50.4894492187,8.79606604775
50.5744247732,7.2066646796
50.397882671,5.64290973019
50.3748504486,5.26231349388
51.8946521509,7.99336986194
52.2341048345,9.60605510768
51.8854149005,5.04526285747
52.4064556346,6.53068861456
52.5215801882,7.2695788237
51.4077731216,6.95515771802
52.2786928149,5.39086960714
51.8406454602,5.40890210026
52.0106453809,9.14693678097
51.5022230587,7.00368225468
51.4071638073,7.73655254669
51.5675570378,5.56039437724
52.2053272827,5.71879196066
52.304121275,9.1104661755
51.9966264482,5.23936267862
51.8964070103,7.03669992472
52.0794634168,5.48472445682
52.6045458161,7.95063593678
52.3375146479,8.79079213517
52.1815306185,6.98057038127
51.6924401455,9.3546323421
51.5180348529,6.49368873328
52.3276469771,6.33813240381
52.4620154895,7.75422258729
52.3637610991,5.8358310084
52.442607778,9.11902532644
51.8990518338,7.62950584272
52.5294530867,8.71369438277
51.8071895982,9.40457772857
52.3271069339,5.63454838307
51.9727455965,5.3306690887
52.1996021891,8.44431338859
52.4745587976,8.95794907097
51.5458743639,5.05612807168
51.3826535033,7.19599181696
51.768442504,7.70357871383
52.0257357903,9.37565954378
52.3290282915,9.84369777743
51.8574093904,5.11478475402
51.854459065,8.21162706658
51.8861314418,8.75518556417
52.4549221659,6.62033296632
52.0613298662,5.85279822465
52.003551201,5.16403005251
51.591775395,7.04292724124
51.8717933545,5.88755633215
52.7150114257,8.47293287376
51.8407460636,9.92543809207
52.2569497516,7.19762229615
52.4435039819,8.54271567329
52.5401371412,6.65939903174
52.5100529783,5.61787589533
52.4410427928,6.44051784522
51.7664319316,7.1861299291
51.7393539137,7.28777030238
51.7594119884,8.32427090241
51.7028619052,5.06496441673
52.1106593499,7.71235751698
52.1420134476,6.85240437611
52.1115309103,8.79873649009
51.6975062688,9.43111517917
52.4065802685,5.05789861336
51.5995990176,8.87632744338
52.3963055739,8.10989714721
52.3005074221,9.26650983381
52.3694836142,5.33312648519
51.8444496138,8.97398989867
51.8556444899,8.09949137807
51.4970865306,5.27225347003
51.4558321546,5.8263269169
52.4006359544,6.36693978375
52.4215216655,7.84092332456
51.7893674546,7.55635025856
51.3319593771,5.19136426547
51.6634349898,7.97783852875
52.6558466091,6.4833849703
51.4725832127,6.80436703588
51.9048214635,8.81981092742
51.5446433711,8.4412196419
52.2297360993,6.90673461224
51.7946668292,9.1713932365
51.5086902381,9.04397909261
51.6905512436,5.46860442787
52.1382367026,7.13113509276
52.1419458238,7.94836198495
52.7662154746,7.96471896624
51.6711130561,7.526713279
52.4946730565,9.92224256063
51.9162943018,5.80455175043
51.7005303019,8.52056085713
52.5770565677,5.11272696344
51.9970485815,6.69764366424
52.4818235521,5.42232662732
51.7233362037,8.38161201319
52.349709135,5.76285254226
52.4577434096,7.33659799298
51.9679908592,9.4839870836
52.7224993782,8.03859387899
52.0039696867,6.8147523895
51.7689509532,7.39303458221
52.6101564027,8.71202489211
52.2958323894,7.41331224057
52.6523448588,6.17660250469
51.4634854453,6.06857470637
52.6919533912,7.98576076625
51.590073767,7.28208718143
51.6841521746,9.28176529174
52.3962170216,7.74816006777
51.6513034488,5.82054842145
52.7188107063,8.94545124797
52.2071513339,5.02925410408
52.0898537186,8.49294888171
52.3807196992,7.03982283653
51.7492106901,7.45603147439
52.132165585,6.93709898585
51.6223423799,9.65084184089
52.5948580333,6.86137979488
51.6458839414,9.59399673875
52.7053030477,7.92518069969
51.6118565849,9.5305136077
51.7246597859,9.09338260616
52.3338359052,6.87871009168
51.4163664931,9.62654384145
52.3432698644,6.7068479807
51.43056191,9.54255762454
52.616613234,5.97681269586
52.5786985498,8.62475574235
52.2741614944,6.80037232106
52.6170141149,7.74826648545
52.1268277663,7.44160417542
52.0570882083,7.91259102271
51.4979982483,9.60025980931
51.830708315,9.31424361462
52.0634129076,6.62050960217
51.4911330636,6.90223895183
52.5761419282,9.75511408415
52.618103806,9.29540175198
52.6490587042,8.24960966057
52.3919417982,5.91012887274
52.7803632009,9.14302848616
51.938972573,5.20899272681
51.5962184163,9.05771546005
52.4516651203,5.85314007411
51.5710258937,6.39974523933
51.6422449219,8.06451794175
51.692559265,8.65952131089
52.6538622486,8.66488276523
51.999529324,9.62877068792
51.6959757364,8.8506012593
51.8993629334,6.77152202837
51.7883367891,8.83808205255
51.9967207779,5.92782835588
51.6629137507,6.57199904732
51.3580695707,5.46707310423
52.2815511958,8.95425007364
52.3914542141,8.49034082853
51.7665147695,5.75010505723
51.8529858476,6.9595008005
52.7642235093,7.82374333015
51.8599809058,7.54039016994
51.8541207634,5.20166141742
52.7152554701,7.65136235207
52.2690411373,9.97784581158
52.2899935907,5.05871300482
52.2042461649,8.27055268829
52.4461536433,6.71786118627
52.0463360324,9.04267915736
52.1476783618,5.77879544212
51.9464910396,5.4447807186
51.8295585247,6.10318529169
51.5894503637,5.6582818599
52.1455083582,9.91534302029
51.8228869241,6.72413174367
51.9735428729,8.69538296587
52.0838766519,7.54441544122
52.2909236708,8.38279035105
52.512902694,7.72921053503
52.6934607843,9.93003880586
52.0017149306,6.01593637101
52.1388087025,5.69108518894
52.115038242,8.58923250488
51.5001886218,7.54492743686
52.408382521,6.89707591879
51.8337242593,7.33899739528
51.5833565158,8.50805945811
52.1965100518,8.12529961382
52.6399529641,7.39398669243
52.1514646987,6.48221693981
51.9928065216,5.06374129042
51.6171568494,5.13341127188
52.2697230031,9.39322430488
51.4088063904,7.56474799714
52.5648263418,6.12102506986
52.4831783193,5.70711193984
51.9611822037,9.66614561556
51.8402823721,8.87914376423
51.7493014071,9.87850120125
52.3831945538,8.67597472312
52.1981261034,8.66277278898
52.2104839312,5.12112170703
52.113540992,8.16946249016
51.5387261387,8.95833913964
51.9738398759,7.07749070733
52.1599570887,5.54801091462
52.2201502461,7.15023067053
52.120592798,9.10699629661
51.5804194907,8.00651649099
51.613777494,5.24886541738
52.2199145912,9.71101655811
51.5484868205,9.99085270362
51.8083756525,9.82385090943
52.3280218021,5.44920412315
51.7948907804,7.63560297192
52.3526868743,9.34603663844
51.557666125,8.09064225596
51.6089443224,6.15881646748
52.3479041316,9.94304307474
51.4320692387,9.11147587041
52.5666309727,6.23491964725
52.4485896895,6.07262663213
51.6084047377,6.47649648376
52.0681540005,6.88769476077
51.9245836779,9.15677759412
51.5455178448,5.81581348818
51.7825241776,8.16330606519
52.4327006287,5.65644410484
52.1999479417,9.96977686249
52.1306742366,7.00973910788
51.4057955522,6.74093333693
52.635581475,8.1698582327
51.3788617526,8.07832985595
52.127966552,9.74801854729
51.4942656829,5.89710423261
51.94045455,7.5428282088
51.4137094152,9.74428976613
51.764066952,5.54829982568
51.6463415405,7.78005790161
51.6633101791,5.59660151765
51.7681651877,5.2342038985
51.8624135544,6.31026743223
51.58700309,6.26883001257
51.892543329,9.82497022838
52.0486820839,8.00922277539
52.4713019935,9.20771178354
51.4656993147,8.72421080233
52.5283166062,6.73928534946
51.4873421571,6.37285112594
51.8498256674,8.81363615541
52.751032594,9.68939994206
51.7140034218,9.57268247591
52.4276495441,5.7630519844
52.1940918793,8.55242437584
52.0125081677,8.20055290723
51.6156365975,9.35882135249
52.2804463941,5.69003049664
52.451110435,7.6747547435
51.4158225669,5.39413467036
52.4768673136,9.97199748783
52.2001796206,9.18480591226
51.7675121603,6.34414504068
51.7545296622,6.49679899651
51.4060587712,5.66382376343
51.6970275932,6.42038514933
52.5568086775,7.14741211185
51.8921308373,7.21379721743
52.5937920805,8.28337774331
52.3596125005,6.41508219561
52.2522646279,7.29918890494
51.7561131816,7.00012256797
52.4325142293,9.03794615753
52.4194415268,7.4029858702
52.3047994804,5.90932790118
51.9250435238,6.07080343453
52.0269089694,8.5919026541
52.4634126197,8.44205828203
51.9488888175,7.16417575092
52.4632644006,5.93785497653
51.8723740695,9.66431441671
51.9385849672,6.27862747289
52.339894259,7.88282797932
51.9776557648,8.80564217713
52.5366611414,7.39557711192
52.5404614836,6.5906147457
51.5486791658,8.67143064368
52.5842116475,6.95167455552
52.015470109,7.47201438821
52.4090605098,6.80824630135
52.5659718174,9.9365984699
52.0777135774,6.06552414359
52.0327753729,6.34906010805
52.0455128418,5.72859396487
52.6511018979,7.67262492355
52.1554048061,6.39940604997
52.4021738875,8.34067489838
52.6261210049,7.00212863243
52.0631906546,7.39538142568
51.8550976438,6.00818278602
51.4886176061,8.84027767124
52.3173263596,6.07932545263
51.6751356748,7.42582912216
52.1428727076,6.06112631495
52.151708644,6.65130808734
52.1304101311,6.3441978261
51.7037574998,8.12364853571
51.7004430557,5.18122172849
52.3773862389,5.25268264223
52.1927477079,5.33281298173
52.0392029326,8.35416413522
51.5607344229,8.34655565961
52.1699953053,5.47852510596
52.3528091759,5.39638396357
51.3782819292,9.6882913158
52.5536598642,8.02306394367
51.6911854194,5.92490848689
51.3874732336,5.5472718432
52.3101085287,7.79436591653
52.3924825983,6.0041768659
51.9189621077,6.87423887555
52.577633588,9.22190580135
52.3416160117,8.90561576208
52.5813012256,6.785976152
52.1009752818,9.28609018365
52.4947035195,7.9231830688
51.810694706,9.72640831579
52.5288624051,9.43597026955
51.8525593319,8.66808021268
51.97523959,8.29811227445
52.1217811255,6.56914601701
52.5752127723,8.39584433281
52.4982112186,9.54738474076
52.5929954339,9.35791153924
51.7494840488,7.51586268584
52.3796712448,7.62346516006
52.6417768842,8.89266181724
52.4004165455,7.93753404605
52.5489042942,9.66157404985
52.0387999954,7.34810217662
51.8284117193,7.24781704323
52.2984984525,5.99606007677
52.4282733653,9.47746661503
52.3576108354,9.42431007413
52.3215593818,9.6972713756
52.5549248094,8.96851560786
51.5804923272,7.84224011779
52.29772317,7.11645533931
52.4409769392,7.58509586802
52.1829139738,8.03130041182
51.6709299453,9.01251322142
52.4180717509,8.86447862815
52.2899004568,6.99619548028
52.6460685968,9.65974688329
51.4297333806,9.98770489647
51.879448869,9.23263732769
52.4086889292,5.38474057503
52.469909161,7.08571052585
51.8320777786,6.84640760132
52.0078452154,8.42637251352
52.0277064233,6.44122625643
51.7520367359,6.69516944356
52.2895418961,8.86341803398
51.7170717988,7.36615173073
51.9534017963,6.47265687848
52.2383165238,7.86610102077
51.9483365846,9.01308932786
51.6009968794,8.23625062568
51.3799711331,6.05224438811
51.884823334,6.65728246352
51.9861397409,8.08062308115
51.436201688,9.1663505539
51.3541602233,9.56380405225
52.3493367268,5.12343435974
52.4179771937,8.21353696052
51.7644244818,8.99328462627
51.6412864435,8.67588450303
51.8922546929,7.14794657267
52.4098178828,6.26408869831
51.6883900489,8.73626784649
52.1760688684,8.21053494829
51.8947879278,7.27908000986
51.6978490493,8.20759333081
51.3311226091,7.55370621638
51.9356311764,7.78529660905
52.0208550744,7.27817723434
52.0954080782,7.05829373679
51.8390717286,6.43301043867
51.9939381205,6.91760073979
52.3250349003,9.51179605952
51.7262407001,7.59335581098
51.7925390631,5.32067623446
52.5217322081,6.01842188481
52.162180563,5.41870634446
51.7694956168,8.24930239572
51.5196399168,9.13874766421
51.7410703884,6.03277513405
51.3529006425,5.30864322061
51.923380445,9.59187222156
52.3718279362,7.50839762327
52.0338322503,7.17661580798
52.1723369327,5.62630179114
51.7281769776,6.83087367535
52.013841381,7.6101869307
52.2609818352,5.8006243349
52.1964642354,7.62691327692
52.4889014244,8.36342353078
51.8092076907,5.66735898329
51.4926865694,9.69237818979
52.5772602924,9.58931405496
51.4810749409,8.59155422471
52.6776946793,8.58838914532
52.4420178622,5.52248913744
51.8308573087,7.42824645029
52.6428974538,8.05961921755
51.4506541783,5.32381932407
51.705253142,9.95669168912
52.5355127189,7.81968460745
52.2277033571,8.77946377357
51.5144381604,7.98054265223
51.989944092,7.98290732459
52.7263958928,9.04837071859
52.5100780591,8.57578772399
52.2220289657,6.04280312555
51.9480137552,7.36211287403
51.8268204148,8.42142241803
52.7194350334,8.11963033776
52.016438822,9.79990793629
52.2023566635,7.38677667731
51.4875500802,7.80211509052
51.3873779896,9.8341078156
52.0999641015,9.19331340675
51.8422899511,5.7707968686
52.4733756453,7.47560062469
52.3914078528,5.44740688365
51.6396859785,5.52131411577
51.909067578,5.52935838753
52.3404890941,5.52251089802
51.4876595083,5.39787539233
51.7781569577,8.38282014401
51.6261095259,9.96037102405
52.2334656992,9.48224622476
51.5877751648,6.67121963362
51.6299824599,8.58664312331
52.3695208987,9.08803217673
51.9204653397,5.71271647691
51.5159553223,9.50909363999
51.554231349,6.07574428327
51.9663921151,7.69694328228
51.9104305446,9.34735323162
52.2109472892,6.56775583229
52.5229876855,7.55266160118
51.7711067263,7.98344095018
51.6474711316,8.42960177717
52.4645168266,8.03363212252
51.8911225202,5.36766349393
51.5252289614,6.74307404071
52.0841808001,7.81378927288
52.5382654374,8.20185848314
52.5861938568,6.53196667044
52.7397710346,8.67531513431
51.4125839165,8.17203332715
51.662792599,6.08648128305
52.5050250826,8.28860783868
51.5780617019,6.94499028191
51.7886556883,5.93776563619
52.0724049446,5.14878794952
51.6231841033,6.01065675456
51.5678337361,7.51391059869
52.1417361186,8.97234647938
51.9308901902,5.96044117391
51.6647885428,6.98093961396
51.4698615094,8.09569588551
51.9162524863,8.38647514802
51.6593942837,7.20220048182
51.5231245078,6.13655044439
52.1091416974,9.84283966582
52.3827783864,9.77402635531
51.7712454811,6.60284874869
51.6947846236,7.08590115427
51.5651924908,6.57392282946
52.5315276175,9.15337506842
51.7643271662,5.41812345729
51.5142207646,5.17401817178
51.5226134535,9.89946931376
52.1778040289,7.68651555078
52.8122040441,8.06401005298
51.9190142941,6.1732220969
51.9863356276,5.64388981407
51.6843403794,7.68112891612
52.0809326616,5.61393931379
52.6470538868,9.1204881829
52.1206020397,5.06408605611
52.4888992678,6.33482838877
52.3560832296,7.33170993254
52.4402813089,5.21923034186
51.5833265553,7.13221895132
51.7134235128,8.05338567629
52.2919247705,9.17057626765
51.9937291921,9.26210288495
51.4806830678,7.11396421126
52.3451104162,6.17131566501
51.9776709875,8.50736962215
51.5974637462,5.73736090585
51.5659155322,9.65082027626
51.7912200598,8.75569091082
52.6821340814,9.75928547349
52.2423042277,6.14723854093
52.1067774779,5.9698120367
51.9201662768,8.16422031552
52.7441542479,7.88458894105
52.2931385004,5.29191468588
51.5728221301,9.58223705427
52.372992394,9.17712156113
52.3997461214,7.11980372815
52.4682990509,9.76312792032
51.8316564048,7.87537226553
52.3400028768,7.69065771751
52.1731304997,5.87747959282
51.541704057,6.32993408429
52.6516130821,7.23269579265
51.4432661442,8.01019533313
52.6441363283,9.55955398553
51.7471034973,7.78643829649
51.526849781,5.98562212773
52.2408192179,9.79772151084
52.3401423406,8.02290745167
52.2482735596,6.48473346965
51.591851428,7.60511803279
51.748847429,8.67992166385
52.0807619223,9.47846857973
51.6423699886,8.94016235904
52.6341728311,8.48294986369
52.4576626721,6.16782337077
51.4145193482,5.14962928427
51.4813587653,7.28042080379
52.5488983459,8.10827838884
52.1192877228,8.38435530924
51.6690633368,5.36119596767
52.6024289083,6.72598413406
51.3817343248,7.48380353958
51.8598189821,9.50474884105
52.2700412306,7.50407386733
51.745970731,9.3335610899
52.1091980836,7.22003537938
52.1253985196,7.31369991349
52.111713629,6.27880023862
52.2454801445,6.65701178759
52.0952420719,5.2480518948
51.400434868,9.21826395
52.4710005155,7.00467569006
51.5780197831,9.25111782058
52.2247063124,9.0562907951
51.4295170458,5.96634734462
51.930690719,5.14462041593
51.3793062712,9.49316371419
52.6379947391,9.00039807461
51.3571537115,9.91909525456
51.2576714542,7.55833194125
52.3705050878,8.60078613574
52.0946096667,8.08003455408
52.0575375178,7.09671623998
51.6215061678,5.0255037956
51.6715365229,6.76311871974
51.7447794848,6.14599240822
51.4266449913,8.53461183593
51.5708963159,6.81229366011
52.41369028,9.55992509951
52.6749223674,9.34685908457
52.5539820913,5.89121465492
52.3589128215,9.60766404535
51.5504232945,5.34262708331
51.5171004176,7.46435485815
51.5482979089,8.570517518
51.7664898338,5.84006531935
52.0091847952,6.11481134588
52.4976071848,6.91308566514
51.6710268347,6.48230784459
51.6316357883,9.15073634057
52.5583041807,6.43558623502
52.5195551423,5.05512818253
51.6018667704,9.73981612982
51.7747060511,9.26228841024
51.7963760238,8.50812821844
52.0478757264,6.99112709409
51.7066840286,5.26762256436
52.6669477121,8.41954103818
51.9349779667,8.9006463442
51.5144289117,8.17357500379
51.496666762,5.71606617336
52.2718863069,6.28063212955
52.1463747901,9.3883333507
52.2110449514,6.43076965464
51.4218302997,5.22934262512
51.5353338029,6.20817554886
51.626661114,7.90950795423
52.6131563774,8.54738761641
52.6157665152,7.48936943724
51.8327693465,8.57363509669
51.8548836627,5.55412085463
52.6748632584,8.74382037624
51.8131754881,6.2290529008
52.1972864903,9.30028962588
52.6651829756,7.84671366436
51.906054538,7.46487334796
52.5609728811,7.65541149513
51.8840002977,5.29423523203
51.8444886551,7.72575005856
51.848745605,5.48408182033
52.2525465804,6.72536452142
51.4700025369,9.26292569168
51.3341046695,5.68078449782
52.2543104831,7.70613850861
52.0309897626,7.74830648804
52.0822977793,5.36760494061
52.3067293532,8.6979276659
52.4223695024,7.285812303
51.8071842377,9.60127210891
51.8946784783,8.29360149261
51.9210848865,6.37483799559
51.9285304806,8.23615295434
51.4750668293,6.67693293516
51.831550511,8.28177997172
51.7765327823,5.17402618028
52.4329470039,9.92583983706
52.3718816116,5.69057418506
51.6535491984,6.34367031953
52.1143534693,8.8838304121
51.7151528845,9.78913932925
52.1563926483,7.88067324261
52.0461716418,8.84995170426
51.3311424992,9.64337804528
52.4184774085,6.96032064693
52.106748742,6.75500924569
52.3777958181,8.96914255204
52.7044559965,7.52372616263
52.1899862215,6.79852666388
52.3698810774,8.43258355213
52.3227793486,9.02994195463
52.2203220857,7.45790761108
51.7076393959,9.66970716334
52.1045393258,8.27760549199
52.3201810269,6.58689718939
52.3018807985,8.14532751139
51.8626084033,9.0934256552
51.7070069998,7.89063249489
52.2844638739,7.60255345333
52.6634955686,7.58975147525
51.9201780302,9.73347741106
52.1795442654,7.53997485996
51.7652797473,8.55966735796
51.5621991055,7.38239947287
51.38032138,9.30924227068
51.7800989427,8.62218913145
52.5446456558,8.88440428348
52.1433936665,9.54957222198
52.4674685635,8.12845602317
52.2816127135,8.60880058183
51.6556351487,7.33890790277
52.5464159043,8.50743557265
51.7560936861,6.90377391982
51.3148174513,9.46630251841
51.4324490103,5.05732033386
51.4754975289,8.27003602542
51.3810484737,7.6492177891
52.3476138963,7.22479533765
52.1473931343,8.73216084197
52.5773758393,9.51910706177
52.3885335642,5.17623231311
52.4318967293,8.74795308273
51.5688861826,7.21032925182
52.6076922326,7.32663798428
52.5196318747,9.84985904026
51.4713920442,5.49125171315
52.0896588616,8.6740636057
52.5642756224,5.36118207421
51.5588819801,7.92873321301
52.7193994755,7.74829899105
52.2436648441,9.89631888217
51.7759098374,6.78214722491
52.1301140604,6.14729435822
52.053019531,9.90979201252
52.3548679789,6.9526112673
52.3064927627,5.18496033002
51.4683329614,7.9124546567
52.4249599773,9.38305648075
52.5098495609,9.31285513901
51.9534112285,9.89647666582
52.6836794606,7.33214137003
51.6033523277,9.4571893243
52.6154867458,6.33986213063
52.3885441873,5.6051100959
52.4241762599,9.84545392651
52.0409073583,8.94045532564
51.6061582683,7.45974765425
51.6875418938,5.70608130436
52.6838401811,8.3297039682
52.1198713644,7.62938150067
52.1783549874,9.84820769092
51.3873828505,5.75837901463
52.2343783721,8.20648879275
52.1007783304,9.97416126663
51.9846748901,5.79862038817
52.0244548303,9.69373728215
51.9618861399,5.86391662928
51.585110371,5.90920200275
52.4976762151,6.5227545187
51.3024315837,5.5397054327
52.1395004147,5.16121876429
51.7153232939,8.60164253713
51.8023613203,5.03812387586
52.1836119537,7.22175412349
51.4813997066,7.64986647289
52.449536088,7.17883270571
52.1000702474,6.41608988952
51.5124623612,8.03555253765
51.6213029601,9.86864915225
52.3933233019,6.09610385461
52.1684930729,9.4781036874
51.4956536805,9.80534639797
52.207452301,7.93999426646
52.4624578705,8.64149007007
51.5652553659,7.73030508064
51.9497538073,6.98212418437
51.4536265044,8.66352010547
51.4411449209,9.41477568694
52.3345679872,6.25723454647
52.6388103891,9.94819319134
52.6940549983,9.23817835917
51.8198422656,7.0883836108
52.0533881796,8.74873863826
52.5184538538,6.81972248157
51.4984064849,8.50954857835
52.6068986364,8.80019563884
52.5961405669,7.57379398962
52.286908245,6.4160940699
52.1954197479,6.72130176837
51.9577725767,7.2277941085
52.032917142,6.22232649588
52.2570700275,5.58631640038
51.7750228774,8.91185893862
52.0554555237,6.51412544704
51.5164708109,9.33697838647
51.8031418085,7.49349955827
51.6528273857,6.87825237585
52.28199465,5.48008927576
51.8784342874,8.49370163486
51.4497782926,6.57832376944
51.8635246629,6.54030026606
52.6384129803,9.85712622243
52.1132539099,8.00392464958
52.0564930228,7.68414501737
51.7145114996,9.19588159973
51.40760474,8.90995419112
52.6512154778,9.46562870834
52.2513554022,8.06446835905
52.103247591,9.63707651809
52.2836327583,6.21938809682
51.5940613826,8.78506633662
52.1928905979,6.24310316465
51.9222827048,8.58948238214
51.6731542793,8.31962048765
52.447738896,9.65268951996
51.4748880069,8.40109342491
51.9050624971,5.60806400568
52.1970022801,8.34818531151
51.9441305459,7.89103131752
52.3034783469,8.26645517934
51.6948944066,6.24254150475
51.4079006926,7.03183185009
51.6269292735,8.14357397657
51.8422792694,7.17860802915
52.3317934877,6.48571775924
51.7170888264,8.95395539704
52.2031657639,8.89077862179
51.4503641883,9.89360598684
52.5345290647,9.06181169607
52.3014569288,8.50373561005
52.0340146009,9.56506003834
51.4764103087,5.60601415814
51.4521485104,7.49674097489
52.52110497,5.49261107095
51.8287815866,8.3467125883
51.4124436109,6.89934320506
51.7516042638,8.44860050916
51.7906490536,9.03852763559
52.2097983301,5.2207568734
52.2855608646,7.93464638058
52.0132979372,7.82629534846
52.2476775115,7.99719748535
52.2255698108,5.45458394152
51.6685109153,9.51009624925
52.408962279,9.28276006088
52.2194284145,6.34976332469
51.9905865671,5.54990525595
51.4751466041,6.27523377039
51.7618133069,9.50469484388
51.992925822,9.99233750787
51.5140870505,7.19594161301
51.698165051,6.65197446629
51.587683363,5.45263725117
52.2109809439,7.05132317048
51.9737361754,6.5818125223
52.5522259302,7.03517692707
51.7710662392,8.08231482592
51.7913448596,5.11432190688
52.1787160822,7.7812658596
52.2253849851,5.95066101529
52.5152453716,8.79694825512
51.5398295093,9.40826888401
51.3447070511,5.60934989017
53.2667668771,9.38242691862
52.9848029681,7.98657700243
53.936732485,7.0181691953
52.9173050572,8.11226138473
52.9012747875,6.46469429273
53.4223671196,9.69786180141
53.1206943297,8.72864021671
52.9191227111,8.32539739395
53.2956544112,6.48875388845
53.4081740578,7.73321822372
53.0197971332,6.35079302315
52.9207515853,9.11259066552
53.1833859584,5.15674446667
53.814786799,5.79939880156
53.7866422708,5.13607749527
52.7775577571,6.6842217821
52.7013563048,6.39969725321
53.1946641658,8.24450490305
53.2642800537,7.17476899526
53.451570163,7.13597686329
53.4333005251,6.09676179427
53.1106828007,8.80178369234
53.1903472786,9.04383446552
53.0180589068,5.04745349545
53.470807471,9.53594812049
53.0044945986,7.45582161044
53.6742165425,8.4223025868
53.9803257248,9.65343594956
52.8550454728,8.68839631132
52.9118131273,9.94068010475
52.8545936779,7.19240149522
53.5803928275,8.80099507046
53.8608267974,6.67577816634
53.3891151624,9.86972749303
52.8527254165,7.57886726275
53.7287964235,6.06527050719
52.6257838512,6.64853016194
53.6218827388,9.90150457381
53.777927946,7.41179630174
52.6064027604,5.60331216271
53.1431035617,9.85644311563
52.9185700321,8.0171337413
52.8532716727,5.81066299501
53.2148391312,8.69258313782
53.1003563608,5.23346952287
52.8448463221,5.92387229348
53.4045389996,9.26758457672
54.0621239339,6.56970044957
53.2386538068,9.72930451742
53.9024733889,9.63732850507
53.9601692596,5.66744491851
53.7546727273,9.61295421451
52.8529666026,7.09259406261
53.1989809123,9.95844502079
53.1975223374,7.98107964779
52.844062523,7.33771834898
53.4120643346,6.8217569033
53.7336037276,6.39850220077
53.6642456159,6.63811078617
53.8196482227,9.16192279259
53.1071888944,5.32623665798
53.4009256008,8.13403297634
53.9273569845,6.61387728597
53.2420466647,6.04482250341
53.6770396841,7.08325475588
53.9828572034,9.46722523638
52.6377652558,5.40315443713
53.3413384111,7.52431769113
53.3789413647,6.6996392504
53.3400522587,8.3528086927
53.3950106057,5.34762807822
53.1351393485,7.97947583718
53.181352587,8.32504061823
53.7717873331,6.14865751152
53.0815960761,6.6446871589
53.6213452132,5.87709492871
52.7448756507,7.02336297065
53.9084417884,8.89802869744
53.1677604471,5.97218259772
53.264494059,8.62448193484
53.1988637355,7.43681139216
52.7499216565,5.85325178448
53.5448382905,7.90196086023
53.3933185589,9.6109959484
54.0983041253,6.74378469084
53.0752665833,5.12328262472
53.7975371496,8.94760010203
53.6249584407,6.3609561564
54.0061102513,6.78874576023
53.5099213251,7.41507574098
53.1746564757,5.27132628178
52.7835333725,5.10895345637
53.5072128612,8.24539379582
53.5358124579,5.60001806215
53.5577227946,9.83419728272
53.5932591306,9.18950855755
53.3893318196,9.34419224816
53.8608031124,7.19058754055
53.0887834755,7.06053682884
53.3635166063,9.20593282915
53.1284452234,8.95397996413
53.6783657695,7.87969761371
53.1679237503,9.66154944709
53.835185182,8.28437850917
52.8342983879,5.4986129078
53.8629459958,5.06463279251
53.5266195504,6.09514457918
53.1365291813,9.22183985111
53.4480459126,9.42288279914
53.4235622658,5.05880673889
53.7276386478,8.83393119726
53.0486970932,6.71738416982
52.8321487931,9.84550980684
53.7998262406,5.34274614693
53.4752371054,9.86004793407
53.867820198,9.50735789592
53.0226063833,6.90073731065
53.6589446392,5.98052452815
52.9545384393,8.8247381779
53.3675152398,7.17751859008
52.6994224503,5.25652076734
52.8222635941,9.64920222448
53.2062845206,8.60234307809
53.6188616344,5.36299202726
53.5531789659,9.96130116263
53.4241240884,8.21058956354
53.441241898,8.32106924895
53.3073714513,6.1067320911
53.3443923521,7.90240093332
53.2041859926,9.2968042306
53.7516405889,5.49956047681
53.2318754541,6.80440838972
53.4409005428,7.40726515236
53.1754276531,8.77756518914
53.6257879646,5.54533768563
53.7142977125,6.99172308431
52.8356514667,5.30884742461
53.0288666555,9.00011943995
52.9024581603,9.24585149784
53.0314015965,7.24494803791
52.717758689,6.82606214656
53.3608411216,5.87732619852
53.9272599293,9.56299693857
53.3420667106,5.95022216414
52.9930770105,9.1776476582
54.0488501523,7.37232820869
53.0156002382,6.0734210562
52.8115583926,7.89424622335
52.8468727807,8.15542094501
53.0523988559,6.81244466282
53.7657955026,6.23332887969
53.4245548436,6.25649627676
53.9082170245,5.71880370704
53.6151258474,6.72571061132
53.2656592924,9.8537913096
52.9507303779,6.06808203617
53.3022046322,8.15906009157
53.7745666045,9.91192230136
53.6769756762,9.36199972625
53.8286167311,6.00288827124
54.0111672322,7.73033192163
52.9227323196,5.25481761388
52.7365352527,9.41029248753
53.8958341028,5.80938741713
52.8856517729,7.48548626543
52.9552391543,6.1599371275
53.5943088171,9.35757220829
53.1222060981,8.5446373341
53.9050587826,5.47371918199
53.7026441297,5.91428971693
53.7078760078,7.71681093986
52.7613844666,8.54743775468
53.8639801252,6.11849770941
52.6442916804,7.07944221402
52.8260705465,6.77898728594
52.7767848233,6.02966189215
53.0702899019,7.59745678129
53.0749638704,9.52176255807
53.6707163709,8.7836502031
53.1166216817,7.67361363527
53.6501931752,9.28405317658
53.681228218,9.44274365146
53.2943803868,9.46555836636
53.1885766261,8.4090338451
53.0902862572,8.10152421579
53.4267710863,5.173753568
53.3646533781,8.52203521251
53.7914009531,5.66700983885
53.4656645248,9.92155283181
53.4188474895,8.83400051539
53.3531117136,7.69132943742
53.6662601774,6.9186580106
53.1795576391,9.5626324071
53.0723837335,9.41365723669
53.3468783189,8.04465280299
53.4969482486,9.12188828378
53.5772350402,8.08632274014
52.8741229604,6.18985079043
53.8978844189,6.33633054247
53.0922465529,7.43967271682
53.465131081,7.34272338256
53.6651627146,9.53474707505
53.4830187256,7.87424143916
53.1552207716,8.03474766436
52.8192385866,5.40605008718
53.4652547541,5.54861947158
52.9390076015,9.82162968135
52.8223466372,8.61322306753
52.8013835252,8.77456586721
53.9519618478,8.65534714391
53.8895275385,6.921666038
53.5885807527,6.55679315714
52.8661112362,8.84600247697
53.1295303925,8.48071656551
52.7576151008,8.26366575259
53.8611967399,7.06467289763
53.2211443451,8.96794473761
53.1930651192,5.79442431389
52.803305762,7.76730986705
52.5795620842,5.45279444585
53.3670077366,6.57433633403
53.4709847227,7.73753771159
52.8540035088,8.52922184972
53.235454462,9.63152858642
53.1993617347,6.88036391747
52.9540323669,8.71921789383
53.963516464,9.36537340195
53.6200867594,8.3863848763
53.3419327401,6.29946928188
53.2883567525,8.26758594052
52.8873844503,9.613719825
53.8211978342,9.04209885176
52.7447089269,6.48597037478
53.8168988383,8.84657170702
53.9743611639,9.84553942712
52.7881421116,7.50371435684
52.7200889452,5.35667286408
53.1114839389,5.04171023972
53.2258267906,7.89247255201
52.7685668893,5.55985649692
53.5577962278,7.74101422608
53.5079751169,7.48782060499
53.5046404215,8.86766620999
53.6675535829,9.6310170497
52.817407752,9.58400758969
53.028348707,6.57289451715
53.4987233077,9.70818517398
52.9920765268,9.61991587769
53.9842142201,7.61856335995
53.4614109692,6.41308550395
53.6502133859,5.04007066846
52.7385850605,5.46726322109
53.3208486519,6.79270118242
53.5584168644,5.28415892803
52.6697166098,6.93217033632
53.9974194997,6.32402995899
53.2026448261,5.37722678725
53.7028619197,9.1972883183
52.9886695659,8.64491576004
52.893132649,7.26918599986
52.6759813849,5.66685515845
53.4542329707,5.77198589012
53.0474021969,8.68438680019
53.521923611,8.01322933658
53.1470739009,6.3609051894
52.4678186602,5.14498506494
53.2964424728,6.9774809509
53.9178167295,7.12273176979
53.2851113087,7.81536564906
53.6821434332,9.92411510665
54.0573028341,9.68858080299
52.7820607045,5.78477503081
53.4919481343,6.56213323016
53.3637896675,7.25637375745
53.5977784479,5.68727810952
53.5331743474,7.55362466652
53.0637487333,6.15043295774
53.863487482,7.30990783285
53.9813096362,9.09766798605
53.6775339032,8.15720332389
53.1991910197,5.04611618182
53.3102660436,9.09726382546
52.7701612113,9.76890145284
53.9942806534,7.5328156689
52.7259209007,7.14031191511
53.0196650601,6.97736719988
53.6315600021,8.26076300613
53.0976526877,7.29712787062
53.8137221102,5.91105036221
53.3079942156,6.8731013093
53.1367521633,7.52583344046
53.9300945752,8.4239330774
54.0017966849,6.94471968704
53.1689559449,7.61048923605
53.0424963442,5.46574966216
53.9851062293,9.27354586745
53.4508823833,6.34613930402
53.0964534745,9.61656498101
53.3715815672,6.15574639731
53.2742470266,7.97755149162
53.8944516293,7.56618379821
53.6684828645,7.94105662655
53.0852623879,7.16807166578
53.7732091041,9.50277739123
53.3587454051,5.77354128715
53.3212058015,8.98677896092
53.6089282913,7.83229696399
53.9364459788,6.22070122976
52.9101603611,6.38824538122
53.8852938841,9.95610284494
52.9777882404,7.79065042608
53.4868633762,8.69489293249
54.0673579684,9.62939782091
52.9135974658,8.62797044586
53.4375866491,7.67137456661
53.1907147019,8.14509423626
53.440740084,5.44705385646
52.754949331,6.92466711328
52.7666445986,6.12387346601
53.7614912001,7.12320299838
53.4127492296,5.61401138249
52.794563173,8.47182667808
54.0275857056,9.56424409005
52.890212876,8.77157946145
53.914861206,8.61099937403
53.4366269555,5.84203504847
53.9366028121,5.16008271124
53.1247209273,8.63178793418
53.2473897924,6.40731938158
53.1761770586,7.25075850568
52.9191501089,9.68376880849
54.0265133828,9.18646567825
53.3766334902,5.52650490312
53.4335554562,5.94063515733
53.2859635803,7.27746348517
52.8920886549,5.17435556651
53.5213255647,6.20429820606
53.2920126372,5.29953493725
53.9797603822,5.50441921778
53.9457708184,7.80164306001
52.8913855963,6.68655902377
53.6429468598,6.82136800266
53.6477200114,6.55209105607
53.8482706665,7.40028966739
52.6267109147,5.05210172466
52.9710150938,9.28757698701
53.1676730026,7.14061887727
53.4291624318,7.02928518004
53.4645663392,8.50984868037
53.9964240937,7.09806766465
53.7459840627,5.25716093554
53.8295460655,5.85244999563
53.7428260645,5.05353223641
53.5470015008,5.97411886002
54.0062417052,7.19646186228
53.827176875,7.11923946845
53.2606558262,8.79816968686
53.0564070493,9.27082717271
53.4259067604,6.48315074081
53.2409898759,8.06116250302
52.6026654327,5.80483290125
53.0805660695,6.43378333703
53.6778878751,9.82981479033
53.1962506779,7.78611416935
53.6053785474,5.4573519807
52.8889471829,7.7452083063
53.4814320684,9.63375016448
53.5415778745,5.79091418561
53.6903910574,8.6975963993
53.6430868617,6.11026798332
53.0732612291,8.4937220811
53.4938826709,9.22505738617
53.1336399908,7.35891690309
53.4594798641,6.93889595152
53.12232383,9.03432598468
53.2715139062,5.95195734611
53.6925157022,6.17378905355
53.8152293671,7.99988006347
52.9973317916,5.98701637134
52.9683816297,7.55368875476
53.115853086,9.93675506929
53.4261858647,8.95299532694
53.0638722932,9.6878430798
52.63684604,6.77709681893
53.1556955484,5.59190205237
52.9443979123,7.17434441402
53.3498873432,9.41140831744
53.5253895441,7.64008874507
52.7574206921,8.4018938055
53.8343871973,9.65628491095
53.2593876779,6.18083509499
53.5600732558,9.28347554664
53.8371075282,6.41819876389
53.4935551354,6.88214842219
53.5923110604,7.50192780847
53.1691240942,6.12458971872
52.6874535618,5.78515246159
53.096573895,5.64962821352
53.8389655942,7.81200608646
53.6454291716,8.53265476977
53.3211063212,9.97031309365
53.2445607849,7.6300120336
53.5485687744,7.34043872878
53.4580089116,7.24453361529
53.5193862831,7.8225806661
52.9223742016,7.87918311623
52.7361552381,6.21284131967
53.0320683836,9.33861266503
53.6087453339,6.04801546125
53.5970639261,7.97856212135
53.6476683222,5.23499311638
53.4400481353,6.63447335511
53.9104844994,7.67989947307
52.9845722873,5.45188984227
53.3472843673,9.76363815046
52.9889435359,9.73586783589
52.843481453,7.82450280066
53.7013782805,5.63257661183
53.4545363635,8.06261030879
53.1131021787,5.44851993613
53.3086517065,5.18264575898
53.7835945622,7.0445587134
52.7399185343,5.72795042537
52.6594144137,6.56569658185
53.9894065165,6.68868846092
52.8589905055,6.11280928543
53.7107939351,8.27423682365
53.7157826208,7.52582693575
53.0823427867,8.25705050161
53.2743821621,8.41121780351
53.2015349628,5.66766033086
53.4467701582,8.61160683866
52.6298664922,5.29799567062
53.8724189071,5.65585611319
53.1627838204,6.62964178698
52.8013673525,7.67769391618
52.8704083523,9.54107896879
52.9891152169,5.80851952739
53.4805519221,5.6872291191
52.8997646028,6.92045964304
53.6880383295,7.44119974067
52.9255600502,7.38786728208
52.8505778801,7.96486574951
53.4554029984,6.74008223478
53.51850313,8.42724086369
53.7066942935,5.38474642382
52.8049182737,5.2016491875
53.8032053811,7.7227929145
53.5286583363,6.30744218607
52.9989759358,8.1191029962
52.9170157209,5.65741104045
52.7201977915,5.04194383525
53.7168931452,6.5610999188
53.0738195554,5.54413484663
53.6788158862,8.34249441636
53.7370667464,9.09925307745
52.9474656126,5.54037816015
53.1493641712,9.47604754864
54.0562761327,6.84331121999
53.2067222671,6.96428471043
53.7901018549,6.32640619195
53.0548787036,9.80481882173
53.794685671,7.17536551853
52.7645937979,5.27944560715
53.4793421631,9.31742642759
53.5350791979,6.79739875897
53.9064708679,6.77846917861
52.8302743579,6.60381998284
52.8066262203,6.40944847645
52.9893192649,6.47460629437
53.731058511,6.74457688156
53.985757199,6.59520991316
53.7274140927,9.71849081978
52.8062395821,8.98800446391
53.8838166007,8.52191645183
52.7994234119,5.03742626282
53.6428392085,6.9968203761
52.8115497212,9.26070332905
53.1899553362,9.37230825041
53.8600077175,8.19838935645
53.7047097302,6.31081895443
53.7309916858,5.18667259482
53.0958128094,9.11896795732
53.1168093481,8.35264456772
52.8968218608,8.18585188248
52.9104386999,7.63659422512
52.6633943001,6.26305386379
52.8465579491,8.38240028847
53.1724567306,6.53736852136
52.7327754014,9.99508161951
52.8799165684,9.45934799187
53.1045575677,7.89408424125
53.9769059774,9.92177453119
53.743137676,5.96512063048
52.9260570184,6.83187204312
53.2410063681,7.54453229288
54.0357962298,9.95490592825
53.5197532185,6.96664028576
53.2550248309,5.75795511326
53.3336462774,6.23547300157
52.7106642245,8.21944422727
52.9260468896,5.87787807329
53.5542505528,7.06104318278
53.7630421263,8.74634781311
52.8475371399,6.32974912713
53.806662589,7.61945944644
52.9324487719,8.40383002133
53.453791241,7.95292500277
52.7535248236,7.58339069339
53.7152342349,8.53861390868
53.9876402582,9.99429145813
54.0020752964,5.75645304106
53.7698018484,5.56919015751
53.5345600679,7.16842000655
53.4794957408,9.03830212193
52.7505041389,9.89817760179
53.8326341468,5.7343940771
53.1253716983,8.18046153067
53.8983894615,9.3255319802
53.1455697578,6.23375039125
54.0433678482,7.86856136875
53.7021607429,5.31649965416
53.0824276811,7.77018095488
53.5392145043,5.18800834898
53.7922292622,7.86712923765
53.670878644,5.12706517355
53.2944629853,5.68822957246
52.9678917486,7.3040302546
53.5396603339,6.40464318909
52.9936930894,8.05031524279
53.5589323582,8.57222249912
52.9211446706,5.7652940189
53.297224832,9.65886273733
53.5076179476,5.88103301945
52.6933997508,5.97472981294
53.3610779098,6.04039180538
53.1297517056,5.73876793163
53.972555759,6.51324619756
53.3568822856,9.678894082
53.0315796973,8.17601466844
52.5355498561,5.20139291509
53.4722442558,5.25885841864
53.5884019101,7.41799958883
53.8759052795,9.83587057
53.2510669209,6.29961802212
53.3365710606,8.44099514097
53.8462508498,8.4122141101
53.706937867,7.2031434057
52.8454698166,9.73054587947
52.8466632011,8.25576867607
53.2889678138,9.18736526626
53.9677174512,6.86326196966
53.6607507472,6.4683940753
53.6467553119,7.75120740443
53.3705579693,8.26766940739
52.7856523981,8.88284949756
53.7403017007,7.32546402851
52.7655907475,5.93367745178
53.3783903252,5.25382476408
53.3093954492,9.28473313575
53.051676251,5.87800259918
52.6910622723,5.15059488862
53.3614860344,6.39534741774
53.7721805489,8.35164104326
53.9829764738,7.41225418355
54.0820935465,6.65346749487
53.2256583033,9.22144810585
53.1528401617,9.41640297215
52.9992176968,8.46486152095
53.1197460287,9.32094612314
53.9125801349,8.80589104813
52.7914644626,9.4946800674
52.7817117614,8.3257294938
52.8437204761,5.7422164198
52.8516244056,6.98126554731
52.6536735458,5.4688762852
52.9760003767,6.74320262016
53.7692618769,9.24496946988
54.0052538479,9.75861373459
53.3128821306,8.71037051783
53.0371806753,7.35422893688
53.2951517651,9.56422181862
53.1178593284,6.57495366729
52.6704550337,5.55320466585
53.5169025863,6.67955965312
53.8408952311,6.20719063079
53.3841974593,6.9293508977
53.8274921751,6.84664789314
53.1678664564,8.86256343447
53.9089834183,7.46799792802
53.9408426879,9.00448338826
53.6239393133,7.90814230909
53.3721864604,7.34386375622
53.0222966689,5.72485489052
53.5738976608,9.46793815023
53.599469355,9.7148579303
53.3235810683,7.08373095856
53.3410945241,8.87951320658
53.7307737231,5.7423163176
53.6792869152,8.48470690341
52.8805411451,6.00609933848
53.8552779499,7.9052277073
52.991786475,6.65499624859
53.4022390886,8.70162111244
53.736536854,7.57571423224
53.3045639591,5.06021337836
53.5851499645,6.97128901853
53.8479568082,6.5554736821
53.0549528711,7.51173201753
52.8007869456,7.16400807565
53.9209321032,5.31981877078
53.0319592325,9.90833105258
53.5061033042,5.36373238393
52.7053797732,8.82347278888
53.3458132874,7.76833530009
53.4556928082,9.78515629602
53.009547617,5.19631231283
52.9282663366,5.37264564353
53.6997425635,8.03082544268
52.9143387212,8.47328244169
52.7325212896,9.82790103959
53.613393428,7.15466733239
53.7861952036,8.54026678404
53.4541221649,6.03082373767
53.9412726833,6.02635479657
52.8889221891,9.31976718624
53.0837635623,8.42598187302
53.7587178938,8.45546605903
53.116261256,6.92349509284
52.6714248914,5.88928872889
52.957413715,9.39803724726
53.9264963184,5.57929890137
53.576445212,8.18751330527
53.8909232816,9.24555363785
53.440010164,7.56417928148
52.9323517264,9.04068714446
53.3932222119,5.68577110056
53.6663655762,8.6120399182
53.0757758937,5.79172630143
52.8250216729,6.2424402335
53.1287397207,9.74669058888
52.9913942871,7.68045282988
53.5740387103,6.8955071794
53.0597080151,7.99705710876
53.8193301486,9.31355402873
53.7063306255,8.99611072051
52.6123467111,5.22015306926
52.9493826606,5.11604501775
53.7652473421,6.63536774435
52.9354500977,6.97834136855
53.745261264,7.92410603401
53.2950881596,7.453710013
53.7302459371,9.30751535698
53.084024403,6.51024567564
52.6706560095,6.07160014979
53.1438478056,6.73147721779
53.5940451431,6.16288154232
53.4011008738,9.05483342413
53.7941297697,8.1136708319
53.8635535191,8.69014782605
53.2752596592,7.36999797586
53.3172419191,7.61264312916
52.8374894457,6.50955559586
53.0119736481,5.62360157288
53.8671394692,9.41479458397
53.8148302879,5.45050238515
53.2785915279,7.72356422731
52.8273457944,9.38923234334
52.9682881225,7.06370500817
52.8570542768,8.45779667073
53.623952747,8.89727037472
53.2195881545,7.05363552578
52.8533519843,5.57920171102
53.0109661986,7.92901350847
53.1534228171,6.46469739135
53.8019367136,7.243101589
53.7578447004,9.38940139178
53.342828339,8.62147544393
53.4254550735,7.81622414127
53.8379404171,5.2232913352
52.7178231119,7.43837021789
53.9243393019,9.16633334809
53.849170098,6.99540143674
53.9055667209,5.91868656348
53.2440591596,6.91477247961
53.6257542214,6.2502667302
53.2158695777,5.9213567664
52.808034993,9.94969464362
53.5477321315,5.06556596202
52.5569123789,5.27431076374
53.5060638036,8.76975227745
53.2317613126,5.23891995033
53.1585420083,7.0030072847
52.7045704845,6.64116967816
53.4559697837,6.15724189909
53.7475864452,5.42620674517
53.2883350964,6.73479913869
53.3619632951,8.78234207942
53.0173738337,5.29591812862
53.2063352121,9.13397687724
53.0131926237,7.86017799988
53.8939491847,9.10141124919
53.2063679556,7.3405473607
53.5993050498,9.06355024501
53.6381835791,7.34864421466
53.7866376996,6.93772221805
53.7760900409,9.81015497675
53.2016681783,7.68900817231
53.915623043,7.24097933107
53.7327163654,7.80606804008
53.3745661841,7.44346531643
53.0225593151,6.2387782604
52.798190773,5.66253047024
52.5703638909,5.71839790077
53.1318679194,5.91484958309
52.9227620872,6.27197471745
53.9799197319,6.12181786353
52.9161991114,8.9365596872
53.4189349225,8.42115289274
53.1298512981,5.82163076344
53.014033508,9.46743041468
53.0548496953,8.87849946363
53.8515216366,6.27182627635
52.7574084416,9.33576771765
52.7773530286,8.18129134598
53.9030056647,9.72466393727
54.0443764587,6.43142356762
53.2517815345,8.89100170151
53.9481798878,7.90724724714
53.2195505052,6.49493965359
52.9600816823,6.91624221875
53.4412856612,7.47242308143
53.8980013946,8.34398269598
53.3860529418,7.63144497364
53.5961760467,7.24752985321
52.8524118874,5.12128314806
52.8572058791,9.07039179514
53.6056794979,8.46616154768
53.5334091857,5.491522382
53.5315123968,8.97404436683
53.3748727481,9.49646241416
53.2337070123,6.67286673419
53.8411237122,9.57695880261
52.898209855,5.46174905798
52.8288411365,6.88395012261
53.20785147,5.50469831261
52.9869467547,9.08379746265
52.8237619656,7.42272528667
53.9714628045,7.31404118145
52.5766027134,5.53774911403
52.4635019193,5.3094097199
52.9270297906,6.57569413992
53.911078215,7.37140616794
53.8009742023,7.50270406068
53.3051252919,6.64737588126
53.768613397,8.22124990299
53.2661021494,5.85189945977
53.3510416983,5.64678491346
52.7767535578,7.24647473561
53.6408054431,5.77792631382
53.0401262603,8.77235539634
53.2531383872,9.03889597845
52.8829035447,5.04656956845
53.9034213636,8.11400218086
53.0234653295,7.13327032329
53.8286464126,5.60525929107
53.8190409852,9.72863978664
53.5261911641,9.3790286035
53.7287882245,8.89674847674
53.822108689,6.74626555425
52.7659596002,7.35201873969
53.7519181342,5.84935198715
53.7537724702,8.63120368692
53.3128911632,5.43432344839
53.0334917232,8.56947824941
53.2893690358,8.48708784087
53.6253769708,7.66495359825
52.7442077315,6.57713127733
53.1526065503,6.82090371471
52.8153888255,5.86562844793
53.9745993174,5.85519268637
52.7318054655,9.58896702868
53.7594991433,6.48691632238
53.9431621486,6.41508303275
53.8991890613,6.47696841406
52.7605316424,6.31333632954
53.0992589113,6.04618830803
53.6677240022,9.1279179455
53.6566348106,7.57136764463
53.8200472741,8.59958136051
53.6824402128,5.45774786518
52.687382385,6.72123567016
53.5583599292,8.33290067485
52.8817316149,9.17485487579
53.2488499574,6.57574379422
52.9381767308,8.54340356724
53.4061386081,9.14260724233
52.9500547042,9.51319202539
53.5835450064,6.61713090509
53.292222293,5.58991064777
53.7136765829,7.64233084964
53.2102333431,9.44383534259
53.2371541518,9.50105626524
53.0150974155,8.35574140236
53.4360965985,8.77146575457
53.0391180582,5.39109086142
53.8690098193,8.9619261332
53.7357502209,6.8553366077
53.5643483073,6.48791742117
53.4276180842,9.20659744382
52.9639104918,8.23718370667
53.5599465942,5.42278463179
53.8380517601,5.53271471082
53.5728327748,9.59312603865
53.5888122721,8.69598765667
53.1756385465,5.87291261689
53.2075265621,8.51364221006
53.2484901897,8.34157481028
53.4942619197,8.151627844
53.0975954467,5.95795069613
53.9930768721,8.92309036973
54.1009557674,8.90220705599
54.4683942328,8.37491354953
54.8169083169,7.57852412198
54.9684133532,9.73394550409
54.3712977068,7.05446000529
54.2851302503,8.10297330875
54.2209496848,7.58208757417
54.6862276226,5.45310395
54.9086127056,5.25524549316
54.2650092791,6.08382684268
54.8662273359,5.9867449648
54.512917416,5.16678644845
54.5163120144,9.99399889956
54.7543423691,9.23778746679
54.7204311937,6.49064033882
54.315981799,6.52248281456
54.3810828116,8.79304493846
54.8766124696,9.63263391943
54.7738504207,9.06934193707
54.139716993,7.01332205244
54.1764868105,9.10304393243
54.9634340153,9.25007417463
54.8620456842,5.78356210811
54.2123313981,8.66405638795
54.5874019678,6.9649874562
54.4239218496,8.88359673191
54.8239592658,9.31816546799
54.0678881071,8.18648809746
54.7390523587,6.9927720658
54.5553106134,8.16165109389
54.2018979018,5.69297023358
54.9437822071,8.04392611487
54.2537214473,7.70069870231
54.9657299789,5.27167743891
54.6716300603,6.11595564707
54.7259717331,5.22283920961
54.1764137468,8.60314524759
54.1560643847,6.65363727291
54.7893301289,8.07386226489
54.1153706567,6.34019677481
54.2318421477,5.32310706176
54.9482739217,9.17288185186
54.5961030162,8.67986040011
54.453313402,7.55757140395
54.5718881101,8.52000459084
54.622216918,6.50943969767
54.375472077,9.60290219074
54.5764415712,8.42892411585
54.9658670808,5.86933597038
54.929421368,7.19095290925
54.4028036967,6.53111677856
54.0282858979,5.15203702132
54.2734230432,5.76006722826
54.6441223731,9.54382193924
54.6388155926,5.33545511061
54.7979521766,6.06480133585
53.9917863187,8.83174825124
54.4039332533,6.13923769391
54.5698729413,9.51028912775
54.5700722135,8.2410856354
54.7284112634,8.57045046729
54.3676243593,5.95879016046
54.4021426901,6.97463220129
54.3917665193,9.6929069109
54.2316117834,8.44471266077
54.6171380953,7.288418803
54.3590901986,8.15736009842
54.4178565981,9.78217914842
54.8762729635,6.09482594452
54.7696169741,7.74746384384
54.5288119761,9.44318188106
54.204192331,8.02685732769
54.0689423037,5.21540920256
54.4654526982,9.85442312763
54.4706633202,9.62904859887
54.0905330506,7.25969049035
54.5395812242,5.32811223948
54.7265658753,8.7445065391
54.3676658701,8.2474746068
54.5827642605,5.64076257653
54.4488376727,5.97236152341
54.1061878293,7.96829899061
54.7430239496,6.09988199576
54.5015668643,8.85861723272
54.1427709195,6.58496942278
54.3612119193,9.15229542717
54.8262063763,6.61620245065
54.1902027858,5.13271289374
54.7021754231,8.14186645519
54.557317918,7.67987494158
54.6751603347,7.19793179951
54.2880206669,5.14711567704
54.1784583035,7.65895448118
53.9763988867,8.15616491625
54.3942331825,5.80954178298
54.0772553918,9.98836113694
54.2377448952,5.19963294708
54.6989631326,9.14725009356
54.043873555,9.01128111674
54.4741709879,5.05904758741
54.758116562,6.55790608419
54.4656358125,7.04302188278
54.8902818065,9.91403016386
54.8277495931,7.66611511978
54.2339451916,7.41597098406
54.3955967603,5.16218212787
54.7296835119,7.41710555321
54.3622870041,7.53151748155
54.9557055616,5.94709715147
54.1087961326,7.33012246874
54.5098057694,5.6804572215
54.729094249,6.70218553563
54.7820171462,6.00530305733
54.5011470769,6.88728382924
54.1433316465,7.16986787573
54.6521146228,7.36544123864
54.6485717958,6.40033603006
54.4558157103,7.34054572018
54.277266448,7.32418431709
54.8278402651,7.0004750929
54.8837447822,6.51418529288
54.1238194682,8.34522828112
54.5016581262,5.43400687701
54.229258574,6.39296724464
54.5468567345,8.77744474883
54.9631316996,7.78878121182
54.3548776429,8.88947029496
54.7666356859,5.74208022688
54.9533317083,6.46725379022
54.4509554693,9.10328887824
54.5681246582,8.59364406094
54.5819219393,7.1689596465
54.4104817084,6.82886452271
54.7244536892,9.95408662584
54.2577586163,5.05258652014
54.4504534966,6.4298117933
54.1980929254,7.79711320065
54.2271550977,7.48331017897
54.7174470262,8.97084820514
54.6628861049,6.98415926209
54.0690459583,9.3608341171
54.2452977266,7.86218509801
54.8809024993,5.33561850848
54.9556742463,5.40797113134
54.1906253646,8.87600519394
54.1435316197,7.87265256062
54.7329449323,9.79396711149
54.1719492061,6.79207325315
54.4808041017,7.81142609858
54.6114160773,6.75922924624
54.4757236546,9.35484603187
54.9298828301,6.37857305021
54.5530655849,7.02147472597
54.8739754875,6.41979601051
54.5947755632,6.18005371925
54.1206571189,7.07182899662
54.9662518905,7.44342245217
54.7857929178,7.1027067739
54.538071575,9.02514917802
54.0450312301,6.05203247125
54.7454813573,5.06134537721
54.9716123058,8.50449642076
54.1831511266,8.15338791954
54.8865930625,9.10024157362
54.1117564088,8.07652743588
54.1306751213,9.59108261567
54.807302415,7.32289259718
54.8097861393,8.49795294445
54.641343056,9.80306956662
54.7522086112,8.40667028071
54.6699791281,6.7903781462
54.4557947643,5.61876638563
54.8384019322,9.39690879902
54.594840332,9.44051772098
54.3737787788,7.3567358612
54.5463766115,9.78203448919
54.5553735252,9.22203686652
54.3332136192,7.1174909571
54.4000609907,7.84273267575
54.819792592,8.95780418582
54.6046505598,6.0418778345
54.1824700379,5.6019819098
54.4520566573,9.01113926779
54.1569965186,5.3359525664
54.5695856763,6.60014448639
54.9131094983,5.47081836255
54.9454851413,7.87845949626
54.1290215955,5.38536561161
54.6830821262,9.8836727074
54.3204993322,7.87651745077
54.8772818305,7.27923062141
54.9537837115,8.14588085101
54.88165125,7.09894002147
54.9027724721,5.03768993757
54.8279391801,9.71561649441
54.2920497623,9.6623033781
54.4567690881,5.2600867293
54.7828586817,8.3077873005
54.2145398736,6.03733341358
54.8178088973,9.16376206306
54.65044923,9.05416228388
54.2290099005,6.72144447159
54.9402747176,5.55356596942
54.939671183,9.55569799845
54.24626026,6.4954333304
54.4818479306,9.93291006793
54.6396064043,8.58100896701
54.105473292,5.58703120948
54.1465336168,6.49075797116
54.5525329486,8.91955233692
54.081180753,9.10861506369
54.4256089776,7.93269968596
54.1645323996,8.26845542429
54.8615127366,5.42733114866
54.8773071972,9.23323084345
54.3416086767,5.73738621057
54.7449099155,6.90484270521
54.2830301975,6.83372554672
54.1066019489,9.48176579933
54.5419527936,7.93792555806
54.9714056383,6.52398644289
54.9488663304,6.20003043378
54.3841071733,7.26606485918
54.9702051052,7.11630863762
53.9836215304,8.08726630057
54.2324464084,5.93253585439
54.5281028496,7.11147946575
54.7023704356,5.75162952082
54.2410313129,6.92658796493
54.9075341934,9.76721392944
54.3038286846,5.24790472782
54.1526507303,5.0440554681
54.6522488018,9.95374735106
54.4817405895,7.9668244437
54.7672764532,6.39487939872
54.7665225093,5.1488004613
54.1765721702,9.30277656046
54.5591407788,7.37707680446
54.1750457796,7.27648166954
54.3954610036,8.95940947205
54.2087857409,5.4341671585
54.4237161569,7.15150815498
54.5164248957,7.24454000926
54.4254261379,6.28170589876
54.8106895336,8.63557382088
54.8050622309,5.78362755518
54.8313966653,7.40944561652
54.8508703462,6.32998936586
54.5337762081,7.48241437445
54.3628283305,5.05249389943
54.1998421453,7.93293808074
54.4060507391,5.69137334838
54.3781804287,5.2939339521
54.0430041344,8.10179273794
54.3207835921,7.18950163133
54.5292112442,5.48569985906
53.9978856714,8.57783868949
53.9287271866,8.00950634036
54.9557066531,9.65911148065
54.6330241136,7.65502234955
53.9914821818,8.35939833238
54.8756116123,7.71259489437
54.7128644265,7.53667685702
54.3041587723,5.67107079901
54.3269303589,6.13992190418
54.3487663285,8.49799065604
54.2049851836,8.5237503301
54.2726353613,8.20687984819
54.9663250818,6.84760348199
54.7608117359,9.38754401089
54.4883506858,6.01104791707
54.5317798152,6.95148396866
54.6852738207,6.59051159986
54.3993978672,8.33669515132
54.8867086959,9.36331845954
54.1907046234,7.05293330394
54.4696434332,8.70056467358
54.6887184482,6.22599020561
54.2819284322,8.51966256169
54.3356988792,7.61597254124
54.5773671929,5.42304755755
54.718869304,7.04865713201
54.2065912802,8.95593274841
54.7099065607,7.11180136665
54.5309745018,6.41134593394
54.3626602304,7.91870569741
54.6068836351,5.9461549737
54.290683706,7.95735866676
54.3062444135,8.9504696479
54.1296600382,9.67818619102
54.1915894213,6.98056421511
54.6923279462,6.32140756217
54.6847502957,8.01754327993
54.1929997032,8.36422956723
54.6337261809,9.71299475109
54.0612354512,8.29678712959
54.205524118,9.53357508191
54.5837041174,5.10565801702
54.8490465166,5.51083701638
54.9718033511,7.9568887974
54.7411830253,5.8401564191
54.8590027116,7.88587128699
54.3752336593,7.98543816805
54.7004166889,7.92968107367
54.8391584248,8.37898491049
54.3016356342,8.69984515337
54.7130092615,6.16320596157
54.9481426223,9.96687036444
54.0562385287,9.87811616539
54.2166232848,9.71416433099
53.9955029383,5.4131686745
54.1447310409,5.74707517813
54.407896765,6.7288754142
54.8551260206,6.84683713976
54.4886819073,7.64155067253
54.4234303812,7.65552620221
54.4807764664,6.21551020077
54.8172258422,6.46274603837
54.0287338381,8.02850681014
54.0476345175,5.53511310066
54.1108325797,8.54210846877
54.7579330985,5.54801315715
54.4853653193,7.88381182167
54.5486768003,8.34096212319
54.0497391209,7.78240452529
54.6343046102,6.6586567986
54.354685048,9.86781363896
54.152567092,9.18616566896
54.4154563825,9.94611432415
54.5907692834,8.85465406162
54.6516098434,8.35935665153
54.7125679312,7.64806894956
54.7294373731,9.69489480439
54.3760706321,6.45620592299
54.4193152559,6.04180736174
54.8338962469,5.23352380298
54.6283438016,9.48139293637
54.9598305308,7.36977371241
54.8791694972,8.3268051974
54.6263576013,7.92390115022
54.486546626,6.67743676103
54.062367817,7.11271990758
54.7465225055,6.80477634414
54.2413315938,6.27887358074
54.9489113383,6.30226479364
54.1124004135,8.62690088547
54.8888706031,8.18453061761
54.3458287484,6.07631221698
54.0592470021,5.09326706623
54.8020270734,7.21281235853
54.3818397991,6.600196202
54.0525206164,8.67111103422
54.9615201,8.73863918885
54.707019259,5.3076147262
54.3087649207,8.45356705292
54.1803819902,7.44057833268
54.5955575803,7.57210574019
54.0357164875,7.66127147327
54.0257902763,5.94137252941
54.6288820834,8.77324574305
54.4543593091,6.49311946979
54.75040431,8.86517554036
54.0634631597,6.2594382364
54.3030426863,9.50879813614
54.2329931873,6.59046220666
54.297073611,6.45598536725
54.3292450783,9.75178394287
53.9908561839,5.24401786693
54.3319230315,6.92909763172
54.9456005562,5.78316444464
54.1562478204,5.52771808627
54.9368890834,8.93149926321
54.8638219868,8.25897214425
54.1591095935,8.83196335407
54.4647466893,5.74941920665
54.9448250969,6.60344795257
54.9715030608,9.91377666383
54.5308705859,6.50860749354
54.2310823232,9.05369713019
54.8718711839,6.2441098897
54.578350027,6.69659760708
54.1157309546,7.72004304737
54.2392536153,7.2157992439
54.9462218538,5.18582426738
54.4432969998,5.90109168578
54.3533494094,8.5917078704
54.837402205,9.82607940948
54.5270711612,5.57297564471
54.3719097255,5.57957570887
54.8013476729,8.19024698909
54.4424370328,7.44115787354
54.47603121,9.53473968323
54.2578008836,9.93927338111
54.9484459706,8.24352411895
53.9743829378,8.73555209609
54.1039056251,5.79596549898
54.457483307,9.44788687164
54.0819055421,9.25782376337
54.4723608812,6.96293776885
54.0701244955,5.31641368989
54.488960645,8.46904287875
54.7994562111,6.51990952978
54.1563502222,9.39565369865
54.1909984088,5.80632322134
54.7854466929,5.93002804094
54.8298158437,9.49335554532
54.3940131169,8.07405652091
54.4656645154,9.71272210811
54.1379568179,8.68882999874
54.6289945124,8.17946351403
54.7887979636,5.47067349468
54.6041161055,9.34941370248
54.105504141,6.93125662574
54.6212150644,5.87137201448
54.2639518732,9.59207918349
54.5389689444,9.69911994881
54.2927840847,7.80527977899
54.3728387719,9.41991425425
54.7165805794,9.4705968687
54.9172684198,8.43408665292
54.6492729374,9.43112062098
54.4825352928,8.57930464416
54.2692211994,5.84079481793
54.7948758982,7.84941449708
54.7097248285,6.02787865879
54.4385826897,6.91567896913
54.9592334296,5.09216841057
54.1823867461,6.86209098481
54.3917234563,8.42918835244
54.4675099939,8.16591637956
54.8000311389,7.48803355078
54.7864169047,7.95292576228
54.8745262887,7.4791094265
54.2434195319,5.62292929131
54.2440518513,6.16729698552
54.5212947627,5.82723884308
54.9410382913,9.43639225275
54.9559211319,7.04382237196
54.2379664386,9.82179181112
54.878011246,8.11054560313
54.0446108856,7.02862200439
54.0986453516,9.94233162811
54.9406436148,8.82148662972
54.9228956941,7.62914127018
54.0477975318,5.84488630808
54.7115440955,7.30668101858
54.8468028386,5.6068766753
54.5278911124,6.30745140764
54.3340553688,5.45785941177
54.9727290015,5.4774691409
54.8847796346,7.35170116152
54.0949982829,5.68483977234
54.6254957321,7.08713714398
54.1094857293,7.42613485745
54.6047498331,8.09758642115
54.0718125688,8.37759016872
54.6388049199,9.23087370343
54.6900672858,5.93586587927
54.3453351027,6.23264749885
54.5014448746,6.103748097
54.6580706372,5.80466122838
54.0395654919,7.4581347902
54.8712933851,5.87277002242
54.9400753409,5.66896868268
54.3256790558,7.44430225611
54.6108792951,5.72604172146
54.732303837,5.65988698902
54.6962596154,7.84583983101
54.3230115994,5.34943934281
54.9698486829,9.10389736826
54.6816591894,8.24905366935
54.9089518506,8.53613041567
54.2762983904,9.30984559098
54.0547963492,6.17761415784
54.6637778778,8.83324476748
54.900683325,6.6835364803
54.2528705049,9.40169009487
54.101607186,7.5933672588
54.293815712,6.01809485967
54.1416590917,9.03579820019
54.2021046648,9.62795422732
54.8879925102,9.01495901532
54.8915228402,7.95964637065
54.8263759411,6.70792032512
54.5689050804,9.61406570587
54.6930037515,8.64652943056
54.9049728214,7.41824396535
54.0965728965,5.45707299511
54.2771346835,9.21520255285
54.6404495294,5.04497539417
54.3006771223,7.53459474631
54.7841217642,5.39070264177
54.2491637459,8.59294476107
54.8054761623,6.76541859764
54.6791667365,9.62069460262
54.7825338007,9.60811843094
54.8668695677,8.7310558849
54.9564027896,7.28606243327
54.3438359509,6.35352022916
54.1216159623,6.8277137228
54.0225757477,5.61808479237
54.4042515894,6.6658644771
54.1485059964,6.22740048194
54.7753084489,5.30202707293
54.2505818255,7.12025362034
54.325146201,8.02991467835
54.2703152979,8.85274117377
54.5711201412,7.83127800317
54.3381034158,9.0516830674
54.5866426947,8.00315570459
54.0532876266,7.3124935018
54.7059635467,9.32254440105
54.4734594575,8.79034564154
54.2785055715,7.01324337349
54.1761760732,7.36644964975
54.5457773895,9.27483499579
54.290377669,9.12666110128
54.3663397079,9.29893491621
54.8515275948,5.12160247407
54.955802999,6.03558949215
54.2549094459,5.54244381336
54.503355452,8.05268464389
54.0788734298,7.50693978608
54.1405626902,6.10957073783
54.0261899726,8.46021223794
54.5288099962,6.78864667972
54.9523116552,9.84003974947
54.7978632168,6.17965494195
54.8376616593,5.70842042179
53.9825123469,5.05531457486
54.9663704855,7.71835856619
54.5930690417,5.50677502687
54.6651191496,5.1372504542
54.4704393849,8.27995794504
54.9728239215,6.41249757796
54.937841596,6.93912125399
54.4473227698,6.3550588204
54.7600848751,6.28440064645
54.9703121698,5.3354654631
54.084372993,8.77736702707
54.2976136308,8.35677862881
54.6230914848,6.28943710964
54.563218447,5.0328706504
54.9588548233,9.03343647423
54.0767309764,5.03272290763
54.3324443208,6.74203726249
54.1314499621,5.99319695397
54.1635048288,5.24029635118
54.5239636951,5.94454513447
54.6266595662,8.94910622426
54.1527105847,7.50300276593
54.9644925437,6.11481811036
54.8552584723,8.85877894224
54.629092234,7.46444329229
54.4665421767,9.22768221154
54.122176449,9.78339147753
54.6435866482,5.64355018546
54.9541437393,7.52211359637
54.2315436893,9.13089652259
54.4688771847,6.57445347695
54.6156991264,6.87934047445
54.5660227758,9.138654484
54.9567106796,8.33802420968
54.9722300243,6.681753027
54.4733869951,7.73176902279
54.8740887133,7.79843233959
54.5718252957,9.90274421016
54.8736188574,6.75068538778
54.2042810384,8.75910477322
54.6557737068,5.56541451702
54.4452105274,5.4897545974
54.3828554793,8.67672212876
54.9539468889,9.33215183158
54.1572233714,9.89300243636
54.2507140871,8.2779973617
54.0112554851,7.95719751582
54.1352659474,8.43553364174
54.6385386898,6.71523971584
54.7134487472,9.55137423849
54.1267625206,5.88581166411
54.1015916875,5.146122178
54.8844841398,7.53988372138
54.953867357,6.76876264005
54.8109075688,8.79298864359
54.4137788039,8.51514482376
54.3278221339,5.88092553379
54.3142515774,6.6584334893
54.4364419882,8.00164019741
54.4823800297,8.94521158673
54.3916279984,9.50711195139
54.6086475034,5.23507934895
53.957599104,8.2528471525
54.3674811145,7.73498739482
54.7709035671,9.89407806467
54.430562817,5.3749824376
54.9355371913,8.63901816971
54.6729211195,8.47808122649
54.6479192228,7.74087580816
