X,Y
7.78650588987,12.3215359349
8.24710523483,12.4458718305
7.04651975261,9.72247831905
7.91494942481,10.7272962969
7.3749461758,9.18930209926
8.05893193545,9.18933229033
7.72938609749,12.1499501173
7.90033373029,11.3051054855
7.15341425997,11.0158068657
8.13697185283,10.461616642
7.06541172916,10.9890882823
7.92954001607,11.9546194276
7.99779955173,11.574346237
7.42414114041,9.38218364376
8.24012256319,8.78685081207
7.3370386125,9.58288703147
7.03729784588,8.57447891725
7.43138882955,10.8462212842
7.8675202747,9.59854505142
8.07387164735,8.63694092668
7.37736499653,10.5520947927
7.70949145578,10.3076641689
7.42134540718,11.9337939725
8.35926612609,9.50844047595
8.22208724424,12.8835681627
7.08519945369,13.0322746776
7.24960217269,12.4289700498
8.27302328404,10.0755160619
7.91912805371,8.71151726534
7.9914499655,13.368771496
7.48549135128,10.7486487537
8.13855673706,10.1079687961
7.12845524145,12.146477373
7.05632245751,11.3106858638
8.0019628072,12.2784573338
7.70149152242,9.75582673356
7.0459188977,11.7585914197
7.44566370272,13.3222732992
7.6644116937,10.1140855342
7.02921567227,13.0341212836
7.2831558949,13.0181568138
8.06534126588,13.3027634406
7.20012855207,11.1378680113
8.33082411822,11.3150919947
8.24431645585,8.66240878274
7.17824099806,9.48619496917
7.39795150527,12.1902521167
7.31221985364,12.134194355
7.87212270423,9.36267943764
7.78511947932,9.6329274657
7.61332804034,9.64394794862
7.89929321333,11.0801529953
8.04302198347,11.8211459796
8.15909321386,9.21026009934
7.66966393137,10.5440361997
7.12818455016,8.49960133632
7.68239635511,10.4167831349
8.06956203169,10.6605329391
8.05957723429,12.9983287934
7.43881614335,8.77674083004
7.31607391583,10.4501039376
7.58494340374,9.71647702791
7.4664402823,9.92086897149
7.67906338103,9.2874721156
7.61477784378,13.3983279354
8.18107011936,10.5085425494
7.78865954136,9.52196558642
7.70611436094,10.881679373
8.04668932417,13.0818090553
7.57971008961,10.0737330662
8.09421110108,8.97501117495
7.78332950258,12.5964228991
7.90528379677,12.5702130464
7.37198595696,12.8689920873
7.05055429604,12.775072483
7.4434945759,11.8373517508
8.15391809957,12.4323415565
7.30381815232,11.5616758996
7.22434812913,12.174215756
8.28869079793,11.9104926673
8.11781155032,12.0882508935
8.19650356201,10.0086527933
7.16773124652,12.2892654451
8.15960437205,13.3086498461
7.96340419449,10.38255134
7.94427452102,8.89588360859
7.83213825678,12.0211267554
7.81899247978,11.5157142423
7.12474726978,11.0725761003
7.40406659085,10.9345149203
7.21822085506,8.63910639369
7.99955952507,10.9753548332
7.21824456364,12.9911647966
8.30247871511,12.7116011101
7.54397792988,12.6932325561
8.17885471307,11.3309443023
7.12967699446,9.68220527369
7.96330147726,9.1506509956
8.14975330117,12.9506840129
7.25175773996,11.3775610539
7.37222958625,10.1435900021
7.69622777455,10.6576795643
7.90540419089,10.1363056548
7.78863882437,9.42140646556
7.66358733849,11.8562533604
8.21128493704,10.7626984043
7.26274679093,9.85403745608
7.62194140145,11.3909004696
7.43072602527,12.4242854109
8.30152057623,12.0027514602
8.00393920135,12.9443545576
7.48461752506,12.2185869221
7.13912708637,11.3970578859
7.53630637479,10.641447458
7.12703450537,9.92229953383
7.06369946718,10.0786056601
7.9137031011,11.4951129821
7.45994339131,12.7287528201
7.61862433848,8.81395172562
7.28294414984,11.4708125727
7.38279443647,9.09029402471
7.8745447023,13.0502313819
7.03081396565,8.9245917849
7.28677584651,10.0802093424
8.19066570945,10.9991662267
8.05052009701,10.4227245741
7.28619815805,8.8061417766
7.20373940346,11.4671095094
8.28109841118,10.231136618
7.84404314216,12.930206982
7.312209039,8.5940610078
7.66374948604,8.89807965374
7.09295478552,10.2226347734
7.60806895482,10.9329973051
7.42704729527,11.2383822539
7.78000217444,8.90989047264
8.0940875895,10.5393928422
7.8390189176,11.408679423
7.57142107129,9.27263853812
7.4539635128,9.00713491979
7.48421626959,13.44811262
7.3067745555,11.6996910925
7.38903237288,12.1327947783
7.79577894213,10.2805735694
7.99455653882,13.2893501877
7.96112242994,9.61972277963
8.23212272019,10.1484202934
8.10535504419,12.2168371767
7.7182049801,13.1138884934
7.71572995583,12.6921905589
7.91498323834,8.80664884477
7.49590455706,11.4870072773
8.17829453699,9.02980240679
7.71915196062,12.0006011431
8.13545818862,9.41041958367
7.12055061825,10.887832621
7.44560605276,12.9467235622
7.65786551149,12.0637464106
7.76844775518,11.9294520165
7.66428326879,11.6604864451
7.4882542033,11.8991703985
7.30930348317,11.1265203037
7.1601447797,12.489371459
7.2017432945,9.65316177296
7.02509655656,8.74776949417
7.04899379177,10.5041184847
7.63337815732,9.88111866434
7.22626992535,11.7240611323
7.9063349909,10.9913956471
7.60034307913,10.324856316
7.30025288175,11.7777058162
7.61783980211,12.1780173084
8.12233548388,13.235619252
8.10827521595,9.53949817488
7.94872190971,12.8631430699
8.10093845414,11.4841367024
7.15369763336,10.6696310414
7.25983937711,11.6401604766
7.71238892386,11.291680358
7.99180275619,12.393722546
7.34413000723,12.3872213662
7.76468628579,9.69770964943
7.20287763983,12.3752765922
7.54060055226,9.5943348491
7.43791120442,12.6609936128
7.72680420398,10.1988644611
8.0980415043,11.1920154978
7.3948344195,11.1083255621
8.05534022306,10.9203468836
7.90591635718,9.07579595636
7.14647544802,12.7972185245
7.9116445707,10.2253317733
8.24179311545,10.3385129569
7.94788515276,10.3009677102
7.05676775353,11.9540499309
7.3870097735,12.2995770903
7.62712109931,12.7569831988
7.99820030782,8.80390175618
7.54997635648,10.8294889782
8.2070822882,8.94645468144
7.76892696397,10.8398637158
7.44843338119,10.4666479129
8.04038797282,10.8272766764
7.12624611874,8.58864165888
7.14406786605,8.67757446883
7.64911953339,8.72402355723
8.01743968103,10.0928025332
7.94128590254,11.1312220053
7.31916842102,8.50285889151
8.20250388364,13.3722712303
7.71898008837,12.3764038895
7.86727273159,8.88077214735
7.61740110839,10.6221520295
7.97250259068,11.8012390201
8.36596574741,10.2524884111
7.38925900744,12.9285005335
7.32323246546,8.9992279529
7.60005925201,9.43339687381
7.64563678939,10.0026551945
7.54769500594,11.8443962888
8.19077246992,9.71465575625
7.53783846661,13.4311934243
7.60373449348,11.4716387556
7.26837934221,12.039200486
7.58771579694,13.0119413945
7.50762259231,10.2571797965
7.90293149484,8.51268967648
7.25446217235,11.9454044764
7.54810307829,12.0694427897
7.32449024841,9.36774952776
8.24221494196,12.9467178639
7.79293989567,8.52641759472
7.15218296335,12.6110897721
8.23149938949,13.0221360822
8.07844842275,9.97947741503
8.239926443,12.0850685194
7.40119800126,9.69440164997
7.38361021543,12.0469348627
7.86577432264,9.7202661153
7.4470042342,9.82023605438
7.64594052114,12.9483987281
8.07093526862,10.1899997762
7.74012487715,12.2438024606
7.11429754246,11.1471179462
7.94338298825,13.3014387279
7.36416456491,13.0625180895
7.56484817934,10.4628248142
7.84100864974,12.1231900477
7.46505812461,11.0532962197
7.02762451233,8.49173152027
7.69252890177,9.68050248171
8.10486968611,11.9801653824
7.87069052774,9.18912100713
7.95957075969,11.3959108787
7.59076325059,10.2319189148
7.67377648191,11.5645144637
8.18131247456,9.51418657238
7.22158517345,8.52560053831
7.97429749201,10.6770237893
7.2039066325,11.5558516522
8.07165267548,12.566528808
7.13978788665,10.7844216662
7.85378197849,11.9529096496
7.7129157308,11.3865351647
7.49475017756,13.2568024886
7.29796961997,9.69148562617
7.842173007,10.2177727407
8.06208221709,9.30591250382
7.14622376039,11.2274674596
8.17631484392,9.900495945
8.09144527998,11.343805614
8.05170616249,11.3945074229
8.190731002,13.2490759402
7.51015241841,9.67614886021
7.06051639125,12.1996237414
7.8759218266,10.271776946
7.82454630796,8.81674128852
7.0642915317,12.0748808743
7.30770732948,8.88231662954
7.12350985118,11.8189708383
7.07139018436,8.52178750001
7.12838213758,10.3097742743
8.11111052484,13.3951085156
8.16020002729,12.5948173969
7.14966155285,11.9015858578
8.18962647743,11.5326673516
7.74919775275,12.7862511996
7.42946920197,8.62130870334
7.16959167502,11.6508989737
7.85333208287,10.8106467973
7.2758487169,12.5114683716
7.04247368912,11.5371133197
8.18080601614,13.173296912
7.05463022702,11.4598778403
7.47564888893,12.0096788353
7.96912170182,12.5039290929
8.21558066787,10.2824228746
7.21905556678,12.7014444543
8.33184121075,10.0325988239
8.00944629827,9.42286817796
7.87716814838,11.7775931445
8.25671121309,9.23698061945
8.2811375094,9.64097127902
7.55742782526,12.5927042423
8.05732242295,11.1422132361
8.01974313621,13.2003792161
7.75888048457,12.0595458431
7.24743689565,11.0503648609
7.82736710969,12.2355110714
7.47266711479,10.1821442626
7.79315167226,13.0938740314
7.63380171738,8.59760349053
8.12844939352,9.11179079609
7.5634361656,11.0539706461
7.34163406841,12.205381107
8.21480532214,10.4261134025
7.69214004077,9.45952311633
8.06868801827,11.7427782727
7.22205711303,12.5587188708
7.26004996372,10.5891161223
7.64747754964,11.1064802872
7.46167317542,12.1125441514
7.58838327341,11.959437495
8.27672745512,9.51980042772
7.28437234025,12.3502593301
7.18035081357,10.101677124
8.12012538153,11.4015165313
7.48550525284,11.5676192171
7.03033985626,11.6839521932
8.09030204101,12.6820142307
7.43915106536,9.58375480269
7.20806569367,8.82888983352
7.18652782316,9.18776862513
7.61515379636,9.07151959891
7.61665219482,13.2646349284
7.70056859229,13.4373131188
8.3091446828,9.93253665856
7.55711961549,12.4451206584
8.06419018813,12.4138735174
8.26878848409,11.4920967556
7.336569678,10.2251445817
7.36438525369,10.3051787527
7.54737247002,13.2243416987
7.03483959153,8.84388006616
7.93819218071,10.4702069749
7.04918503583,11.2054489232
7.85394537303,12.5133239684
7.53915186389,11.3868699601
7.04651835858,13.1078334815
8.33505078428,9.77424417096
7.21216412458,10.39166343
8.13494370574,8.51682979947
7.78952692042,13.1636977361
7.8983859104,10.3880442112
7.79346675097,13.4199756094
8.38198366984,9.88359447421
8.12344530416,10.8453358098
7.3335812671,12.9118554394
7.05228546737,10.7218728492
7.14781500764,10.0002690666
7.11684241653,8.89775907238
7.25369730037,10.2817227157
7.6529174618,10.248965942
8.04051111357,8.88423969011
8.33540656299,10.3337964597
8.20846737353,11.6705676949
7.32669795279,9.76258133741
8.14595977479,12.5256517579
7.26768767147,12.9386108602
7.23426476968,12.8589614182
7.37676692775,12.7802673008
8.16166986082,8.70750057962
7.62508306742,9.36865152571
7.52981793266,12.9541751278
7.82785593308,10.0666745405
7.51909201191,10.0676752545
7.81005889969,12.7109228051
7.45638166547,9.75143702407
7.96437396388,9.69557271113
7.15127844632,13.0792613555
8.11641835438,11.6790177506
8.23006911927,9.58734889024
7.89868026222,10.6299905917
7.71462482812,11.1746849885
7.19682014765,13.4226414155
8.16252956598,10.6963008627
7.85671250064,9.84575982525
7.57190180292,8.51167157251
7.33897655503,10.6920590175
7.21962830211,10.4872283229
7.70566203691,10.7738175162
7.13523471021,11.7371071591
7.87800765747,13.3553172292
7.77308197372,11.8159928574
7.96875293651,9.22621862702
7.22700526839,9.01200031643
7.71114710395,9.59126839899
7.82333582577,11.1298412904
7.48037486784,11.1322925649
7.38884049277,11.0146569879
7.62119762441,13.162225416
7.92075171538,10.0268184431
8.33222755312,12.1020419314
7.16228434557,9.07919704258
7.95456723313,10.9000020661
7.60349074727,11.6317155833
7.65050415685,12.300232822
7.99970707486,11.1285968848
8.19240984381,12.300384764
7.39559198988,10.0266184327
8.1823671478,11.220277549
7.33640111994,10.7983641425
8.253718592,8.5272016236
7.15168929784,9.79933344863
8.17349772996,11.7963017928
7.10406863993,8.7791998643
7.33467971468,9.64866854844
8.18500740282,8.61472931043
7.57929023437,12.8607100991
7.24533245812,13.093939945
8.01616335017,12.14221386
7.92795530749,13.4631819314
7.55023532467,9.17530534759
7.04928548181,13.3309654547
8.04414860077,9.64954046222
8.19911722581,12.8244404616
7.0583152526,12.4219951585
7.41896812418,11.5938561967
8.1205092661,9.6958469701
7.80896292994,10.1499594344
8.21654170121,10.873613235
8.14363470587,9.60976617416
7.37801648158,13.1438331108
8.28545520902,12.8083595062
7.45689989029,13.2025473735
8.12690305789,12.7914988544
7.65708385011,11.0301542302
8.3827146907,10.0625802619
8.10597325122,13.1419498845
7.77126911507,8.73503674477
7.11469169164,13.2938901191
8.33786904087,11.6819031049
7.91022917381,11.2038833334
7.10961976443,11.5867127492
8.11559377698,10.7637035251
8.20223872227,8.87245467593
7.3705585553,12.5274973836
7.67082208904,12.8486140097
8.12198345506,11.5875509839
7.78550529406,11.3369749726
7.9718888829,12.6348034522
7.4931057074,13.3878699169
8.02036954506,11.3068477324
8.36102722641,11.8768332313
8.28578409966,9.87010724922
7.75218234073,12.8950203839
8.10230942409,11.2687576213
7.23936970086,10.6770889023
8.00461489166,8.71915339475
7.40636260719,8.69467621269
7.90098724164,9.27799860397
7.79656872202,9.11367749525
8.21449819896,11.8822261291
7.45838711056,9.16316005562
7.04858810178,13.4288094505
7.96443650794,9.91658896254
8.3737362968,11.9514635947
7.56241242582,10.5721212404
7.05341663705,9.62280024851
7.84319439975,8.63935537393
7.44426860168,13.1217802562
7.34248965405,11.8667023995
7.68768498038,13.2357298064
7.50853365228,9.47590492114
7.21184424052,11.2917394936
7.35807463993,11.1980001225
8.26817337433,11.2738448859
7.1286070068,13.3514165797
7.13670980157,10.4483025399
7.51003634288,11.6509222378
7.48878758314,10.9541644622
7.74958670557,10.1018121864
7.30726597926,10.3596901592
7.9672389477,9.79359724098
7.03217760021,11.3958270397
7.63162681223,12.6426080084
7.04663898923,11.8511382013
8.27966152811,13.0915294644
7.76311787862,13.2390502449
7.89247658694,9.47594367155
8.20349502425,12.2104770074
7.4013244034,9.77129037243
7.8004778429,11.2457554243
8.02791249573,11.9085876114
8.27468044341,9.34569199562
7.83119097641,9.96321401465
7.03280575782,12.7121844021
7.40908788462,11.7072382507
7.27019969481,9.23036970273
7.4150411423,10.2291365154
7.05227672682,12.5324181903
8.0762777655,11.0114232255
8.08495925716,9.046577478
8.30220833488,12.6270532803
8.28691191537,10.9481722274
7.54343941268,13.3189284676
7.69610008098,9.9266899614
7.75370993898,13.0100097295
8.15704730537,8.82998865361
7.29386266241,12.6135066409
7.95464827406,8.6230749976
7.77724943257,11.5960387213
8.07233115731,9.85082048362
7.14298129218,12.385806128
8.18337977383,12.1515538692
7.73447425749,8.82600480811
8.33401448146,11.7988030586
7.75129571624,9.34938619258
7.82121857319,11.0332581605
7.75351333088,12.5244574287
7.47914669056,8.54686252376
7.56892357124,12.2547591126
7.59429917094,10.7160074072
8.25713024913,13.1556247114
7.59190323057,12.5262528709
7.72435080861,11.6464867214
7.56380220362,11.5601910641
7.5660377431,8.96140776352
7.40607739459,10.6317480582
8.06086556644,12.8744099506
7.92698488063,12.2061744755
7.32705544416,12.4492183628
7.0354196863,10.8928315371
8.14149905795,10.3322669777
7.53569048561,12.1456232368
7.12945874127,12.9049907866
7.24187738674,10.7539643704
7.54003281015,9.3637535711
7.84306459599,13.2594065206
7.53419000873,9.77960789313
7.54891650029,13.0744135442
7.71821457757,13.3339726224
7.36692182442,9.84553341699
8.05650144563,11.6531549956
7.38244106213,8.85948536474
7.7202161908,12.6113921449
7.9322350503,10.5562724956
7.04624570604,9.41961884506
7.46270663137,10.1124023166
7.14370429308,10.5523815653
7.65445086304,9.1768883847
7.35765402445,8.8031354206
7.46342781678,13.0331760166
8.2014284945,11.1446821464
8.24075593924,12.3804963102
7.66715621308,12.5555415236
7.34441841213,11.6379740052
7.74460343166,9.19456402521
7.11140927836,13.1397565623
7.47276775669,10.5990099821
7.33250569683,11.9619255532
7.05203312802,12.3118511913
7.80320235332,9.27927303021
8.21944432879,12.6183205286
7.14086450763,12.9903231129
7.05394902771,10.4013104601
7.89225463886,12.4320123494
7.34048158405,12.9735224718
8.05532077355,9.74402646152
7.09042696048,11.6631094291
7.88422219646,8.96446674613
7.72587327962,13.1857023484
7.98187814615,10.6135264879
7.77219401504,10.4875905881
7.6285236366,9.7894733441
8.06473305426,9.5721929111
7.70847388766,9.11276390389
7.81303378906,10.9251250288
7.39303138535,13.1939771792
8.27163446588,8.61518148557
8.22358663991,11.0873192833
7.49448380434,11.7583986416
7.05096335489,12.956945464
8.26600816632,11.7489911087
8.13182114764,11.1043130973
7.14996630856,9.3929893558
7.45315162914,9.10037850919
7.12156758104,11.5027482202
7.43081442775,12.5941859933
7.54841294729,9.86761588661
7.88113660558,11.6006195442
7.93239309048,13.2444957681
8.35451689604,10.14488694
7.81439823471,11.6903510519
8.21244349085,12.7069138195
7.60633858453,11.1958277698
7.86239384786,10.3305666072
7.53943251468,11.2894160962
8.30924284442,8.7014865398
8.03686734325,10.3197484335
7.60261927075,11.7368660214
8.23756915076,10.689367776
7.85480522806,8.73542245029
7.66500347451,12.4575338231
7.10708930226,12.6986089047
7.18259893092,13.1740880906
7.71163617821,10.9732482301
7.85403716556,12.6307550502
7.26382073323,9.63390028685
7.25171221609,10.1722220648
7.03961632065,10.1790654833
7.46578787209,9.26207554337
7.61319822519,9.53482108323
8.32605847462,9.44076061067
8.13816263469,13.061365399
8.24142757898,13.2199034411
7.14095561578,11.3052100435
7.46407530089,8.88233059257
7.03729006716,11.6166851744
8.23592725611,9.43947515856
7.77499515912,12.6517603382
8.37539611224,12.041413141
7.63730693637,10.1880836622
7.40500621896,13.2527266348
8.13591087165,8.89777405171
8.07770183399,10.2656129595
7.21824876605,9.73821670527
7.12307461572,12.0051116503
7.20661387771,13.2909313549
7.55751117116,8.60256052728
8.02141988208,9.09229810341
8.20110860161,11.4437926928
7.515333854,9.08826914079
7.40734199774,13.4176377134
7.55020760232,10.1546352112
7.54825471394,8.78233317636
7.9926415206,9.537244517
7.30509484449,8.71709423102
7.30070133218,13.1945182839
8.13243846012,9.77068198175
7.15353987154,9.2820838587
7.07302917681,9.2006784346
8.04844195069,11.0854845006
7.14955686788,12.1965611656
7.93962455099,12.0992983438
7.84134535256,12.8359581987
7.9392808442,11.8737883467
7.79745660217,12.4256892741
7.37805373382,11.7886759427
8.01246794021,8.52590691389
7.77529389564,10.5875250206
8.01388225773,11.2078760145
7.15438229063,8.98365738978
7.90089938122,12.3265539432
7.68427227338,11.9531792463
7.84775683151,10.4389327665
8.27580492734,9.00300057622
7.06498444824,13.2177875359
8.21506168785,9.65326226488
8.00778354205,12.0280167072
7.92549492746,12.9604693147
7.62981220186,11.3103444009
7.56417692669,9.93858959091
7.71727588272,9.00376376756
7.19547796369,8.73158838556
7.63963506937,10.8407879514
8.27958417421,11.1694343396
7.72178260613,8.62674815089
7.25889338223,9.54274032029
8.02072935927,12.774431543
7.8144099304,9.02234345693
7.19036724915,11.7954450702
7.7797337471,9.77521841587
8.08479667018,8.78011745905
7.34453842959,11.4076479632
7.39795401066,8.5041984849
8.27825405055,11.3706499316
7.64590271694,13.0556503059
7.35134906448,9.29138565722
7.064373703,9.83191182218
7.44641559421,10.6768198635
7.05335138865,10.6162566882
7.38818055535,8.57088930906
7.75096909163,10.0216820129
7.04818494322,12.8558026622
7.4384133255,10.2970174658
7.19318922497,12.9401393433
7.49500147857,12.5278368465
8.00326446736,10.7431763869
7.7390070483,11.4845645905
7.28002160471,9.1226436747
8.3312579861,9.17263367571
7.43368958864,11.4147078487
7.06781026489,9.51693035937
8.0864367027,12.3344506621
8.17459916536,9.30727683703
8.1321272409,10.9200304387
7.95132161047,10.8063880221
8.34587169431,9.58342657419
7.85783631273,10.5384909153
8.16950457241,10.2170303084
7.51949073023,13.1563978611
7.70202536851,9.37966649734
7.11577066546,9.75351164173
7.98020499888,13.0233258161
7.58470940055,8.66690930747
7.26434881963,11.2131484673
7.21926070061,8.93186105675
7.52633720838,12.7821792867
7.17553153776,10.2115630568
7.7399254634,9.86036483362
7.96343005702,13.1076148904
8.20613843201,11.9754352526
7.71747121382,11.7251750956
7.99790341317,10.5448949969
8.19759227809,10.6047403634
7.30823840818,10.9972682221
7.04813438924,12.6327251641
7.27473941531,12.783081394
8.14288094852,11.9000347347
8.3362485513,10.896094571
7.98982720397,8.9858297889
7.56314230297,8.86504455977
7.50066748542,10.5283209985
7.18724274214,11.98397823
8.07990668822,9.48769030065
7.20531319093,10.9514556936
8.28236080422,11.573653
7.74633369386,9.95042640193
8.24802523824,13.2995096518
7.64086443566,9.72063600318
7.35686845344,9.48720697975
7.06869532723,8.99222407881
7.40381182484,12.9860528853
7.05503536435,9.31873648302
7.33977018122,11.3015307203
7.60910220085,12.3863279323
7.98165147442,10.1995407676
7.04473338212,11.0972717293
7.88668826519,13.1694315879
7.9624849676,11.6939754257
7.96173914076,9.32484621213
7.48617898991,10.0062980671
7.24115645181,11.8608869271
7.21870184838,10.8493255825
8.24126737628,9.11238857839
7.90656203585,12.7464886864
7.31585219429,12.708672909
7.11423810005,10.1650120135
8.26038598987,11.8359597954
7.39672097571,10.3886654048
7.78758589691,10.3724204958
7.96135713792,11.2609670974
7.36846608247,9.92509632337
8.23043463586,13.4402848029
7.05267799723,9.94837800484
8.09511498635,11.8473424923
7.73041765159,11.0753401225
7.97995119752,11.0539922852
7.28645422063,9.97023769555
7.67496204351,8.51999186557
7.85704466758,11.8763072866
7.49580155438,12.6266554276
7.3901061856,12.6956581611
8.01211033043,11.4768691442
7.33401283534,13.3214027891
7.31621504893,10.9035563588
7.25378673985,9.4388436585
7.30379447132,13.4229678889
7.50409259842,8.69084966502
7.3814898457,12.6382787747
8.35246033174,9.6740823669
8.22223697109,9.80077989435
7.03919062487,10.2578494986
7.4910825015,10.366304115
7.24889412506,9.32977949592
7.45957151279,12.8564997478
7.16212892706,9.86685278227
7.28005995389,12.2576269144
8.21224290267,13.1013093245
8.26245556194,9.71148018894
7.80448117824,10.6990407766
7.38372709228,11.4971519128
7.05639693654,8.67255599882
8.06526929021,12.4765106206
8.1630127418,12.8628868446
7.20198575189,9.93138773485
7.45396725957,11.3259564212
7.90863973916,12.0336752552
7.17565425384,12.0896945511
7.50367200154,11.2167608679
8.28563268269,9.99120412858
7.5274401302,12.3378432204
8.02384133411,10.2541144861
7.04205457562,10.8156478609
7.15735191882,9.58305241009
8.28604235825,12.9042830309
7.0506275208,9.08785731438
7.30980029386,12.8523068883
7.54662573996,10.0106533661
8.90364416675,8.51380155402
8.95097614931,11.4737550674
8.98448492875,12.8559963313
9.59259778675,9.14425051256
8.89111964634,10.8480953445
9.0871637085,11.3010850472
8.72398491309,12.9272684026
8.89854160917,9.68163486138
8.69936015624,9.78432417671
9.02638099039,11.4403495286
8.55291693441,9.13881281671
9.45914334206,11.1436654044
9.00121054891,9.50267873305
9.51058580437,9.49830175366
9.31498305659,13.3029219109
9.19475573455,10.2422940464
9.50018901478,11.9197849732
9.12539549159,11.2239227866
8.78163403007,12.8656721112
8.79151512005,10.0715624795
9.39976930764,9.07427782839
9.15221014256,12.5804363206
8.41849898914,12.4384918059
9.07627749847,12.4204772388
9.40947977828,8.79853692784
8.79254008697,10.4017202588
8.40897565713,12.6594487896
8.91694625901,12.1381000874
9.36382963324,11.6383951518
9.45460119317,11.5981048444
9.43697528789,12.3799576448
9.36168578895,12.4377912858
9.66518830124,11.7945546083
8.84502524095,13.0461673405
9.53609911813,12.2105976274
9.14285849139,10.9677646632
8.51856597638,10.4440382229
9.43364858038,9.24882798651
8.90077387112,10.7600309407
9.23549665393,11.3676803396
8.47856697535,12.7507347363
8.5488521849,11.8071767911
8.9751472887,11.5471861225
8.79003694939,12.7636729854
9.13646973976,8.49478050689
8.75896229119,11.4906841456
9.15795454417,8.86575918193
9.20371717958,10.772766232
8.36267037923,12.7415884264
8.45086929775,12.0412443949
8.99620694162,13.2982953899
9.36897177514,11.967617966
9.49694761852,9.32436920603
9.01980562521,9.71318676665
8.80531022815,9.75087223173
8.38645378347,10.6467639634
9.4697400135,8.75560795233
8.99655989211,11.6810943646
9.15552340898,11.3168125692
9.10649084985,12.8237139591
9.00675185528,10.0277563871
8.68853710518,12.8360323643
9.61530809801,8.64826856221
8.29671446889,12.1910665292
8.46802724762,11.1615493504
9.15862860856,11.6760608676
9.44050075474,11.5227631195
9.39208900629,8.90700910752
8.45394712291,8.62583124187
8.47249416092,10.0381604642
9.0019515842,11.2585409706
9.26455551097,8.93661446081
8.91520431965,9.2939607638
9.4229859858,12.2681941379
9.29177486243,9.04319777108
9.58514954165,11.7509886273
9.04625573621,10.678583491
8.52887112001,9.35410102576
8.87471909201,11.7966498996
8.99828156222,11.9506209269
9.11871541639,13.0201057035
8.4664960065,9.32483772695
8.46049075774,10.1401692024
9.61420244919,13.3065395604
8.56083903748,11.197956859
9.09914889745,10.8825890411
8.56618776122,11.5378416887
8.66033853378,9.42895835702
8.98074763025,10.7330903787
8.67392721939,10.4279633119
8.71106202548,11.1953317041
9.34429862202,12.6685632385
9.19491890877,10.3507421039
8.60537352977,12.8660207931
9.39089238924,11.7569807923
9.13857876072,12.3466975816
8.60802637783,10.4725914847
9.4534161775,9.16135379215
9.1205010094,8.58439891953
9.16658500317,10.1321293643
8.80543900462,9.85633297605
8.7354408117,12.2081765194
9.06760129195,8.50281431679
9.07050419241,8.7856491717
9.07748389533,11.6326434624
9.21735057846,9.93655934946
8.69446929717,11.7281140384
8.79702276731,11.7533274681
8.3832802914,9.9850712775
9.36366359197,9.17941096384
8.94162376557,11.371958486
9.46293815712,9.78398677666
8.63389312744,12.3084571111
9.50573829704,8.83826400407
8.99011753493,12.0913532036
9.39988708021,9.96677789539
8.69294867697,10.1483151505
8.65116384936,11.2444578207
8.23436814098,12.5325594589
8.84903941531,12.4530694198
9.29551975608,12.0558854108
8.64243512435,12.0779170521
9.33250596728,13.2067141261
8.62505433045,12.9581203836
9.50161094717,9.93552460965
8.58187700944,10.9155985715
8.72423399293,12.0334336181
8.8746251539,10.2553499736
9.28958347332,9.12303568197
8.88180185379,9.86669569712
9.0509318673,12.0244760167
8.36777149102,12.3389184416
9.30044331107,10.2793588248
9.32013678972,8.59460323878
8.32227891592,13.2082065803
9.53581069242,11.4779492775
9.40227062897,12.7647575632
9.14525145212,9.58894225674
8.91493855719,9.03724673439
8.45940596445,12.3452703166
8.62283598017,13.0544342141
8.60080097019,11.4083829132
9.56587727572,11.1146444721
9.65580068961,12.0810798031
8.93714254779,10.1608991671
9.3018240841,8.81245251161
9.56034971033,9.3985263248
9.48925214848,10.0319934989
9.56429889676,11.6080381499
8.8712975474,12.8493383008
8.97201403493,10.9111743185
8.42485417029,10.3989827823
8.79733350181,9.50591537496
8.50448156767,8.94746910894
8.58360865242,12.7658583759
9.04431841324,12.1404937396
9.33460354545,13.3797020892
8.89555355817,13.2462265335
8.41754478943,10.4961104392
9.62951941761,12.3432734363
9.54031345377,8.98990324021
9.52308196137,12.3177348075
9.01628538303,11.885619938
9.24795909547,12.7212024548
8.90680884259,9.48691528602
9.18897498668,9.04345965165
9.59065820125,12.6209861803
9.5415537194,13.2455069761
9.2874217336,12.426467563
9.45366019947,8.99100687791
8.80270452679,12.9642453059
9.41611770786,12.9742066502
8.88165594641,12.7693949499
8.80054902217,9.62515008491
9.43175840669,10.255046938
9.53504209722,12.423392489
8.46415499873,13.0971404145
8.92639630794,12.0172568075
8.58649982591,9.97153989865
9.48883964762,10.6527980534
9.29666332876,12.8205031935
9.14132115103,11.9551357194
9.52655050688,10.4170360105
8.53432085759,11.2746964042
9.35119767578,12.909125523
9.09226439576,9.03477810532
9.54904887328,9.62027389893
8.72936486378,8.9016909389
9.50361157307,10.2686652034
9.01761939156,10.5294288934
8.93170844,9.84553079094
9.06413174473,11.9227092831
9.49562870187,12.6838303744
8.46715052887,11.4887718015
9.42708013422,8.60446463751
9.17642705221,10.5769543451
8.41603187978,8.7009654531
8.75705786376,13.4278652649
8.59914827182,10.371989349
8.39179729962,8.97339631081
8.31113400538,11.0507513764
9.22990102797,9.56008163096
8.76115383442,12.4159946393
8.62826265121,9.51661202887
8.82043525002,10.9060787995
9.58415756251,10.9228457346
9.72386356662,10.4376355235
9.09631213088,12.7263834466
8.56066513889,10.2980086262
9.04297450844,12.3695044788
8.67887260748,9.16366141637
9.32692803231,11.3280861516
8.89698030074,11.7029824896
9.08408481007,8.95269793869
8.70124067628,11.4026941152
9.33788562419,11.4208041664
8.73453536239,10.6567671798
8.94965716406,10.3351492561
8.53264016199,11.1003042573
8.53540594349,12.0875123653
8.40360685449,13.2319471787
8.79763730603,12.525985266
8.40370310876,9.43464950063
9.32031064883,9.94070904646
8.47203818095,9.40414211923
9.60040266587,12.4871373291
9.64863290705,13.0516320568
9.62501158334,10.3943977054
9.37832660677,8.49575062264
9.22802748032,12.1151384745
9.66308663364,8.88393699417
8.71063177594,13.3044386244
8.67138404928,13.0906591115
8.6759797113,13.0346585007
8.35227100107,13.3081683467
8.81657666053,8.85837849448
9.15863783353,12.0354065833
8.52755014018,9.96928987899
8.59025122371,13.2487789937
8.83123001326,9.23258130117
8.98792688999,13.1531077491
9.5059369596,12.9711447397
9.54292105503,12.0851570242
8.56651318741,10.621987014
9.54490620223,8.50260982382
8.79728642381,11.0734519074
9.38054384891,8.69921443286
9.24538628528,11.168550056
8.53134711605,12.9706613652
9.22148005839,8.52383336789
9.3741085697,10.6214924386
8.93365573075,11.0290454574
9.45970415713,13.064069324
8.84843273072,13.4363286206
9.20766207247,11.8731636729
8.42376255325,10.7808379374
8.4151949475,8.87905343358
8.28717013095,13.3834443974
9.71053462488,10.9633418347
8.54781286759,13.4130766085
8.50719943718,8.68366244256
8.70658891633,9.07168803299
9.53355666412,10.7523760897
8.7550049648,8.7103739155
9.41055086759,9.45705332637
9.33684725607,10.8890017562
8.84718810175,11.3119984146
8.46415006857,10.5947398487
9.29528484622,11.9308866715
9.60555378141,12.976337694
9.13121450703,12.4816172971
8.54480157073,9.59088280352
8.81308527246,11.6732003373
9.22882790011,11.1092288465
8.62239774217,13.3467162081
8.55413758369,8.73707965494
9.03336464028,12.7751009204
8.65056828341,10.6541715975
8.72891315008,12.3030383317
8.50774511043,13.1921053387
9.18056480735,10.835737507
9.51071922964,11.5436676857
8.81763714906,12.0803698607
8.67604013608,10.4907754721
9.08535208272,12.6374727626
9.06498093054,11.5291628853
9.2291805966,12.0097191044
8.49134163723,13.0089136021
8.27645496331,10.7288417836
9.47039026424,10.8133935574
8.8834358562,12.7137233011
9.18250446401,12.8923630882
9.29986862855,11.7297878793
8.66189581632,11.6285501157
8.9525335213,9.93028583497
8.75400527093,13.0820067023
9.21606965608,12.4354283791
8.412707536,11.3454530446
9.05376212914,10.9776195329
9.40051706585,9.33850735112
8.67816487605,8.8457722788
9.16146844629,11.6012079504
8.86028113415,10.0144298308
8.52799472869,11.7008518758
8.77799161433,10.7130352323
9.27127240988,10.6202987247
9.59742025988,9.30651472257
8.85192892422,10.5574338407
9.20474757318,12.52685227
9.22283634219,10.0412805502
9.35621520672,12.1923961775
9.29321506478,11.5761636542
8.72995802826,11.9306456158
8.99481352853,8.84717165338
9.48479730433,10.3334574283
8.29158857968,12.3299872796
9.33828017651,13.0127337787
8.44816511862,11.8726975606
9.61452379751,12.1461566458
9.34535546882,8.99584449347
8.81557417934,10.6400507024
9.30901580797,9.38279556139
9.52475385351,10.8395563319
9.45752395736,8.51374444208
9.34727722319,11.2245216602
9.66569828218,8.72095566802
8.65189568661,10.0344811755
8.71468438717,11.1105690719
8.89320143399,8.95762823013
9.64531640335,12.23095083
8.80778148671,11.8552896418
9.50195885803,12.7866941871
8.45287362218,8.52502158813
8.91483126339,12.9575919543
9.57599151558,12.7805884584
9.57381104708,8.72275916002
9.66193044756,11.1355098535
9.45620330912,12.0107765637
8.96794666622,9.40673683543
9.45368156094,9.95440272362
8.60509856927,11.1295836816
8.63389030641,9.88644932953
8.48215269919,8.79067617098
9.62407038611,10.4890486978
9.38498817254,9.4105871193
8.87369611428,9.80709633913
8.84512295967,13.1498010094
8.39757410734,11.5740607339
9.39837862981,10.0239066012
8.36024284562,8.6062774015
8.83124058103,11.9378439142
9.57126882922,12.8724952486
9.54155794599,9.85439266304
8.91490363116,10.6461164865
9.65001133155,11.721735444
9.13475618435,11.4195759933
8.44118968415,9.63270059478
9.14908435082,9.34828098182
8.35417667674,8.50413859912
8.91706330868,11.8877452648
8.5972891296,9.02707625202
8.81336438122,10.4720840538
8.5385926823,12.2630485001
8.72755777324,9.86331914073
8.3496192406,9.0705742349
8.45519139756,11.9674967026
8.62811226354,8.92113825548
8.72211123167,12.1232281205
9.41633963304,9.87476014509
8.97008554172,9.1179507542
9.37199712196,12.0569745152
9.18082293595,8.73706612666
8.78636247374,13.235153109
9.22847456173,13.2272562574
9.04738848047,13.2004975314
8.80324428742,8.97602205446
9.45705703922,9.40713244722
8.44282155119,9.04598964498
9.23744923104,11.2587803552
8.73033114427,8.49762333979
9.49354940831,12.5893798099
8.70560353447,8.6600990604
9.42340383163,11.3750614401
9.0840280499,10.5914296674
9.19841240163,12.80044458
8.64882851475,10.938893222
9.57150274602,10.6711026868
8.99647871135,12.5953024782
8.3970846655,10.9621629335
9.00988256095,10.6096688059
8.7104401034,9.58043556497
8.55276119509,13.3323295062
9.09901173224,10.1972261842
9.38448198238,10.9660341367
8.5227558934,12.6393689793
8.55052416559,12.3722425178
9.61810272855,8.8039854515
9.40025377463,10.832543493
8.95192300124,11.14546522
8.43729826909,13.3928971843
9.01467724343,9.03884860434
8.83274904336,12.2112514131
9.17457789534,12.9822988228
9.13422815353,10.426062362
8.40174852948,10.8641519904
9.08185466485,10.5314266501
8.72273417086,11.7825548563
8.7443582597,12.6250553164
8.6290275128,10.5604537387
8.65241705819,11.8018713189
9.09626003207,10.0910445403
9.40605815577,13.3591969899
8.48076110602,13.2813049112
9.5880941113,10.0993891198
8.67762397621,9.67701843503
9.48982965362,13.4360892936
8.74634510238,11.6790588129
8.93966056211,13.0795511294
8.74091145163,9.37075082627
9.59026310969,10.8265494781
8.92169520328,13.3933382418
8.63646507312,12.1850854349
9.27964145673,12.5004254807
9.65296212725,11.9932148148
9.50527997183,11.0210661261
9.20823339093,10.4666339458
8.39804615006,12.8264217544
8.99072023459,9.20998901952
8.55299972106,13.0373792429
9.12792699337,10.2842982243
8.57627250208,8.65097365422
8.39493743716,13.0174752251
9.10822135702,10.6525165799
8.89241385992,9.18052395127
8.73913661566,10.9926221925
8.90597770973,10.0793351387
8.95545209523,8.67751902325
9.1896940478,9.15007890312
9.00046915668,11.6099820839
8.85593909477,9.39818237478
9.2631348249,10.1546814244
9.22321632996,10.9180712235
8.91345005054,9.99894859633
9.2499227476,11.4774162903
9.26058897217,13.4120882445
9.26861070808,10.8231925367
8.33934420508,12.8800400289
9.41448374849,10.0762557167
8.26996421756,12.2735790578
8.64481640061,12.4026672228
8.61392945727,8.60365917357
8.53534052889,9.89946254614
8.98149472654,9.60115030777
9.13498186616,13.1730529767
9.67257598558,11.5633594417
9.03844689528,11.0711378924
9.55772925124,11.2195388252
9.44264011613,9.68387562721
8.35395234309,11.4574180836
8.44295909146,11.0640330462
9.03924691021,9.93760327901
8.47913326157,12.8410265787
8.62827404645,9.19918462241
9.59318414346,12.7103106641
8.8056985771,10.3286544744
9.01393046343,10.13469401
9.56558169207,10.2121394478
9.11494670415,8.6913734061
8.47655087855,9.85412709584
9.5568392366,11.9872024246
8.86099163826,11.0774826834
9.09118696491,12.2354572868
8.61755576547,11.9030970349
8.74167535969,10.5564087038
8.44885139047,12.5449991502
8.3243357726,9.27298533594
8.74451572017,9.9537925626
9.12422990097,12.1013706504
9.41489583364,10.7399427824
8.54308687727,9.50453299337
9.57633864547,10.3205033847
8.93446656482,12.7840702864
9.15638783331,13.4237653644
8.51395843234,10.233195172
9.33011645375,12.0059982389
8.44039660863,11.652940243
8.55414374927,11.4767288391
9.28888265207,10.5294861041
8.4237457147,10.2921977623
8.86191574624,10.160918525
9.18728868337,11.1672675194
9.31298335157,12.2596376757
8.74597157482,9.15750157512
8.59551917714,12.6911545066
8.99073979546,8.5023199282
9.11111342403,11.0226747667
9.19660825575,11.0322072051
8.44894779746,12.9297392343
8.71007286699,10.3480890933
9.02740455607,8.69434337429
8.78766873367,10.168125792
8.98459427036,8.59394578831
8.61596513338,11.7236858292
8.32506008835,12.2763109712
9.35675507954,12.3493187442
8.69332137386,13.1821109286
9.58680115091,8.56939343159
8.83269271485,12.6693827734
8.70518065281,8.97908973484
9.21220459488,9.84566970786
8.5545188692,12.4819596146
8.56356755829,10.0294972886
8.97691279259,13.2095845281
8.41810442763,12.124137945
8.39102923875,13.1640054836
9.35082705935,12.5670054204
8.58215468279,9.7407666256
9.62070778989,13.4369057552
9.33067957745,9.72228873835
9.06697124933,10.4600771414
8.53621384542,12.904013771
9.07954192679,9.43259334388
9.02037577202,12.4840858294
8.76833790041,8.78572047624
9.315517801,11.118442689
9.08489560661,13.3622810236
8.55038826649,12.1730825065
9.40856324975,10.531995901
9.15730196288,11.5233196089
8.34418801828,12.9511584662
9.29318431888,12.9555323491
8.62931004058,9.33628400605
9.09750180873,10.7551776021
8.35768860136,13.0984062341
9.36366686491,10.121897906
9.49868980474,13.3183076263
8.9896875081,12.2121813892
8.65019498732,8.65082944079
9.53483350479,11.3882791001
8.57366746186,8.52405936443
9.26089886241,12.3467746291
8.53880831198,8.86166304407
9.59568262052,8.89197123401
9.25009407419,12.6099823949
9.20261804292,11.7628956528
8.56391796381,10.7286746455
8.68937567276,10.7611142214
9.4974512523,11.6915379153
9.39690023542,10.3423848865
8.67703622962,12.7200895373
8.42241771901,10.2118306043
8.82710201231,13.3286597904
9.46931451891,11.4556074476
9.13764944531,9.51629411237
9.07821238444,12.9383764345
9.68585072255,10.8532967217
8.46434130534,11.253203412
9.1851401678,10.6887855933
8.70985270913,11.3040000306
8.74251013593,10.4383939675
9.51425667612,8.58317386343
8.6335163189,12.6218986593
8.5940402188,12.0197793557
8.64993371511,11.1663426424
8.95815390038,12.3211397594
9.28725188227,8.71376300639
9.61190106759,11.6720218165
9.17946551508,13.0806546718
8.61430218835,8.71085769467
8.46842132581,9.93520215619
9.39017110306,13.1426846428
9.16622260309,12.6627821106
9.25194057117,13.0138663191
9.6543069164,12.8077536369
8.85021222002,11.6227023434
8.33817567634,10.5685512709
9.39545346647,11.0504669031
8.31669114425,13.0295625693
8.53004659428,11.8955772007
8.69697285215,8.57959264938
9.63082624943,9.21762080685
8.6766364944,13.3854836497
8.91003734649,12.5219420153
9.06658341429,9.55805307938
9.23425416055,9.67049358665
8.88403281074,10.4919078751
9.04898600275,12.3065961269
8.48921137766,12.1766539856
8.81390388123,10.7971022996
8.63192651847,9.60438902861
8.90056437527,8.89317469071
8.5196339571,8.60336331927
9.12061726794,9.98680649338
9.56759565366,13.0810854471
9.07727697293,9.63215538316
8.88864171027,12.3990518877
8.25341237667,10.5117967914
9.16870211536,12.7304202657
8.91534471195,8.8242582427
9.14031280404,9.23817211108
8.54586327474,12.8407152181
9.02298223887,9.84061199709
8.6416274724,9.12253909913
9.20971683965,9.44154997115
9.54711932581,12.5379140577
9.30571588736,10.4094330964
9.66313833575,10.1696761088
9.54179439425,8.91599223347
9.52815245052,11.3028531911
8.85570894673,8.74714018463
8.77739245317,8.62432250119
9.37536201878,13.0744288658
8.3608451342,12.5612590245
8.66330631982,8.49767305827
9.51640839574,9.08961969298
8.82933915421,11.4133902216
8.62286980756,9.25588102738
8.76910121307,11.5918606353
8.65389766972,11.9895594169
9.45858809009,9.59503708057
8.43777181923,11.7563341432
8.97084673642,12.7050677316
8.68213576855,8.70883018334
9.61719719111,9.53195843687
9.40195749654,11.8868312107
9.45309578774,12.8761989883
9.32421477026,9.49278644093
8.64032776149,11.3318700887
9.48659790074,8.92969723611
9.26222419817,12.9037501355
8.30601092177,10.66864081
8.57749770945,12.5693279164
8.51580997956,9.0467342742
8.68600038323,11.8596352626
9.65039038166,10.612174046
8.99505182831,12.4047359319
8.7555045833,9.68788267851
9.10220344702,11.8488861438
8.31936740917,12.4166687894
9.42742061772,12.6100069753
9.17511285493,8.95284893924
8.94498881871,12.4362610269
8.36535104962,11.2405983312
9.41199125413,9.53915104712
9.3929657136,9.7851594695
9.14355553149,9.66690585565
8.99049805628,10.2333156515
9.33739389674,9.60644549086
9.13319385476,11.1118537324
9.46353647663,10.1522667492
9.3019825305,11.007210918
8.51205643553,10.8489943428
8.53911638504,11.9689713479
8.49898312934,10.3335632451
8.98641507351,11.7839753056
8.32530503318,10.4481285521
8.77381019879,11.2456806775
8.87585144997,8.62631044964
8.71041486502,9.250703199
9.25038885417,11.6566337735
8.31953277009,10.804084181
9.09148611697,11.7375534501
9.04481012115,11.3579626739
8.96477456154,10.4508866016
9.21068193748,8.7901456845
8.5136522358,10.9746938712
8.92685216965,11.6089643275
9.04077558998,9.31221244696
8.69538908348,8.77715490144
9.58307141886,11.5287823446
9.34277170011,10.8025351152
8.86521614448,11.5273471669
8.73291356461,11.8361965879
9.36568277582,13.452561281
9.00258480201,13.008022574
9.50124934408,11.8151969569
9.13349084418,9.7682174682
8.94085274301,9.77943990413
9.31203345207,8.49888053031
8.601687114,8.80647500149
8.45699864918,9.75191440467
9.29100980393,10.7212895599
8.54733971459,10.5301060975
9.63217832754,10.2611610073
8.86866539234,10.3977714718
9.02044934902,13.4312021114
8.83378623441,12.6003527963
8.95078215808,10.8142727145
8.64855513847,11.5061102208
9.58968588919,13.1825628876
9.49748854663,8.67601371401
8.54777903927,9.8309612094
9.32577477019,10.0420290406
9.43674943752,12.1350819977
9.307620858,9.8331677447
8.93176242119,13.1766081348
8.46056838623,10.701617373
8.35165106263,12.4953618929
8.56321436215,11.3333989493
8.53580499054,9.26477064561
9.11611305423,13.2704117074
8.44950721516,9.51357414322
8.30514105131,8.89805729551
8.80506693263,8.53950972592
9.06010436754,13.0920585135
9.0527832492,8.63467856488
8.582243464,13.1326846774
8.3834814481,9.36072052957
8.81972625724,9.09618289852
8.49827498142,11.3192596656
8.68054508691,12.5159276655
9.44655482163,12.5081811984
9.61479884879,10.7694028002
9.06092515047,8.86833798003
9.07848365697,9.12973578899
9.07706445428,12.5571298258
9.13137978454,10.4922774101
9.06540497861,10.3564568052
8.6390447345,10.2598981949
8.61924213572,11.0387013074
8.83201296281,11.1564925776
8.41092056518,9.25043768544
8.89587827622,11.233466791
9.29313500889,13.1088435376
8.57737604831,11.6483616945
9.66646911959,9.3623575707
8.43542589734,9.13693104105
8.56658310198,10.1253673463
8.88817505183,10.9543225922
8.88465803885,9.57542087273
9.20835384901,12.2403171566
9.35501930115,11.5185022557
9.50728729823,10.5362299971
8.72519519561,12.9994751646
9.26101558516,9.22335036874
9.53244638001,9.21761913361
9.04983505631,11.1655214395
9.32760599726,12.1219109368
9.57564514384,13.3925077465
8.51038883855,11.5992517652
9.62553061039,11.2863398434
9.12798799784,9.87862657743
8.93909332556,10.5526139233
9.42512414552,10.4365164772
9.54249165406,9.73674037835
9.36893101922,10.201258086
8.44488084098,13.1862574751
9.23599638005,9.32217049422
8.83723461515,12.3237611225
9.28702009254,12.1851065549
8.85525961457,9.94040410155
8.61913233291,10.8404867246
9.19587724193,13.3320069599
8.80678077719,9.18221591011
8.41151145627,12.241728915
9.23871842108,9.76468632978
8.96910179111,8.76014025277
8.50735971459,11.3973637728
8.7694547006,11.3437690255
9.48414278114,13.176482681
9.36201248347,10.4866550758
9.01952248766,10.8175996896
8.75186755536,10.2468085188
8.71763262832,10.8754571131
8.37813285948,11.1402951064
9.45946561977,10.9032065364
9.21541974426,8.65348125797
9.45041264449,11.2655636161
8.84124902038,11.0020895201
8.36126062278,8.79007579132
9.59262661901,9.46339182802
8.80128561014,9.2887604679
8.97726411004,8.94348578257
8.37339414191,10.7128705318
8.90371719901,12.6260725646
8.8540353505,10.7133626601
9.29699791489,11.8234682256
9.6910724864,10.7308405584
9.41256956879,13.2594981503
8.57017095003,9.4261805496
9.22543554569,11.5705802858
9.34943809451,9.26972260272
10.0586334104,9.99415867036
9.9899883828,9.49162571985
9.76760083152,13.192281342
10.0402251994,13.0896701049
9.77984655592,11.5128585064
10.675698337,9.82780548946
10.7142079287,12.5702807768
10.2576223096,9.91653393624
10.5719021289,8.99549775913
9.81861801244,13.2621034427
10.1858167005,9.59593478465
10.3049288388,9.02733359727
10.4240372128,10.1435082469
9.85269521388,12.0254768585
9.87711201021,11.5937492782
10.7804429451,10.927228826
10.1703856721,12.7979110862
9.64356129317,10.0112219812
9.81285379329,10.3397912295
10.2323682299,10.0402335296
9.80821438366,12.1705782946
10.5849584421,12.1766674158
10.7101343176,10.8154778838
10.4817613437,9.01897816545
10.6922107838,9.17299843221
10.0365469967,8.76088132958
9.77008106577,11.1499943859
10.8171373902,10.7259266088
10.6983631461,10.5943181329
10.1002001122,8.62174181796
10.8556251571,12.3971414537
10.489012138,8.675146172
10.6761253401,12.1663399408
9.95475745332,9.30901046766
9.63623234222,9.42525549781
10.975131027,8.66015324482
10.0017576289,9.60140735929
10.214302392,11.5252319707
11.0012829137,11.3913649417
10.0044644308,11.9946790095
10.7438455961,8.7919665539
9.64568587866,9.78446406596
10.1954455612,12.409019161
9.85249870639,8.8001651266
10.5961844403,11.5818083013
10.2814123906,12.5877437897
10.0778947932,9.43199724825
9.56844988136,9.96147751787
10.1516715435,12.6112328107
10.9179949361,13.1998242724
10.9369524833,12.2407916277
10.3666285357,9.94675677445
10.2122144513,11.0549343999
10.7049240815,11.8272126284
9.87389243118,11.3724249837
9.87821914388,8.90310441927
10.7906253654,12.7099687176
9.62880037184,12.4351257016
9.86736349749,9.50933913351
10.5452501715,9.06592964119
10.3751532246,12.0091716908
9.92664127625,10.4559007048
10.211157192,12.5687267235
10.6825006595,10.0417407832
10.6578844762,11.7442687972
10.6274825486,10.2405540046
10.3454180042,12.2039436444
10.0382033413,9.23076660236
9.99513434725,12.4072967394
10.490435078,12.5674205296
10.6909167847,13.0674200114
9.84677146382,9.14551184879
10.8993405615,11.082825988
10.8380325304,8.49731396859
10.4060787121,12.6506170839
10.2523416023,10.1444371309
10.1940698863,8.64095444725
9.90276807813,11.9513844514
10.9442947019,9.15607001849
10.1846438853,9.70830329922
9.9742086726,10.8298603737
10.0243267948,12.7378262003
10.6645409615,8.82917644531
10.4411523338,9.53921292384
10.4639159644,10.8122428242
10.6848716191,12.0951718948
10.1181315452,11.078182177
10.5519218978,9.99328152404
9.82655188112,9.88210536638
9.78938883172,10.1257711837
10.1421396869,9.11458463456
10.1771047248,11.6681859869
9.87101352289,11.2225321085
10.8892685621,9.84475915268
10.0299667895,11.0433813635
9.76716190084,11.6923611392
9.73096729427,13.3040817122
10.0426964058,11.486416826
9.94672821161,8.51818462568
10.6195882212,10.5521671685
10.1310718314,10.908769533
9.72121404648,12.9870231869
10.8000908881,8.91096652174
10.8767292224,12.266564351
10.5784773078,11.2676360367
10.0245722067,9.8016702194
9.83733873808,9.25543902096
10.5542353104,13.388421738
10.8856536117,9.24308920049
9.79026360524,9.078595511
10.3832012256,10.3526869295
9.99533720442,10.7370290828
10.8824686606,10.3790389041
10.4598798642,11.960789177
10.5726307801,9.84075587383
10.3233715547,11.5613200821
10.960375471,9.85663674701
10.5858245177,11.679063538
10.7415710592,11.1467501417
10.4928141937,11.431574584
10.5520882547,12.283349753
9.72311645154,8.998214871
9.88151844272,13.4218002312
10.8512736066,9.11398932748
10.3031193464,9.74848076797
10.1342212713,8.72242280558
10.501054464,9.87247967342
10.4284185093,10.0398307532
10.8052382093,11.8276340256
9.68851289444,11.6638875875
10.4632810332,11.2419290916
10.9690128471,11.1848170889
9.69680856002,9.47879608325
10.0625674363,9.32324639118
9.89663352996,11.4794077902
9.75345246073,11.2659980004
10.1397771495,10.7797818474
10.1391833413,8.92914899493
10.4554944801,13.1118947583
9.68038629386,10.2367751359
9.853707701,13.1709055017
10.0851826307,10.1626960025
10.2953782077,8.82625013856
10.5619574215,10.1886577073
10.4251656852,10.2579556973
10.0417165921,11.6979200442
10.1852211169,12.1019759315
10.7163304269,10.7007097369
9.94056150814,12.1120358678
10.6319905541,13.1394145073
10.8980525142,12.0765960335
11.0089812607,10.8889813142
10.3880573943,8.51815661773
10.015874194,12.0674083152
10.1113350344,10.3472496674
10.7109927001,13.2024260608
10.9252941756,12.3369300246
10.0240466335,10.3918929437
9.86174269759,10.5989216369
10.7521490358,10.042003413
10.2236315484,10.9455237782
10.5613305793,9.91508363418
10.3815223903,12.7152521631
10.0969919249,12.0148276669
10.4958283348,12.140459953
9.66563284335,11.224522395
10.1221335564,9.22072814459
9.82921910739,8.52799309338
10.0591040791,10.2776372613
9.96319804249,10.5765812453
9.69201817856,10.0869475965
10.4611621915,13.2852263215
10.3180299241,12.6609396805
10.4433174908,9.3047665014
10.7039741372,12.4651427145
10.7378934993,8.87951070926
9.83615660133,10.0090100821
9.78895449319,13.3822074991
9.67957589684,13.2160808412
11.0301484978,10.5364847574
9.71968861798,12.4315093425
10.427626383,9.88284934818
9.6540013872,12.889734161
10.5452677487,8.7363247635
10.5108074729,10.7077419015
10.6689440424,11.1495071841
10.3784767839,8.96120137826
10.3079813159,11.8417764803
10.3305207164,8.92543695433
10.2672165187,9.27950089302
10.4324265899,11.8162084927
10.4097302729,13.3457319041
10.435541665,11.05980474
9.63687115,8.95993529794
10.3051294242,10.2928050309
10.0252478861,8.95222430936
10.3920341424,8.87171735299
10.2481268748,8.72882302235
10.4581963207,12.7712808181
10.2511896849,8.9211001211
10.625659617,9.11994478313
9.85538391544,10.7145934709
9.87276146134,13.0940563058
9.68734162144,9.28083254304
10.5464506864,12.4872654696
10.6288100367,9.45254474022
10.0265961605,13.2022012826
10.6181339195,11.1853261958
10.554905554,11.4587449149
9.69953955875,12.1531486049
10.8069914869,11.2213715167
10.9652525805,13.3344836025
10.5843619625,12.8813065007
10.7779885904,9.20015149154
10.621144841,9.03521614073
10.0775743176,12.6264042572
9.90926983823,9.05699964515
10.2047426167,12.731288447
10.6796416546,12.852176829
10.6999948147,13.3504563271
9.71198628782,13.1434576973
10.8129844608,8.96457183524
10.4866729501,9.37612494504
10.5481426318,10.4408949341
10.4051877757,8.6722543809
9.80251457926,11.0268764119
10.826377035,8.56795267221
10.8244735875,9.33936894777
10.5394211861,13.2918975366
10.9674891853,8.87695306446
9.84185526218,13.0223566131
10.6781053465,11.5329446305
10.3349730121,10.7976822152
10.0507657049,8.68609994106
9.78118695761,9.17533311455
10.4988422336,8.86655779558
10.580414832,9.34838245141
10.8476423214,8.71226713083
10.8828176407,8.54676548821
10.8691983525,8.6343968113
9.88633752845,10.3012071549
10.848752462,11.3231102669
10.1928013997,11.9201619538
10.8895242397,11.4480488547
10.6686436691,11.6467209485
10.3713867794,9.24579723441
9.87664181115,10.8205739961
10.5729590191,11.8122757747
9.93197135809,10.0267606018
10.0281567943,11.8017242395
10.1093452501,9.02932248448
10.8330555992,13.3219412563
10.8440052462,10.2985500389
10.2227973574,13.2031180529
10.6365400237,12.6069432791
9.92182351663,12.934799582
9.90963059844,10.5185069676
11.0388321156,10.0781712617
10.8940940276,11.9214851248
10.5886792359,9.65980187114
10.5063313676,11.872090311
10.7272456578,12.7416135874
9.91051459501,12.1656307276
9.81068660392,11.5948667836
10.56787631,10.2938135373
10.7772304053,12.8639248762
10.0041785451,12.5627272438
9.81182957573,12.6458014358
10.8993545481,13.3966469555
10.621904254,10.8565939692
10.7253100102,12.29923058
10.5009158851,8.60678885846
10.742179374,11.7618624398
10.9186979173,11.3640678627
9.9537008251,10.2868235374
10.6505327414,12.0015013904
10.637802072,12.5136934792
10.0848746741,9.16126532425
10.727432792,10.4976540027
10.097259467,13.2610563623
10.6165859407,12.4160539676
10.8401432035,9.98124680865
10.5376430348,11.0023971371
9.76325854848,11.3897996673
10.3222722288,10.5799409965
10.2902026495,8.50845885861
10.5969730634,11.8747479809
10.7313018965,12.8163423486
10.6544429194,10.1276814872
9.64788982291,13.1219562656
9.8566700429,12.7240028514
10.393630468,12.3945611055
10.950684153,12.1613226975
10.1158762041,12.2111835729
10.0670985169,12.4764559457
10.5798572411,8.64465712712
9.85001566127,9.61753625521
9.82702676211,8.98323223079
9.94231974571,9.84940841683
10.3737133067,11.6535741916
10.7161921588,9.29972931575
10.4394936736,9.80829108264
10.0240640079,12.212633837
10.1190158906,9.28041788739
9.64507206306,11.4425594355
10.5093680203,11.524133534
10.1995203017,9.00370177812
9.75437607984,12.0586195464
10.9542450818,8.58350929155
10.0948793747,10.9874919721
9.97928791966,11.9350663534
9.90638484018,8.6248435375
10.9243649161,8.7243405486
10.5660432415,11.3774340282
10.4386534734,10.6184663358
9.76838080086,9.44036636836
9.89507551681,12.2760088464
9.67125928506,12.5443277162
10.5154843715,11.6004268946
10.2996169042,12.42274551
10.9036719824,11.2670552919
9.62814016605,11.0321845777
9.78214576075,10.7928387449
9.82628639176,9.41246476944
10.6312168266,10.9452616178
9.72211489537,9.5635497695
10.5270466552,8.95819512174
9.92655553589,12.3419699521
10.6678793271,12.9250716334
10.2913553227,13.2440540356
10.7984984166,10.5406019725
9.93573969838,12.75294803
10.4783704762,12.6780971728
10.8963842284,10.7707126071
9.92552120003,9.58115799144
9.73118445938,12.2277022951
10.8468381645,9.42734976075
10.6932671551,13.0027966968
10.6136702743,12.0850184074
10.2129449907,10.5462436948
9.69467318172,10.3264261737
10.3692558507,11.3956351037
9.71819686873,11.9505638578
10.3715461272,11.093778823
9.96173413604,12.2143238935
10.6713738303,12.3482044697
10.8194469939,12.7924347182
10.322240204,10.9936037168
10.8083117834,9.80653037078
10.3512270685,9.48118166906
10.1957368201,11.9951935839
10.0496634429,11.9029563971
10.5630041467,10.6186848904
10.1191313953,13.0401136145
9.70294792201,11.731217016
9.75286842076,8.75153395809
10.1818108326,11.6060350366
10.2895740303,11.4474725428
10.8216405968,10.0801937624
9.94315424906,10.6637964391
10.0286234356,12.302601344
10.5307107489,12.6204444291
10.8950199066,12.8393033857
10.1028934549,11.3568772515
10.126911069,11.9278537506
10.1210711026,12.8703961631
9.96145509789,11.6428764096
10.6797898269,10.8970615167
10.6047741414,8.91416936977
10.9209405736,10.4583521343
9.91532578822,10.3742877836
10.3578058073,12.9363195111
10.8090383472,10.4235058466
10.6315271049,11.8245011121
10.3343067913,13.3942060483
10.3098144467,9.15657208585
10.857349775,8.77457231681
9.94554956361,13.1423446847
10.2900956615,9.65091877251
10.6703766368,10.3368884413
9.82594431029,9.77709076163
10.5368449773,9.15833911181
10.4100679097,11.4809453752
10.6015489139,10.6916754615
10.2735008915,9.42486891599
10.5502585314,12.0957504496
10.6743527301,12.6813779392
10.8802923704,8.9125942623
10.8182629803,10.8233996591
9.84246919626,9.69821281128
10.5695711227,9.74605860446
10.1437347492,12.3149688154
9.75076301321,11.6172765818
10.2632100866,9.53096076818
10.235829441,9.80560659492
10.4926658993,10.1848430965
10.1819763176,8.53021556306
10.6359576663,10.6421505845
10.1211958904,12.705172754
10.4923766519,11.3334415511
9.75606335397,10.5446957932
10.0839957267,10.7330479076
9.80434302026,10.9030087371
10.4410753367,13.0022249799
10.743753992,12.3964969747
9.90405959366,10.1095928757
10.6500015602,12.2631257509
10.9876171019,11.5918632691
9.83506759936,11.6548477791
10.3516691737,12.5000808837
10.1914121808,12.8640038275
9.85948261383,9.34977819864
10.8667778323,12.4613964039
9.95341775308,9.40687437812
10.2688689678,11.686851272
9.93663380103,12.0407463444
10.5299195697,10.0987988095
10.1988221311,9.18593304912
9.72912724185,10.0092682696
10.4548217017,9.20911358908
10.5065694771,10.3172105395
10.2026816119,11.3929719782
10.9771453037,10.1690715675
9.98517942993,9.96666164085
10.1430187772,11.8325705434
9.75660936327,12.5945048
10.0939132965,12.55968672
10.750033927,10.3037622181
9.86137830325,12.489872274
9.99531298663,12.8455498212
10.0995179709,10.5140857155
9.65425380309,8.57399918387
10.1201565438,10.0597764156
10.3919624857,10.8878874567
9.96404677197,11.1345183352
9.86019434284,13.3360209361
9.60427383335,11.8882275899
9.77658499582,12.525163991
10.1745830352,10.1280408712
10.7334294392,11.6941431528
9.74643278832,9.81339925137
10.0606060507,11.132164615
10.7631884587,11.3267596668
9.97749603035,10.1925323367
9.7322657982,12.8720172049
10.0937188099,12.3851969991
10.6332429193,13.2669047208
10.0797466705,12.1127803034
10.7417849536,12.6783148002
10.6154191403,9.22973013179
9.91598647516,10.9115979299
10.2272420395,12.6573244921
9.9880710462,11.2418935145
10.4392330632,12.6091858151
10.4903762383,9.65153217466
10.0968465401,11.7528720274
10.5427778595,13.1186325523
9.68300303021,13.3905731837
10.8684236466,11.6152585241
9.79911697195,11.9488981545
10.3566575085,9.35232869521
10.2274388555,13.389188203
10.1304658105,13.1653944289
10.6531825408,9.95483008214
9.99965333991,12.1462904427
10.2245356686,11.1753597768
10.6321132621,12.7764812232
10.3481365812,8.73315995741
10.0584486404,8.52187023881
10.8468253666,10.1745422794
10.5290667947,13.2022595202
10.0255740437,10.9279612469
10.8235182101,12.2212798434
9.67914397596,11.333872582
10.9413646351,11.6281158189
10.7404181806,9.09840216356
9.85379850088,11.7430084369
9.97362715987,11.8726827054
9.66287318478,12.7261614547
10.3536236103,11.18401695
10.1982467976,10.3466665565
10.235831533,11.8667159254
10.7425293201,9.4249467145
9.94544679782,11.7183553668
10.9521254799,10.9965860475
9.96264480534,13.406192164
9.99410029151,10.4915845196
10.8339293595,11.3913782837
10.7975723386,10.6272371548
9.83548700699,10.454507289
10.1164024131,11.6357906504
10.2838279734,12.7431014627
10.5923559331,11.5042979788
10.7707568739,12.9503823273
9.70308141152,8.81763038004
10.3039759748,11.0897664594
10.8975625918,9.49764495026
10.6188952632,8.52910475102
10.1461664755,11.4603490998
10.2345886259,12.231047249
10.9156784149,9.7738611574
10.6074817108,11.0943091048
9.89959526866,11.665947973
10.8986965845,10.8997231713
10.3034017621,10.8943004539
10.2070407239,13.4526718587
9.99478349399,8.67639488062
10.6393938014,10.7524269202
9.74445726538,12.317147592
9.82028341302,12.9279311061
10.6776715784,11.0219297513
10.7605083583,11.4660372001
10.4831039524,9.74807833917
9.840894674,12.3171817348
10.6968176426,10.9487656898
10.3439222958,9.83395084441
10.5338122636,12.8090579373
10.0826999445,9.54272354675
10.4488257586,9.10498386419
9.76971287561,9.51171955494
10.9179789725,10.0778268753
9.87612888049,12.0995784744
11.0512537636,10.357191619
10.3864408041,10.5030674916
10.7602323172,9.73479642338
9.81072088246,12.4547429153
10.140166149,9.95139188986
10.5526134276,11.7513805527
10.124005945,11.7011172509
10.8406747877,9.7085999224
10.3012613,12.8790701121
10.844079141,9.88414457326
10.1704791733,9.48380619372
10.7463956024,10.365148068
10.4546353985,8.94898167429
10.7071728111,8.9845699892
9.93010120006,11.8019133991
10.9033238454,9.90553692975
10.4330359992,8.59825876247
10.4402258834,11.5852270067
10.3561984174,13.2984400479
10.5218183756,9.26396419179
10.525094589,10.2457684677
10.9574480419,12.4506714281
10.2412444057,11.7876971641
10.3699123279,13.1275436777
10.0100264696,9.70987388919
10.5030244995,12.216493588
10.4328700495,12.2893241632
10.7877818094,11.0519139029
10.4800589888,11.6859610262
10.788654207,13.1385932205
10.4676492525,10.4066450851
10.7452925235,9.97086529868
10.2382052765,10.6109655651
9.85864964584,12.5640243606
10.1792671651,11.7372015578
10.7532458121,13.0447301153
10.5690234078,10.9133732168
10.1860210119,8.82778695286
9.80242538206,12.2584132226
11.0233531681,10.4377569575
9.92832805893,11.3084705543
10.4111449332,10.7228785237
11.0503718073,10.2536589162
10.9888488687,11.2756437598
10.9722972397,9.22135932927
10.8154065292,8.83945663997
10.014805307,9.38323923867
10.4514673455,12.4852575294
10.3629208153,11.7599239331
9.72595374021,11.872484332
10.6292852162,10.45876523
10.283371762,11.2497600289
10.473077321,9.95183728015
9.713611791,11.0466612322
10.6438418939,11.4443801669
10.686369827,8.62413238125
9.74638147351,8.62692886347
10.3994160722,9.7179985041
10.2079275831,11.2957685123
10.5727647446,12.0437062144
10.4149696505,9.01961663358
10.0935461739,9.64479308794
10.5775655567,8.81469310375
10.0188863812,12.6587726623
10.4382475423,11.3852199215
10.2143811833,13.1445906015
10.4860491192,11.7805766505
10.3788037397,11.2804763943
10.7346372733,12.2192927422
10.8744426681,12.1637132747
10.0457928253,13.4339918211
10.9775487292,9.96669799731
10.159537924,12.5110100673
10.5792969709,12.6779495672
10.694923341,11.0968848934
10.2892800436,11.9373301592
10.4192462904,10.9729946184
10.3434016581,9.56254942005
10.8030953822,12.6204773499
9.62407872065,8.5048583834
9.83028899278,11.8468433029
9.94625847535,12.2722407075
10.8896548296,9.01504804128
10.5117203933,10.5209886664
10.2192752956,13.0523007718
9.91226866634,9.74696580587
10.9586821359,10.3529948939
10.2520798367,12.8304779416
10.8549554651,11.5293774355
10.5309647138,12.7392585181
10.9069531986,9.32735331723
10.420605437,9.42999946492
10.4793943751,10.9114510757
10.6578571697,11.3412734961
10.9555982326,10.5580595326
10.1831667795,9.87064556808
9.96895956103,8.84206495897
10.9295345317,11.6915065084
10.1375709003,13.3776727329
10.941800436,10.2566875994
10.2720971499,12.1493058889
10.4981725448,8.5202136673
10.2192330662,12.3182295753
10.9844381754,11.493202492
10.3643644829,12.8192199773
10.0461562163,9.8870893296
10.8131876192,12.0027441456
10.5355057718,10.8626206422
9.62292132599,9.68910694266
10.7589974279,10.1251129806
10.7089396156,10.415550999
10.1262974318,11.5533798153
10.6662457415,9.37234852925
9.86493558008,11.1125097459
10.0557193313,10.6306586531
9.7505888702,9.93821516936
10.390902666,13.2100103127
9.86117924504,12.8245171936
9.69031633951,9.13520551713
10.035659484,12.9683412038
9.95033973782,11.566775234
10.7410516732,11.896818473
10.9527181136,9.40188881939
10.6724679392,9.70485192458
10.5457628625,11.9733613992
10.8909030821,12.5463090565
10.7340554199,12.0397452168
9.88855031492,9.41472353353
10.8020729928,9.03120884542
10.6096810305,10.0399702494
10.2704203992,10.2118108878
10.1489571869,12.9600997954
10.0078507146,8.60871103351
10.8286355016,11.1339610134
10.8690504744,10.5647082991
9.7565744238,12.7569319119
9.93414080142,9.18304947315
10.5128725247,9.8051040916
10.9723363397,13.2671909411
9.80285219843,12.3804980902
10.0788391587,8.84628130591
9.78199622443,13.0984806769
9.87570459806,12.4172141958
9.93100699903,13.3481659109
10.7346244798,11.9640176091
10.3117655457,10.6781707559
10.2620058325,13.3287087126
10.4526443469,11.1439299924
9.83071708068,11.309343592
9.92398762161,12.6473527819
10.7854194298,12.1206635155
9.93933688203,8.73288401056
9.93115838942,8.96368910937
10.6910879791,11.2372250951
10.0129668113,10.0713623879
10.5406907871,13.0371954895
10.3420887037,13.0477262953
9.70441840319,12.6515946491
10.9249561431,11.5718746477
10.5741952635,10.3697032657
9.75733787194,10.2318644709
10.6037880613,11.9292594696
10.1712446357,9.26093117253
10.5669223044,12.567678703
10.5662671017,10.7915580509
10.695666359,9.53960336014
10.1823889588,10.2267733741
9.92534614589,13.2542377707
10.8024606635,9.52345658469
10.8326774207,13.2347171529
10.4678629328,12.8905796305
10.6736010413,13.4255295578
10.9558387818,10.8224134764
10.631247649,13.0386695057
9.66118203216,9.90640535672
10.0244896198,9.09484806099
10.3189839066,8.60795566099
10.2496301838,12.9376396452
10.8603278602,12.7009249987
11.036817234,10.6324651576
10.3367761717,10.0332998058
10.6565955152,8.72695677738
10.2025005149,10.4614002765
9.72447969776,9.21539050226
10.0227980847,13.3311566518
10.8298326392,11.7096703227
10.7467025537,8.52699394587
10.8625978987,9.60701833643
10.5770128059,9.56174462541
10.8938160496,12.6370019111
10.037405059,11.5968783931
9.87995075968,12.2231096449
10.926090912,11.8019027989
10.9080350601,13.2911790876
10.7488285183,13.2846660707
10.7654748509,8.69587757678
10.2740649498,12.0350972615
10.7880376967,8.61194420884
10.4809279472,12.0509913023
10.6519777718,9.61742710616
10.8397906639,12.8830046557
10.6428848773,13.3591898092
10.1238765813,9.80778964362
10.5423883661,12.9513437421
10.3029801644,10.4103930684
10.7324912276,10.2170646203
10.6064755753,12.3390177144
9.83633250663,8.70105105697
9.92608314466,9.65782043758
10.8048751663,11.9162968872
9.61474692727,11.3521346705
9.68278780442,9.70672421212
10.7586338228,9.6323481364
9.76103323689,9.34881389056
10.772873455,13.3988425094
10.1607325717,10.5970164541
10.8596903078,13.0300302531
10.4263830639,11.3193860081
9.9210463722,11.0185610628
10.1868344614,10.6993373344
9.61582263106,9.05473804253
10.509396588,12.3879189402
9.86620015714,10.217833173
9.72506062219,9.74263080214
11.0783658961,10.8106917743
10.76706435,11.6000038854
10.5063254535,11.0945544603
9.90678256676,9.93663362863
10.102584273,9.71909774701
10.4468484636,8.76674044936
10.427254517,12.5577695094
10.7858344696,12.4985283279
10.0757210295,10.8278029541
10.2928125077,13.1448877808
10.8669897666,10.9909091649
10.1548180584,10.9904534788
10.4151866292,12.1169366994
10.3325652117,10.1166765817
10.8902637499,8.82904103451
10.2158267353,10.8302295676
10.1209437546,10.4133448773
9.75394741004,9.26214770533
10.7641317765,9.89663632192
10.8446436926,10.5006628479
9.75758938987,11.7796401882
10.3905365108,9.62783830236
10.4406180487,13.4320737997
9.90936379852,11.8717486181
9.70505474388,13.076782589
10.6635054899,11.8997836641
10.2800712182,10.5166770164
10.3126176141,12.3189063964
10.0204537773,11.3157174283
10.1868067018,13.2765594515
10.8128852834,12.3189337288
9.97721945198,11.3901119272
10.1054122253,11.2270314401
9.76749998423,10.6531008372
9.76342634562,8.89094981923
10.0872741106,12.7947314352
9.94010575721,13.0375489321
9.93898524828,12.484060687
10.3672467276,12.5927070604
10.1412923174,11.1402529003
10.1655755976,9.36106416647
10.6039779519,12.9738677483
10.2537613127,12.5020671422
10.4392107346,12.1897925471
9.75339534984,9.65764345638
10.5226037686,9.45782980644
10.3108922996,11.3342728779
10.3904861582,11.8942879581
9.9270733455,10.7542760965
10.7253966329,12.8785591473
10.5409397487,11.1682745362
10.2608367156,10.7529385636
9.65720399062,9.61503707944
10.2429547689,11.5974188219
10.3332840407,12.1022216563
10.3390999776,10.2007040479
10.2226570086,9.09541483612
9.71516538519,8.51507467319
10.9948074721,10.7444414201
10.9106396919,10.6626938025
10.8807610268,11.1662285252
12.1920800675,12.3735369444
12.1293686662,11.2293570878
11.3238249084,12.3943816908
11.6661470221,13.4265153612
11.9309319151,9.76195306015
11.4309080638,8.80795562743
12.3384480964,11.4130934007
11.4947466264,10.9153164591
11.9727572729,8.63330182215
10.9656193579,11.9987592121
12.0954634724,12.6012924326
11.331028315,9.70313516723
11.0340598415,11.2334868774
11.1274080304,11.9782658732
11.5119554067,13.2521875665
11.5883550781,12.1523293495
11.2012195104,12.1512478362
11.349235486,13.2153307602
11.9158637332,13.2287310386
11.9021045807,12.7331860246
11.3477887804,12.0565294727
11.3794436678,11.6766548313
11.2176187199,11.4760132493
12.3981826033,10.7378843493
11.4325051466,9.41878457738
11.527725004,12.6507358829
11.1588416389,10.8973064009
12.1422378164,9.07847854693
11.945350923,11.4995774356
12.172975837,9.50674517958
11.8921667027,8.92898448733
12.353569817,10.962123579
11.2843523804,12.006939762
11.6020099804,11.8641793499
12.012310036,12.8079827674
11.6132509215,12.6214609782
11.6276633741,11.9219758918
10.9638295538,9.5749576967
11.2891960016,8.7252064032
11.7571370151,11.3939662981
11.0509196867,8.90619666038
11.2803734094,12.0987453843
11.9723645662,12.0836815594
11.9805741256,12.1634455126
12.0127302292,12.6270957141
11.0338067773,12.2777152158
12.1720728521,11.8319782473
11.6173416403,9.50338452889
11.0984479864,8.99612336893
11.3405321018,10.106719834
12.3833047181,11.053476185
11.4294221907,9.03890602859
11.7643332206,13.0088333111
11.8766302044,11.9432856155
12.1082339196,12.9495703782
11.5289456415,8.62842330292
11.9475376204,12.4101178365
11.8090494797,10.8001991296
12.3133698439,9.14175918521
11.5920078729,8.53939931411
11.430322717,8.93920027593
12.2193559828,12.0703408178
12.0530646592,10.221219781
11.6888212359,12.2950219186
12.1926811141,8.62402002125
11.2679926723,13.2932235254
11.7850367683,10.1797285844
11.8769295588,11.7346842753
11.3319499429,8.84284719985
11.8411388183,10.4052898632
11.1238345978,9.15944964533
11.2805979984,13.1345750615
11.6539562817,10.9048053426
11.1204611635,11.2073926784
11.2252876322,10.2299260822
11.2900832969,10.0067432183
11.0357723988,8.52043086912
12.2723409103,9.89140696545
12.245851389,11.1781284982
11.9878380952,9.17435005546
11.3727334163,9.11649883986
12.206545435,10.2154590243
12.0092987244,9.28921913939
11.9014873872,10.8640392028
11.804683736,9.35509017541
11.3257077591,10.8448072284
11.6084806886,13.184332866
11.3085123458,9.53282641624
12.2097515846,11.2597960861
11.2374862249,10.814700771
12.0065386844,9.39469952963
11.0775805386,10.7218852478
11.8024560615,11.7856973433
11.7755588846,12.3265441625
11.2681845715,12.8684724234
11.7177679161,10.3165838113
12.1333232548,8.61929881869
12.1644851882,8.96461938775
11.0622972924,13.05819077
11.1845091332,11.105117283
12.2308348913,12.44451438
12.2930469756,11.1402614268
11.63920637,11.3414940117
11.592623884,11.5819840115
11.2577663997,12.7099484408
11.3203775889,11.5861973024
11.1348644109,10.1585340619
11.7249462439,13.4365407601
12.2942671598,12.0877461405
11.8016448558,8.70310156366
11.9178808485,11.6568262358
12.1824314506,12.7483252042
11.4829359233,12.5445775831
12.0610939124,10.328095627
11.4087252172,12.7977964251
11.2781193902,11.1604857782
11.3721685205,9.58557076147
11.4110983627,8.52086181749
11.5630346062,11.0532923092
12.0261122352,10.5661347275
12.0578466438,12.0868022298
11.2677321579,10.8908283538
11.1916623303,11.3214371875
11.4311035731,10.55244724
10.9135033774,12.7663798499
11.2809972634,12.6068134006
12.2325226755,9.54158811684
11.8411887061,11.2233375615
12.0062514291,8.71029009158
11.2911962806,9.6148178585
12.2694554969,9.4858686082
12.2199368376,9.31208575611
11.4615250254,9.48767351991
11.009428868,9.06823597737
11.468077791,9.92845119741
11.6523977105,12.8701276025
12.1276410908,12.0598470223
12.086570383,9.51026114388
11.9027431576,10.5343105589
12.163849546,8.49007052865
11.846062016,13.4545636938
11.6894474386,10.6532493027
11.0466548642,12.8982226198
11.7677752536,11.1802553482
11.4287295895,11.0006158567
12.0512554413,9.5638379054
11.3493504674,8.61836200342
11.5400453606,11.9572258397
11.1903497773,12.5666995277
12.1080113612,13.1510788244
12.1175657488,9.32352424654
11.2699620297,9.90527711942
12.1160738176,12.6987590595
11.872018879,13.3688189415
12.2891204394,9.9770876206
11.7121322455,9.37943335599
12.0472307758,11.8087501079
12.1214250766,13.2627708307
11.1346781712,12.9070339307
11.025974054,8.81817152566
11.8325676498,8.92329834511
11.9556762591,9.70751253659
12.1770809371,11.16673458
12.3100583782,10.2849011509
11.2094486486,12.7941529066
12.0023451564,11.6530471267
11.8185094551,12.143366576
12.1410173942,10.5255169957
11.6056815176,11.2436740354
11.0495806949,12.0163009323
11.9531163518,11.9859140358
11.4585000163,11.3980313117
11.2927789102,9.17413708712
11.7726011795,9.07491750345
11.3484303132,10.9296504454
11.3917240708,11.2753258968
11.476548453,11.0864658011
11.0155708305,9.77757374595
10.9754853134,9.48868954963
11.3685323985,11.1980672051
11.5231275758,12.2494054583
11.9921269246,8.77444058128
11.3025000026,10.6676583201
12.1379827221,10.7837125601
11.1601615338,10.8065778705
12.2079885383,11.958628891
11.2735931262,10.3011027401
11.3672998982,11.426021059
12.1605243535,8.70447014882
11.8055555899,10.3031306405
12.0103256097,11.4058693265
11.6639897596,12.7832590533
11.0422622372,11.5662861429
12.0534314794,9.09392172513
11.7953427587,10.497316063
12.1392484948,9.58923116734
11.4022400149,11.7433717312
11.6676280555,13.1978748471
11.2843934404,11.8027634911
11.4612505662,13.1813726761
11.2522651365,8.90562137254
11.8865668857,12.5082732253
11.3577866735,13.3204705983
11.8645696572,12.8940385774
11.741536716,12.21098131
12.0024577501,8.55134549416
11.8448087509,9.94999546801
11.5709790326,10.93507697
11.4173220783,11.4906741224
12.2493290781,9.03913482812
11.0317338604,13.1989112829
11.3731570136,8.76417455578
11.7856095933,8.50082737491
11.537731042,9.91505544108
11.7001298692,11.8614574036
12.2311138818,10.5907610334
11.1675177924,9.44173599206
12.0974754219,9.15360425081
11.9178597303,12.6316449272
11.4139871737,12.6195628533
11.643578422,12.0904426476
11.474344409,11.7670935952
11.8756154196,8.85350007364
11.2828413511,11.3866063162
11.4849923493,8.87742859556
11.4745261365,11.2328830755
11.9281882508,11.2612683061
11.4689272134,12.4327057018
11.4920915209,8.56303029145
12.0293971254,11.5926807227
11.938588103,10.0757070445
12.0093536156,13.2314747529
11.0316759842,12.1728705704
11.5692870181,13.1326133349
11.9412245153,8.55847616386
11.7930705269,9.63088609947
11.6883308712,9.17951344962
11.5760992332,12.5704678201
11.076468804,12.6495180852
11.4290153335,10.1570618786
11.9350755683,11.157271418
11.088726038,13.1210732477
12.2945418639,10.6857569906
11.3537254118,9.36773008984
11.9819067258,11.3125760416
11.0575348179,12.7968082736
11.2953594544,9.82065004182
11.3687107892,10.4630014317
11.9868355792,12.719762639
11.9111855243,8.72752592765
11.3479675216,12.6912663428
10.9774453374,11.8853241069
12.1379382289,8.79708498146
11.7680228602,11.7128043838
11.0432826481,11.9303996593
12.2329398188,10.9865113164
12.0512725218,10.4494752767
12.3267371861,11.5130797413
11.8014279508,13.0783277905
11.4484862864,9.14493719861
12.2311509458,13.4386240876
11.3190389706,11.4772057891
11.1258550986,8.77601285342
11.2010338506,9.96205092027
11.9544616651,10.2550510108
11.6506811474,13.1297021748
12.1239102349,11.0390290814
12.2697925825,10.8811529683
11.9986551482,8.49472361749
12.0209500897,10.0251441913
12.2536378007,10.3736001766
11.8591081812,10.7234622543
11.2688477989,10.4993496704
11.1176266511,9.06955495496
11.9633101174,10.3907398857
12.1932020017,12.2725946046
10.9279683876,12.9272337193
11.0659237906,9.70037830564
11.1195905764,13.1703068297
11.7555012495,12.4586319361
12.0062273829,12.245778158
12.267163715,10.47706068
11.0533671251,11.8213005206
11.646212711,10.5339495599
11.3260405865,10.5734643773
12.0610222769,10.9586049233
11.7424771521,12.8423843803
11.2164393407,11.9393076705
11.5187732138,9.6889331287
11.4246964388,12.3142355199
11.5427835333,10.3044100932
11.0672731599,12.4345514323
11.1334039191,10.4247937399
11.5105115872,9.42027754487
11.7160775743,13.2741825169
12.1215951052,11.4486400061
11.3018293168,13.3623801513
12.0919727043,9.41605693563
11.6754995734,8.83532757147
11.8424426441,9.10878582594
12.1064612555,11.8903405825
11.3891905479,11.8340440585
11.0607828704,9.43476561585
11.1555867946,8.89172003088
11.0466676047,8.63387522951
11.1086140072,11.5123137128
11.2238599042,9.66353079779
11.5099702854,10.9993504114
11.7865432858,13.3323398428
11.850246093,9.01181154203
11.602941635,8.8137618098
11.8363192944,11.1307007406
11.5992789609,9.23005095407
12.198292359,9.91064156389
10.9436129416,13.0121829691
11.4773541606,10.6865297718
11.7024489201,9.58667239706
11.4845556488,11.5534181644
12.0254820229,10.8337952397
11.8697299773,9.31386927432
11.7953013683,12.9322232154
11.9586506367,13.3447303027
12.0654202058,8.6557314719
11.0946051627,8.68893626141
11.6270608947,12.2319710544
11.6657802512,12.5500139275
11.1222429453,12.5817310582
11.1279502591,9.36826668103
11.6631822127,12.1539738369
11.1410899448,9.68620463603
11.0094444451,12.3730636291
11.1312054531,12.8391574896
12.2159891883,10.8194554654
12.3057922351,11.3210424264
12.0844361296,8.52431225907
11.9103357217,12.1913797339
11.2398746697,8.57456308283
11.9902976081,11.9062143386
11.6724855245,9.46540860227
10.9735544923,13.0907565815
11.7341454834,11.5675540661
11.0404168967,8.98139157122
11.9367947573,9.32823984953
11.6057014751,9.72512404869
11.6870961654,9.10247580622
11.6176105304,8.65314797911
12.2288840004,10.2935968742
12.1897292843,10.6929611609
11.5458031693,13.1985114133
12.0998767848,12.334974145
11.7320478825,12.0924072154
12.231232156,10.7606412016
12.2251657677,9.13342608921
11.8642417198,8.50627887657
11.5522104157,12.8542082721
11.0053802122,12.7203446683
12.0347583161,9.6551884632
11.1929687804,9.22618495028
12.3061834194,11.0466558212
11.6733486705,11.1791602384
11.6556577007,10.4506863605
11.3912157592,9.80604392349
12.1244074733,9.84117380457
11.3733439444,10.692393601
12.0585615269,13.0437833561
11.9320147141,10.6497164051
11.6991785549,8.51504124103
12.1190188318,10.6313894462
11.5114959975,10.8054008873
12.3034516664,10.7885298479
11.2380880824,10.9411332841
11.4905234628,10.5974520564
12.0173305418,9.89418221678
11.3703961474,12.1428932839
11.1962446375,12.0501123051
12.2135036503,11.6193197199
11.6028255294,10.128331269
11.072915686,11.3243694004
11.6483110778,12.0040618066
12.1184098969,12.8354112164
11.9667507989,10.4727656311
11.1790398697,10.0526700165
11.2656234628,8.6251849863
11.4320149727,11.153611652
11.3415908513,10.227212239
11.5503555147,9.3514810295
12.179926455,12.5499388313
11.4404961918,8.70051977126
11.9137785447,12.8267911158
11.5641077827,11.15356918
11.3697656967,9.47892526023
11.550476744,11.2966673223
12.2109097382,9.41640528276
12.2699372352,12.1654126017
11.2034381792,9.10444383566
11.6723487454,11.7742041223
11.0674969405,10.9890139938
11.6049709487,10.8219225618
11.7207755629,8.62809104533
11.622427147,10.3704769796
11.8593418882,9.72396485392
12.0318904833,12.4160173045
11.6692071494,8.74026334809
11.7912449182,9.43467535029
11.0710109228,9.2636403212
11.7281082436,8.98070660421
11.1188876756,9.5169631606
11.8362746462,11.5848627155
11.5206234351,13.3291110338
11.1362620612,11.4111370266
11.6011340434,13.034043414
11.9753981552,11.7447740673
11.0329832637,9.518088129
11.9135979395,12.3131059393
11.4779755561,9.76982508012
12.0714860141,8.74265970616
11.7767933452,10.7142288519
11.8974942385,12.0317332376
11.7478515149,10.9670545765
11.7841918385,8.56369594216
11.8320801155,11.4913465428
11.0634861291,13.449235245
12.1956938091,13.2340143023
11.2172012804,9.83889063689
12.3037491775,12.2718073902
12.3168214593,8.87956437449
11.8282054005,11.6640252055
11.4960325755,13.0817987003
11.2262495818,9.3314624669
11.8697885211,13.0478496383
11.829566459,9.81019949961
11.0992243559,11.0955609441
12.3425251858,9.43552750386
11.6081564168,10.0136608141
11.2277613152,8.81762891358
12.1756178207,13.3601389965
11.2249321774,10.6101465541
11.6627840009,9.77529057536
11.8144473436,11.0127235474
11.6901362347,12.6751161454
11.6739565856,11.6831561594
11.0102906756,13.3706036085
11.6519553997,11.467390526
12.0052725488,12.3425777258
11.5296127056,8.81363470423
11.1448520645,9.28868464913
12.2535011086,12.7191653414
12.3201321652,9.72550105915
11.2224372599,10.712338793
11.5632869953,10.4666087137
11.6010809491,13.2667777751
12.089820778,11.6386465919
11.3486679551,11.7564082108
11.4401251996,12.9005620068
11.216330823,12.3962987713
11.8580973981,12.989097438
11.5958241055,12.3999597468
10.9910311805,13.4338174505
12.3222167589,11.2253928688
12.1321233665,9.46487079975
12.2297335122,8.90205447684
11.1531532665,9.61757401153
12.2278620166,11.0921211949
10.971630919,12.6263454527
11.1155753195,13.2761377329
11.2179021178,13.3960194422
12.0789179932,9.22850475808
11.5930183354,10.7178961915
11.8639098511,10.2301368227
12.3155726881,12.652822127
11.5698443546,12.4890218877
11.0006226965,11.0835762228
12.0417583256,11.5163902756
11.3777394137,11.3533785556
11.3169861195,12.7789649893
11.9929766994,11.044015281
11.3974808447,9.23248496819
11.876792972,9.18309496771
11.5040156418,12.1499477551
12.2384562753,9.80178919744
11.3022799495,11.8829236686
11.7330128454,10.4003424453
11.8909917208,9.409588493
11.3487169794,8.94524224775
12.2430974402,10.1388322319
11.3159533137,10.7517503813
12.349816702,10.4173563952
11.0008872036,12.0873066047
12.2611679993,11.8457966162
11.1845790113,11.0112109204
12.0516027267,9.46028094471
11.3002598089,11.2638248052
11.103541801,12.1076728297
11.4954747072,9.22306901174
11.5179810105,10.1775536283
11.1417054349,10.7471257699
11.5187658424,9.9873401763
12.0050586223,10.1373350739
11.1266056269,8.50078026044
12.0758545548,11.7302866435
11.4490084887,8.60305854155
11.8408341785,12.2463392112
11.4939534054,11.3250501553
11.1304310598,9.78509284448
11.9597876871,9.95996042883
11.7593301305,9.76489029646
11.8237645549,12.0639566648
11.6084533752,12.3213291949
12.2486159242,13.2957704278
11.8869266987,9.80170383548
11.9327252091,9.90407728628
11.6324434418,8.91140826365
11.8242221267,12.8532645491
11.9570163879,8.83385347732
11.7569662428,8.7696718486
11.9277553553,13.2910031866
11.4196767543,10.0835432435
11.4477668635,12.0499720747
11.5424169987,12.9418489882
11.1013551213,9.97689475244
12.156129892,10.1664830543
11.8872684856,12.1100200243
11.0552044429,9.87164126621
11.7289803845,13.3723957853
11.8531694174,9.525437805
11.9398177704,12.9414936584
11.5145108794,11.8509366589
11.5669239977,10.8765567891
11.4680267899,9.32484848926
11.36301797,11.0877062025
11.1319548465,10.5513509539
11.5309787612,11.4712911331
11.5738283733,9.80746430738
11.0246012838,8.72613787935
12.2506421185,13.2335714503
11.8978518836,10.1536972983
11.9627061698,13.4303688153
11.031825518,9.17796855784
11.9415581018,10.760429742
11.4381753246,12.2096074662
11.2160354782,12.9658091655
11.3926697417,10.3435563567
12.1171112043,11.9856606227
11.5407496196,11.3736153841
11.349105921,12.8575624703
11.2356559858,9.75789355207
12.1799881075,13.0398669131
11.2824072138,11.7028515088
11.1890207301,13.306990339
12.0122330908,12.5159924968
11.2806876774,13.0448771891
11.8836530571,13.1474302309
11.1317122202,13.4335048915
11.9425402743,9.83821102423
12.1581657495,11.6997307954
12.0342236685,12.0027159874
11.6852610236,9.68029301697
11.1960462467,11.5903916214
11.3293012233,12.952276271
11.0464510714,11.1483334945
11.4193353871,11.5807200332
11.1311451117,12.5148547557
11.1529486928,12.4429831557
11.2883328067,12.2887489579
11.2850894614,12.1932372022
11.2019216649,11.168480337
10.9414899538,8.49870626016
12.1346992104,11.5515219618
11.6544407846,12.4516187928
11.7640194982,11.9754577806
11.4358130906,13.3686520068
11.4378031794,12.7120484487
12.2878614659,8.715421516
12.1337458477,10.0672111138
12.1145568974,11.3328689376
11.109659864,12.9846439764
11.7278707829,11.7606991716
12.0941383496,8.92171806429
12.2886365777,12.3770075502
10.9497470554,8.80479063843
11.5446662428,9.50083367977
11.1758885845,11.7895976265
11.4525141386,9.98895882005
11.115842641,8.58053269626
12.3084367996,9.25832886791
11.1314252083,12.3468591925
10.98099166,9.29600517451
12.1452331754,10.9072840602
11.6373493383,9.17928556396
11.1534682471,9.88986930513
11.8590383196,11.329953776
11.3715883627,12.5130538889
11.2063839953,8.50756515031
11.606482018,12.9331157119
11.4293741462,9.72287769764
12.1104421412,11.1768176833
12.1603806462,10.4076876208
12.0291951407,12.8914547944
11.4543490576,11.904422785
11.3018364226,8.51776389891
12.0984767035,12.2445717977
11.1462252534,10.2580503058
12.0098302679,13.1264113569
11.3877553459,10.0246485336
11.5032760404,8.50158402669
11.4831622021,9.84605887396
11.7592922989,11.6557360152
11.7981179914,9.87112212416
12.1495629309,12.1612265489
11.7597950079,10.8842032812
11.0593673552,11.4303888839
10.9777109988,9.67731279782
11.7367585218,12.7593160804
11.6862287724,12.3757398341
11.5433861882,9.2765170073
11.7084509598,10.4877067003
12.2831181492,9.35176733386
11.9106960291,10.0086695753
11.3809452165,13.0921863207
11.8062559813,11.8760477971
11.4916770703,12.9899797852
11.050075518,9.3464653363
11.3993117845,10.6280662157
11.6979734288,9.26431690318
11.3127144357,9.27677041
11.6057518333,10.9886971427
11.7394359352,11.2706844386
12.036883809,11.2328454833
12.1705328293,8.56482898481
11.2654253952,9.44435610143
11.9014751132,10.9742945802
11.3775923115,9.9230109513
11.5602629884,8.87094139331
11.6929133587,12.9584784916
12.3405295459,10.5764555265
11.2141523044,12.319777562
11.8274895142,8.78382129479
11.0346009262,12.5426066301
11.5137480712,8.96670426594
12.3132264171,12.0087470723
11.9025278406,11.4186357853
11.4192325936,10.9286659598
11.3485686507,13.4414570831
11.8861662152,11.0634965771
11.1762088737,13.0797223464
12.2636977812,12.8068874493
10.9898107356,11.6539242577
11.0853737641,11.6497164171
11.9054093347,10.4469174479
11.2341837825,11.8596126981
11.5741910884,13.4188766948
12.2268410578,11.4920997253
12.1064830172,9.95476794004
12.0291173915,12.9623956785
11.7900567882,12.6879115857
11.5624825152,12.0701164965
11.138499742,11.8863301354
11.464946085,10.4657636823
11.1879959224,8.99980043141
12.1526820995,8.87405000371
12.0688999457,9.00396311751
11.5119579269,10.5434111732
11.1290872702,12.7363346406
12.1339922725,10.2461457334
12.2383312179,8.79836660778
11.0680451144,10.4926982059
11.9818178717,8.93344394069
12.1486876419,9.71621384911
11.5901023779,12.7597317347
11.6062009426,9.3112919654
10.9690222521,8.96312245368
11.5840941333,11.7709149225
11.4804893191,9.58097542253
11.2410593899,10.1272340305
11.5294358834,12.3462097923
11.1919126682,12.8785838907
12.0401386849,10.7103348403
11.7878312909,13.4201754455
12.2472753554,9.63957586958
11.1846878702,11.6900990412
11.9757442112,9.50898607671
12.1252664818,12.4584882416
12.1802712735,9.21769251443
11.9495536669,13.0559521292
11.9825633182,11.5648055222
11.6020492522,12.7024195991
11.9838271984,10.9337071837
10.9312780169,12.6928582169
12.0497810928,13.355905322
10.8852768682,13.1218699904
11.5922836189,10.2246432591
11.9074898109,11.575140298
12.0188989904,9.77877054304
11.7265730091,10.248964923
11.7442875434,11.0903932818
11.2598772848,11.0702391842
11.4277125759,9.65269953181
11.2612960898,10.3998387368
11.4353072362,13.2761439138
12.3187283111,9.54050656624
11.651391346,13.3522843282
11.0661062039,9.60563185246
11.6963623661,10.7822480941
12.0505878999,12.6751664758
12.2339143728,10.0476734947
11.767751179,8.86255506026
11.4160419591,10.8548255328
12.0627139624,12.7484728043
12.0529916809,8.84050092704
11.5777995686,11.6780731392
11.9368176867,8.49539703937
12.3551671314,9.6284043489
12.0596268569,11.1282742395
11.6236453468,9.91028474151
11.7236915877,10.5466064121
11.6577154345,10.2811407747
11.4135398968,12.995526919
12.2269396959,11.3743560981
11.4872912871,13.4247588855
11.1817501514,10.326232232
11.2512265775,12.4919646449
11.8976494077,10.3357717454
11.7463592292,9.51126848204
11.3726434167,11.950985127
11.8621818833,8.61181535691
11.8758648074,9.86806303089
11.2222561677,11.2290994139
11.4846169153,11.6546281242
11.0123790908,12.9934553224
11.4565922565,10.2508073815
12.1804084758,11.7731503055
12.1191737353,11.7916507932
12.3379499242,10.1653527301
11.9654788063,9.05100109821
11.1811191556,8.66252263297
11.5247495961,9.04209911293
11.1430684515,10.6559363287
11.6661675012,9.53114804573
11.3020400972,9.04444820012
12.1901594806,9.98592945324
11.6408414425,11.0861650852
11.823069547,10.0602877825
11.8117377148,10.6157800642
11.6096467402,9.02131520644
11.8522784861,12.400772639
11.0882170799,13.369476736
11.7428381217,13.1633213897
11.5143772837,12.7576807362
11.7059028706,10.0906262077
11.7323151142,9.97312030879
11.2005048439,13.2035123078
12.1988983059,12.6485157228
11.4044729128,10.7647704108
11.558811237,9.13579619593
11.4407723727,11.314173195
11.7086766771,13.0621719513
11.2031845777,10.4916828164
11.0289449981,13.3039666597
11.9146126811,9.62701324397
11.6814178029,11.0092296851
11.9375606808,11.349520278
12.1566399497,10.3163907738
11.209004056,12.243863177
11.1243808938,12.2105581988
11.7050903856,9.85927969451
11.5994684269,9.59483796969
11.2862181952,10.990284717
11.6772198278,10.1942879213
11.819348726,12.770803984
11.2217479521,9.55348744596
11.3566251895,12.2355341806
11.8292423305,10.9324467361
11.7724221647,9.17215664626
11.6044502004,9.40637346806
10.972384938,12.8309359414
11.7867808399,12.5878523226
11.5559284009,8.72948154278
12.318760624,11.6349289385
11.8312538689,13.2530311407
12.0478813745,12.1589983481
11.9219552199,9.25788919352
11.1807703493,12.6544916086
11.5045565869,10.0759754044
11.8021707078,9.27112664406
11.8995696638,11.8342814914
11.5735974405,10.6102458567
11.4918792116,10.3873197235
11.4124445696,8.87638719677
11.0053995983,11.7260385287
12.4311341078,10.1445310898
12.3190771935,10.0718031131
13.6331540831,11.533878393
12.886218402,12.7446615614
12.7825114164,9.95608395275
12.8994078673,11.3880962383
12.8824054368,13.1826806984
13.4523517312,10.500370012
12.4120942496,9.30311637544
13.5908484761,9.76583576012
12.9232298539,10.7922183558
12.9268688428,13.4376740895
12.7579005639,12.6405349295
13.3866609984,12.7373350077
13.5033630392,12.1547068728
12.8756378107,11.187777302
13.0439963791,11.0379354233
12.786741361,9.14968213659
13.6457389506,10.5885672876
13.1876309306,9.74353871077
13.1483824401,12.4908668241
13.5839225283,11.9250575036
13.0620299238,9.02547259742
12.4463886367,9.62864671214
13.355218935,12.0149459723
13.2397889142,12.68085709
13.113438905,11.4277989592
12.8412103981,10.2703771112
12.4866285606,12.7030983278
13.0788537735,13.0914139751
13.5027405664,9.46626592503
12.3945105886,10.4871169223
12.8589078516,8.95479114286
12.4590038575,13.4336384263
12.4391676342,9.1092243267
13.5888719675,11.6027319879
12.5002584347,10.0668097789
13.0185905012,12.6498346993
12.3906596358,12.2815873681
13.4549300169,8.99731367906
12.704240128,10.7341135039
13.1145607941,11.6252598427
12.4341223264,13.0051102668
12.5299551636,8.49807181386
12.2867634172,12.5312691663
13.21568382,10.1020362786
13.3588691979,9.64032324874
13.4602597129,9.1040427606
12.8935410146,9.41097519749
12.4616756437,10.9176651935
13.5666117042,8.52561323265
12.7698706458,9.59915293327
12.9448718715,9.22505292946
12.4633121203,11.9341743264
13.5436237081,12.4317769801
12.5439405759,10.650713629
13.0795900324,12.3109646105
13.1990041853,8.99982622108
13.3241689221,8.88221831669
12.7372777811,10.6367674152
12.8594211136,12.6036111831
13.5951549742,13.3174087716
13.4217458095,12.584840518
13.2772692965,10.4882697511
13.0819338277,9.81302389025
12.9411806026,11.5509372625
13.3682038696,10.5524473986
12.7704982258,10.8846098022
13.5858009385,11.7619399886
12.9290630363,9.54655835256
12.4152773476,9.19619760758
13.4907544765,11.2118922128
13.0336731306,12.8377302616
12.6600818306,9.75873824966
12.9958010565,10.7311029549
12.6879910356,10.8671032954
12.7686717857,10.4828443575
12.413133098,10.3908173912
13.5347318918,13.1099575363
13.1502821145,11.0470512657
13.4526146142,12.4849994115
12.6637162961,11.0312132316
12.7890786103,11.7904827163
13.596997723,11.3225770925
13.0553324023,10.55371535
13.3267630815,13.4041990656
12.7003444856,9.17737605084
12.4715599894,10.2253517849
13.5480832358,12.9993347361
13.2282570566,10.9098437709
12.7517115338,9.86132314649
13.3656388553,13.2875153602
12.4059688616,12.0396141893
13.5607885129,13.2050839861
12.6233825165,8.53017022111
12.4880986405,9.88265151228
13.4213948357,11.5793172574
13.517706839,11.8762098503
13.4884471614,9.77394225667
12.4831510969,8.66921739577
13.5037398466,8.92464117534
12.9407442002,13.127977696
12.7421682125,12.9375172379
12.7453777607,9.2194580243
12.7044859735,10.2010297668
13.3678191253,11.3960887775
13.4359756957,9.85765007668
12.7905220212,13.0361332588
12.2574053612,11.7231711961
12.8669394722,11.2951642109
12.4650574227,11.3258930698
12.5756006586,10.8279829124
12.3447355764,11.777108832
13.3838542632,12.1743822461
12.8382773971,10.0300932388
12.3481833409,12.7337198241
13.3071130118,9.85672459231
13.3407757204,9.70210813197
12.3767831806,12.2039046421
13.2123715449,10.7822374608
12.5261184287,11.677838392
13.4079582839,10.279792367
13.4774231892,11.7936512675
13.0292247004,11.2947233647
12.8687627515,12.2426235906
12.591928831,11.5500645135
12.5452560557,10.8901369512
12.8463886101,12.3267941613
13.5200544473,11.5754075064
12.6119504233,10.1415114514
12.677491627,12.4966300056
12.6754361715,9.44841410334
13.0747283984,10.4547525132
13.101990573,12.5682656066
13.513264528,12.5235515135
13.2821959061,9.99056325714
13.4693856891,9.20542076793
13.0582113188,13.0224682854
13.0302992466,13.3878566747
12.6756883975,12.1969607524
12.5901954126,9.22724553117
13.0823206472,11.9429245772
13.2447014346,12.2876358765
12.8166562873,12.5163598996
12.3892578885,10.3323256208
13.0409896153,11.8247030852
12.5766435069,13.3513972123
12.4875705621,10.8104518007
12.420885421,9.89219893639
12.9610919269,11.8268221888
13.339930745,12.5484647211
13.4361736177,11.2429836035
13.5739577188,12.2365986411
12.3674855541,13.4199634692
12.9802975273,9.79544234803
13.5999377076,10.3657126498
13.0327914952,9.73935075573
12.3971808757,11.9560771541
13.5407424896,13.2778803128
12.4843103481,10.716150794
13.0619615249,12.6069054987
12.6966971683,12.0788945745
13.5905991082,10.746425187
13.0946725999,12.9669699008
12.6663282452,11.6215225163
12.5813620229,9.70597617998
12.6256034286,10.9452322916
13.5456927708,10.8293131766
12.9704511578,9.88816358712
12.3097089391,8.96290533028
13.1713185595,12.3816724283
12.3615868579,8.51878176846
12.6263034259,11.702230983
13.5854920896,12.3480795584
13.1485118229,10.095703641
13.2109749407,13.4163156717
13.0981426066,9.71986763596
12.6124134229,13.4443047375
13.0586564795,10.9260067345
13.6648907149,11.8532333184
13.0512298578,11.7229286585
12.7077987754,11.1937345414
13.3128880127,9.92950983192
13.0942183422,11.1059895727
12.6685228463,9.64301282596
12.9239581391,11.0466898569
13.4245826457,12.9763797599
13.0732289334,9.42558400266
13.3759754448,11.2990712974
13.3637737738,9.8104038958
13.4410638902,10.3806738815
12.796090898,12.1550410191
13.3346279375,8.70082268046
13.5757148462,11.0736653604
12.4624463322,8.81670770804
12.7823050204,8.87717979357
12.8142503538,11.4671085962
13.1428377491,9.53291215574
12.4988038054,9.50323824192
13.0438427611,10.2770236523
12.9701306552,10.4020366496
13.1054826074,9.61694305816
13.2879780904,13.1405501218
12.4832691991,9.35188098206
13.5995708857,12.8057163393
12.4235525938,11.4952854402
12.8126846227,10.355147232
12.6483390375,11.1143634578
12.6871275363,8.61282128546
13.1427702633,10.2853449595
12.4138374892,8.69393101598
12.3924841172,9.55905289624
13.4418238278,9.65645570728
12.4816246471,12.2424545738
13.4750151423,11.1120427531
12.4561218473,13.0921619836
12.3619451809,12.8522200905
12.3111769722,12.9178808796
12.5063676689,11.5209141048
13.445320321,9.55587217333
12.8798479795,8.61927978921
12.3611743576,10.0072682822
12.7457898662,13.3326173615
13.2329048197,11.1971928603
12.4064251329,9.69495282026
13.0262169746,11.6192775404
13.2786727648,8.49741409398
12.647557885,9.02471052569
13.1873963085,8.83747088996
12.5745479722,11.1625177973
13.1083228059,11.3204952688
13.550464792,9.82818298575
12.7080979494,13.2754382168
12.9596630945,12.2323449357
12.5612146601,10.7349521128
12.7548861909,11.9300641164
12.6551956984,12.58941154
12.8693832338,10.726718664
13.2721747877,11.7485215584
13.4104365961,11.9835074201
13.2582446536,11.6570552439
13.0846483046,10.1335427209
13.1728871561,11.1480910083
13.446729063,8.74740271237
13.3052038744,12.6269210695
13.3823095912,12.6674734729
12.2752267514,8.62873172262
13.3364399978,10.3602870515
13.0133795714,12.9710529424
13.2968222628,11.1660564462
12.383736616,10.2502603493
13.0867419896,10.2095048323
12.7220011726,12.4253961152
12.8639671096,10.5545229496
12.9654809857,12.909214951
12.7371315893,12.3557111876
12.4106539341,12.572971979
13.4219804362,10.0913059675
12.6272618147,11.3788423064
12.8806750673,13.0779912434
13.1734166463,11.249995441
13.1980825841,11.6173479852
12.3723746139,11.570819347
13.0025263854,8.50801971154
13.2504211936,11.5580228201
12.4610750966,10.5311829122
12.7947823023,11.1736355052
12.7398542535,11.3072252282
13.3660786443,8.52154178665
13.3294889864,12.8957846333
12.5999297239,9.89576857646
12.3775600894,13.0312730925
13.2015019866,13.3028881289
12.976509565,13.2128504468
13.2237690594,13.0501848698
13.2833404995,9.51552193851
13.5209979229,9.88340588893
12.7680989899,12.2765549705
13.5520848879,11.6723908556
13.0619467989,12.5182790568
12.9968338439,12.2934576479
13.277755605,12.1910953507
13.1464731699,11.8222693618
12.4891482934,9.70919773964
12.4915133661,11.2400129336
13.5569487592,10.2210821551
13.5384468428,10.5883888051
12.5338916278,13.4524577067
13.0463132252,12.9267814218
12.7135783298,12.5637869844
12.5902864468,8.6380640499
12.9128483172,12.1501561967
13.4657252666,12.0090826051
13.0924976732,9.26649082863
13.2675277166,11.2582194264
12.9265669556,12.3167987237
12.8661446087,9.62654397483
12.3416568383,11.1058429562
12.3604537243,11.7034190607
13.1353055519,10.8571840265
12.5188885479,10.1596305444
12.9439365386,10.0043317486
12.7361091227,12.8349931806
12.5488898843,9.41312509045
12.626389476,9.11640000097
13.3735953111,13.1887888139
13.2598578885,12.5142189908
12.9401535897,12.6647263987
12.5880088,8.95731791384
13.4251951097,12.8835856159
12.5955194625,12.7386604185
12.572982679,12.3109071245
12.9393436262,12.820328854
13.3099300917,10.7124739644
13.2672022181,9.30898538479
13.295914411,12.3915666678
12.8121762409,11.7266632674
12.4244671272,11.8514743004
12.9167973626,13.3067188278
12.7368514229,8.65559206852
12.7315046696,10.9719403936
13.4646264125,8.50644620622
12.5045485305,11.4129194071
12.3758276874,9.04190668338
13.2936994838,12.7444430344
13.4462741161,10.0210540074
13.5518078519,9.07219492372
13.3532300472,9.073543627
13.4442088629,10.1631089386
12.949817194,10.6005880184
13.2303748596,8.69543357104
13.3238984338,10.8190611064
12.5628767016,9.81350474415
12.6883294871,12.7007313761
13.1681546168,13.1358840188
12.9651690995,12.4049659817
13.082085116,8.50020852095
12.6161925694,12.4173712651
13.4685911225,11.5272359135
13.0698070642,11.2014839267
13.2638417128,11.9924741598
12.2505239392,8.52057616814
13.2269373599,12.0750705132
13.0981479326,13.2721291869
12.7490717717,10.0438603429
12.4959292842,9.26648763589
13.3591250714,11.8254424852
12.8299163634,13.3716503766
12.3849123343,12.9499060206
12.5958803511,10.5088004758
12.6400280535,12.866041274
13.668555645,10.4716760648
12.3468672975,9.34331476462
12.4490009814,9.55966401026
12.6591613371,13.4008950073
13.528173331,12.7093123195
12.6263667017,9.41904397988
12.2656562606,13.0761871215
13.2378158954,10.4033701566
12.5822095782,10.3495851402
13.5165320371,11.0203902884
13.3578583563,11.0863919253
12.9037594478,8.73725272418
13.265530542,9.79952068835
12.6063373839,12.9893018217
13.550564096,8.8616002417
12.9466475,11.6620899923
13.4953644453,11.3125373516
13.1501215444,8.49617635033
12.4039241608,8.8707956132
13.3774990146,9.99298336611
12.4265963972,12.7774899245
13.5458474742,12.8360773369
13.2343898117,9.96064014351
13.1943092186,11.3899162436
13.1628977394,11.9386652845
13.425165496,8.8983428828
13.3264785509,8.60348411932
13.3587112309,10.1782114723
13.5414756642,9.68569196619
12.831947615,9.82374538077
13.2308376892,8.58898362967
12.7227931728,11.4297650558
12.4222874992,11.643461966
13.1514483974,9.08801239564
13.1184095417,12.8822972729
12.4242224881,11.741415151
13.6381974283,9.03012574808
12.7310061898,8.50897522032
12.6456686994,10.6682869221
12.5496155412,8.85460395927
12.5501225128,13.0805067289
12.9947733524,8.7990632103
13.3919675319,9.91992616056
12.5449740596,9.96379902338
13.2020540693,9.56726448538
13.1573707623,9.18283713795
12.8168700456,11.8730676198
13.0264349656,10.6572014296
12.9065327317,8.86430517112
13.1360969472,9.34781303017
13.2666566104,8.9369777593
12.9114710658,8.51315499866
12.8200810667,8.50836941357
12.3686411442,12.3448831183
12.8970931718,10.2026082108
12.8844743024,9.74027341356
13.5109336097,8.6388587334
13.5035828277,11.713873205
12.5234342328,13.029633072
12.9436611402,8.98985555472
13.4876181191,10.6564141624
12.53237512,12.6162331535
12.4154367369,9.49848597074
13.0563072165,8.75495535156
13.5205482618,10.7328008792
13.4617520602,12.7953511798
13.1878363447,10.0237172309
12.4086497605,11.1812132651
13.1515970754,12.1231981543
13.0119864706,13.1213040902
12.8080217161,13.2588115616
12.4557340675,8.50469988311
13.4293591675,10.854272185
13.6232898322,11.6753207259
12.2766871266,13.3762782773
12.8424641507,8.8032866814
12.2276408141,13.1532848286
13.4649483306,8.58058844188
13.305455745,10.0720726114
12.8500853755,9.05596578043
13.3654304341,12.4807563413
12.7535860805,12.5010512988
13.1632589619,11.7070122253
12.8390328979,12.8534580297
12.6282500617,8.80406570671
12.3856742462,12.4444930921
13.1443454842,10.9608493755
13.5504600842,12.7706089639
12.578100984,12.2060470832
13.2972782981,9.40405806825
12.7429438982,10.7958335618
12.3388808391,13.1149722011
13.3835652694,8.80598861164
12.5931670876,10.0484577622
13.5688761609,10.4840688319
13.6191420087,12.7060733307
13.1100741159,10.7144312473
13.4026792672,9.74131078024
12.3585054462,9.92975675249
12.7447716692,11.6656299448
13.2826771896,9.00781462431
12.5126943331,13.2451116335
13.0461951017,10.8108450538
12.9706402269,13.0402774348
12.9630558562,11.3413462477
13.5908456726,12.527934693
13.1708483123,10.180874616
13.3347473837,11.6078976139
12.7529621918,10.7020569563
13.6728842422,8.51006436655
12.7959497153,8.67053637368
12.5079592908,8.5812278563
12.9737679344,10.8769639572
12.550349329,9.32279604058
12.7267284193,13.1045973926
13.5705029621,9.24181790832
12.7883755868,10.2242299865
12.567174276,11.4484778864
12.7493721441,10.2868952635
12.5704932832,11.0521940009
12.3946626436,9.75665763458
13.0009123734,10.1844567586
12.4562170821,9.79960038319
13.520023366,9.36955672819
13.5153375567,13.3675387052
12.6989771008,10.3816473408
12.4740991009,8.93840767118
13.0188444731,8.90902499218
13.4112925272,13.097067921
12.6044819495,11.804966986
12.5061567916,11.7763866003
13.5059825607,12.9082074041
12.7247569787,9.06224855835
12.6398091432,11.4687317256
13.2193886711,13.2032482834
12.6730721725,11.8953781694
13.0966313035,12.7870652667
12.6069009528,12.5389553414
13.3317212528,11.2315980494
13.0776472326,12.0286526932
12.9652243153,8.57497680337
12.8851277558,10.4459159468
13.0048408327,10.0889315034
13.0961300445,13.4426167102
13.2312624168,11.4664132404
13.4730693273,11.6406984801
12.4543626746,13.3437288426
13.1625368038,12.2754941599
13.2570237004,10.3523863139
12.9592169105,12.0436735355
12.6859034899,9.25502389759
12.8116192371,9.38031376408
12.7007352692,9.52684008883
13.0399839946,8.62349057658
13.134906454,9.92645164908
13.2618197232,8.7899714512
13.1219716526,13.3656149795
12.5404573167,13.1521869344
12.8252254582,9.5029725546
13.5103086402,10.0416109193
13.5453999393,9.57961786872
13.3103809495,12.0989422097
13.3819008519,11.4882550508
13.3126013011,9.21959014579
13.0632462178,12.4232402182
13.1135612661,12.2170846235
13.002171264,12.351334325
13.5459043407,8.74529664903
13.011863434,13.300952589
13.0726394598,13.1767388883
12.8158846506,10.9519716715
12.8019206851,11.0136248428
13.0713876328,8.70297369196
13.132117247,8.92687790607
13.2115289609,10.6824051196
13.4771084207,10.2194195771
12.5419934114,11.9015675322
13.0296138138,12.147619334
12.4961782189,10.4395987271
12.8837517032,10.8951001349
13.2748848261,11.3602308739
12.9845842256,12.4753777623
12.7902978566,12.0450710491
13.3750363641,10.4478987658
12.8730262329,12.9757283144
12.3107650473,13.2061369814
13.187634189,9.25656473475
12.8479433955,11.6302817589
12.8878219076,11.9044346691
13.518766942,10.1346558812
13.3856825031,9.47647285202
12.4449689453,10.6304726661
12.6184312854,11.2665450695
12.5073698729,12.7679626036
12.3644303016,8.77602710057
12.2968600247,13.0012484734
13.2157966693,9.35765969469
13.3884900095,11.185070677
12.7823962268,10.5784815442
12.6704352303,8.71212026468
13.2132806187,12.9536186332
12.7097701727,11.9829122467
13.5279125182,11.4834229179
12.464726072,12.119378491
12.4065397285,10.0595800071
13.2739612697,10.9908943068
12.2792921369,11.5658566766
13.4742724358,8.82323328201
13.2573169184,11.8740945654
12.5465878807,12.8288308349
12.8404638666,10.6516641731
12.8115752462,13.454578706
12.6687673576,10.0677639343
13.4859719059,9.29323366615
13.422887945,10.7353972238
13.175080195,12.0301931482
13.5724051947,11.2624934954
13.2701931418,9.70906847431
12.7101521346,11.7634460219
12.6908431573,8.84080154455
12.475460667,10.3212826468
12.6767548105,13.338066713
12.7949360817,9.67204761267
12.4986948252,12.0094889617
12.9369605385,10.3111432701
12.7725634991,8.59136198318
13.4469656927,10.5891646583
12.5884532844,10.5950725637
12.7412145204,9.44545987455
13.3612662511,9.5710140471
12.7469147245,11.5517366904
13.5742369611,11.8462486515
12.4021365773,12.6961956709
12.4341478753,9.97098439526
12.5369359313,11.3426739702
13.418510587,10.647256088
12.7464220482,11.0846637224
12.9143467129,10.109564909
13.0473045564,11.5209650878
12.8729307317,9.91123075295
13.0453189224,10.3730927924
12.3455548944,13.3008918395
12.3238900421,10.3505632122
13.0697947711,9.1631894439
12.4092377116,8.614210909
12.9148080641,9.46755248349
12.8014551554,13.129985746
12.9933357623,11.9238696876
13.2167151525,11.0015432178
13.5520502539,8.98514702156
13.5757400718,11.4138571325
12.9280158489,10.6917297739
12.9976438863,10.4673488713
12.6290754641,12.6482176551
12.9550830088,9.40653142684
12.6582081002,9.85263824424
12.6348549637,8.87893723208
12.7759035634,12.7472400102
13.4472721654,12.2685214154
13.0037272639,12.7454331348
13.3592076657,9.87900406874
12.3921196483,11.308815299
12.437693194,11.3879879864
13.1438701027,13.0328571685
13.3531843887,11.9291373567
13.4369104512,11.8843583579
12.5664646912,10.2408385579
12.9655081043,11.1270665984
13.4984811806,12.352908035
12.5820885781,12.1093776882
12.9051037486,9.33087615265
13.6361433139,8.81857519817
12.781286432,12.5628428518
13.2802639924,9.62246672891
13.0153049755,9.55954216683
12.3786067532,10.8515921739
13.4026672243,9.27114451118
12.9635435875,11.2394079016
12.8709458113,11.9892571687
12.9480741632,10.5180333174
12.4507350345,12.6548580641
12.8456332362,11.5348798184
12.7791063776,8.98521173815
12.3536629615,9.83582768497
13.4315518886,13.3863658378
13.1716313977,8.75722230279
13.1903955253,11.3301713053
12.4642492519,11.0182380718
13.1506707926,10.3971139436
13.1734163941,9.83449263558
12.8641244527,12.0733864679
13.699861057,8.72679106118
12.7174136945,13.190555537
13.2503238087,11.0776717149
12.9564149784,10.9724220014
12.8189153583,11.9330404086
13.0799700322,9.51431913359
13.1976962961,12.21063722
13.6325778916,12.6174132537
13.2668112199,10.6092467464
12.3404195981,11.9036421518
13.4554772372,11.9525695521
12.9627772719,8.66903714645
12.8134886214,11.3854671122
13.5700985257,9.96302277929
12.5133590687,9.16309947889
13.0345809483,9.95188218986
13.1835461632,9.45250347822
12.9095310058,9.83246284501
13.3579741195,8.96784174268
13.4519222694,12.6903128348
12.3972624655,11.1171886363
12.9808561891,9.65818821885
12.8272680761,10.8207927613
13.3179518775,9.75994887139
13.3255841356,11.011779546
12.8225037254,9.2606112764
13.4002534442,8.61366886452
12.9813750409,11.4396391531
12.8085066384,10.7442890272
13.4215959948,12.389979425
12.4041827497,9.3740633787
12.7980263535,12.3847837649
13.5415791421,12.6172253394
13.3365004078,12.2576794796
12.7840586699,11.9801916405
13.5559044839,12.039623217
12.4577256373,8.73970199797
13.0434718304,9.88655146755
12.9923160835,9.47658347388
13.0807599378,11.8873033824
13.2237837153,12.8388048877
13.2818666486,13.319922061
12.465079434,12.870146317
12.4915670479,12.9646638327
12.9618905398,9.09852087363
12.3499480425,8.67769346606
12.6135698881,9.31204364206
13.5777204693,11.1781469384
13.0972318077,8.82310379251
13.1471491848,11.5368248373
12.6253103023,13.2410023193
13.5203057677,10.3969565582
12.3606698372,12.1135836575
12.6449795933,10.7847542087
13.5371816719,9.15162739654
13.3075818144,11.5163991567
12.6163312615,10.4265863243
13.3454891483,10.9321786234
12.4071176784,13.2022277175
13.2904814501,9.13437558211
13.24745493,8.87241244535
13.4277235001,11.0037338082
12.5330482253,10.9638224577
13.2077503297,10.3329524765
13.4611328786,11.4297090851
13.2421315879,9.07933227062
12.718771154,10.1110587715
12.6862406347,12.7787078034
13.1806173645,12.6130501719
12.5484312551,12.905098067
13.3188729767,11.45127709
12.857756451,11.0966436224
13.3659933548,12.8055653576
13.2098551099,8.91684705752
12.6934496321,9.35935563777
12.4789436747,11.1221910732
13.1987124965,9.65431381698
12.5482139197,9.60298335524
12.4985363987,11.5883204422
12.5018903534,11.4672671251
12.8694341292,11.8073094302
12.9811265049,12.5713826315
12.633979045,13.1165752095
13.1641528103,13.2231461875
12.8686675993,11.0085935454
12.9568322048,11.7496711424
13.1249242467,8.56870065342
12.5529092597,8.73918454866
12.6936760622,8.95131435229
13.3914788365,11.7160763826
12.8099591614,10.1327112085
13.5130467992,11.9543713325
13.1430562222,8.66414502536
12.8961362557,12.4986744762
13.2678184855,10.2629417765
13.3634568713,12.3261321879
12.8772760846,9.14467692655
13.2137865465,8.49576182286
13.417168232,12.0778739252
13.5057455518,10.9338201697
13.5377078059,12.3077256123
13.0101373954,8.71621250035
13.1564763466,10.6132265424
13.6148238766,8.63870750648
12.4822971867,12.3666436529
13.5107796254,10.3030399571
12.4474433944,9.42739633187
12.5103262276,12.4878091728
13.466440833,13.3076107007
13.0894386291,12.6805424899
13.1619061194,10.5073334076
13.2373998519,9.88493936054
12.8897773632,11.7171016776
13.4665456511,13.208749383
13.3909772336,9.16118345264
13.3126432857,13.0176655361
12.5237276602,10.5704602954
12.7676764564,9.75476680756
12.5988513757,9.5005843947
13.2247530692,9.16584417355
13.426063077,9.37066412515
12.6699001595,12.3210106896
13.6428954369,9.86470943268
13.4427823273,8.67772072804
13.3412978696,9.32004425338
12.7557975113,11.8460165082
12.8842426941,12.3993322141
12.3777090485,8.94132902223
13.5636276815,11.531510936
13.6705660593,11.987961036
12.6684881763,9.96357517484
13.3560986757,10.6342315773
12.8912572883,11.4651062776
12.8008323815,8.74637035163
13.0134657692,9.33241542968
12.7046163734,13.0377764121
13.0379045371,11.3671400485
13.2622368388,10.1597693129
13.4635695375,9.94673537417
12.2760277681,10.2236560507
12.8207949861,12.4554815769
12.6675155654,10.4679473855
13.5730979899,10.6696943407
12.7380591354,13.4157872842
12.5166267721,9.05555169307
13.2739228372,13.241478133
13.0844592125,10.034837186
12.7341149033,8.7865528826
12.6213970523,10.8596840028
13.1788867646,12.7334208969
12.6135017932,11.9950815699
12.2166342102,12.9170126982
12.6913900516,10.5620217796
12.652133282,10.2806248316
14.3849475296,11.9185224285
15.0406534326,11.8038540816
14.2090515743,13.0967501485
14.3593840077,9.67650617219
13.6283027205,8.92335440081
13.9103319066,8.9451436434
14.1242536116,8.95231957542
14.0023219489,12.221728945
13.9493613599,9.79506264462
14.4335587904,11.7045707696
13.872298525,13.4433827377
14.1036182259,12.5232104301
13.8873749023,12.6000348376
14.494107155,9.28674285633
13.6703591243,13.3252785085
14.0553527015,13.4008697635
14.1567319853,10.1374714096
14.5977615836,10.6899309161
14.4041680498,9.16404236326
14.5407525799,9.55142376379
14.6699713022,9.19277193743
14.7227508891,10.3901608888
13.6330649096,10.7977344353
13.9202643263,11.0921501971
14.1146082331,10.2544117272
14.5173209748,10.6256688882
13.8912936103,11.5890959266
14.8998090779,10.9308970208
14.0229726347,10.4302708566
14.6402461407,11.2398073653
14.594037751,12.1680694058
14.3832725002,10.1650714058
14.2067487336,11.3944190688
14.6137737021,12.4722830398
14.8341754305,9.77478849437
14.0064018116,9.45379605949
14.7350980218,10.5481001101
13.788430872,11.3132129619
14.2248175518,10.0746575667
14.7758218307,10.3465832421
13.8292802517,12.0662072226
14.1591819538,12.4305684102
13.8761416117,11.6793683129
14.6259923994,9.89691104348
14.4463212913,10.6439714062
13.5864330703,10.9121497375
14.3931368748,10.2417017016
14.7908293348,11.6758115023
14.4461857299,12.5596397628
13.7924534546,11.4284138145
14.2444826417,9.80382823735
14.5623940974,11.1478604633
13.9393296883,9.95206928339
14.5431516799,12.552743009
14.7441819731,9.3561417205
14.8534934177,11.5067508022
14.8644839813,12.7934007839
14.3219845233,11.9470320383
13.858832275,11.1680421709
14.9073649038,12.8518698551
14.9771953173,13.2622752204
14.3147284379,11.4525446422
14.1622204383,10.0746599079
13.8280623965,12.6809318282
14.4701486085,13.3562787758
14.9596172965,13.3942187221
13.6338136468,12.4677105426
14.9592871287,12.2752065201
14.0010532178,11.7670046012
13.693789901,9.75473021927
13.82636089,11.1004796661
14.4567572343,10.392045097
14.4272516135,12.8897492761
14.3998302153,8.61905193215
13.9664214681,9.51750755053
13.5913626567,9.40882340306
14.7880490582,12.7691226134
14.9255733494,13.0982702106
14.4568887237,9.52219137531
14.0959116008,11.1710287247
14.2336450539,9.2359063208
14.7486290927,8.7195387149
14.0538237763,10.5336579767
14.8444803678,11.8520153334
14.2646945109,10.3341330612
14.0488492648,9.04351753487
14.6978777574,10.3067945123
14.1970928189,8.94349776857
14.6224427103,11.9091505731
14.481849566,11.4331606974
14.8114148967,13.2224208562
13.7958953198,10.7389312214
14.8656806558,10.6045030029
13.6554379747,10.7354817298
14.0584123325,8.77153901465
14.4601150209,12.4774198887
14.3488949933,12.8662067486
13.7895189862,9.75708899082
14.5809544533,10.5944860371
14.1166835656,10.0270595484
14.3811261229,10.70701589
14.7232776046,11.6134446351
13.77352557,11.2269102337
14.437773476,10.0277125276
14.2931009003,12.7947853858
13.9368308934,11.813584743
13.9601702573,8.49082522456
13.9115301509,9.866401966
14.1423430364,13.3344984576
13.880660504,10.7707955412
13.904050339,12.7033623103
14.5193745658,8.95644093226
14.0122404879,11.956779225
14.301265945,11.2462591885
13.741356615,8.95883600872
14.3914384155,12.2830724229
14.4474237263,11.0953954017
14.5923823024,9.01217717483
14.168020514,11.6027131589
14.2523945645,9.37863036746
13.7291402259,10.2257553605
13.7769701065,11.5327224929
14.1291726029,10.5857699194
14.0471217752,11.4372725173
13.8914313673,12.2612887463
14.6344220297,9.80752727608
14.2070927778,10.2963531385
14.4440384882,10.1325587148
13.8621256662,11.2575767992
14.3923898057,9.81238197412
13.733124694,12.0499664476
13.7301046667,8.8476017437
14.274857782,8.97847092519
14.3016754907,10.258062219
14.1737528483,11.4780091469
14.3703116099,11.2955026041
13.6902487075,9.43175679756
14.6345536309,10.2239769696
14.7985125511,11.3732733678
14.457012282,11.2005138563
13.8279652325,11.9128238249
14.4276874896,9.60362741983
14.0629839046,9.63987902913
14.3197741035,9.76109931671
14.7120338194,8.99929619913
13.9815959935,11.3815567151
14.0162141925,8.95561849207
14.3683044733,13.2270470505
14.7111645764,11.777079802
14.0932547089,10.4848316812
13.6885863946,11.6098311783
14.5485736613,9.38438521809
14.2069891367,13.3980367717
14.3844411664,12.454072709
14.6583138207,11.5400250112
14.5406099827,12.8592531927
13.837535527,10.1792268194
13.8158212295,12.4622065624
14.6124265828,12.8281878259
14.7858921944,13.2951197265
13.6610416515,9.26768828092
14.4932101341,10.7560245259
13.9202509968,12.4321515829
13.7254712862,9.92871012886
14.3158045939,12.5575594239
14.6634035323,13.421767062
14.5210003322,12.3212247802
14.5347904738,10.5506738563
14.250241917,11.648537502
14.5678640904,9.83040002815
14.8627916759,11.4161376483
14.3541943299,8.96591630031
14.0600576057,9.209764195
14.6294780358,11.7967849021
14.1719504912,9.76733185543
14.0929773274,10.7115420732
13.9462611199,8.75170730509
14.5349337113,10.2567258683
14.479982546,13.4446023155
13.7910594799,11.9982403325
13.8790255108,10.3469685206
14.6156756962,10.5044631745
14.678684977,12.0419701459
14.3204908814,8.88948880578
14.4238253255,8.70201332793
14.1079179793,10.4210745086
14.0825267649,11.5088531499
14.1587674546,9.69122212303
14.4032175107,11.4859451102
14.3988750477,8.82797262151
13.9586865179,11.2885283503
14.390923481,12.8089275514
14.926589629,13.3401492568
14.8022133893,12.0366259741
14.3520572261,9.56480299372
14.0756582633,10.2086547707
13.7715463875,11.0646851155
15.0439192527,11.9520624592
14.7597372221,9.69016801579
14.7056776525,10.4630239424
14.9306855165,10.3143364867
14.7912793027,10.1784868065
14.9538695441,12.7825960262
13.6881868189,11.4505618115
14.7339422117,12.9053326582
14.4903146665,9.03064218641
13.7546726511,13.0184802537
13.7230912206,13.2371714199
14.7467050854,9.54995788953
14.6281046984,11.4082598827
14.0075596303,9.56091855156
13.8366363545,12.3626861632
14.3012891352,11.853710545
14.4299082087,12.159834102
14.6758499153,10.1151421488
13.8253383123,11.7404230302
14.1855565711,13.1879959293
14.6737729774,9.99826245827
14.2073848077,12.2246472976
13.8227401835,10.28094395
14.5503621299,13.1094274555
14.528435589,12.7045756562
14.3232141036,10.536740603
14.1086313693,12.1971492128
14.3464843135,12.1271085431
14.6136461722,8.84282350353
14.0161412741,9.09001925636
14.6254319445,8.51207395381
13.7228042295,9.06838016066
13.6958248247,12.6289100579
14.7001576018,12.8090285162
13.9187994862,10.2283742865
14.879022937,13.432229004
14.3946559611,11.2429092234
13.9038923129,11.9616159606
14.2276059732,10.5751471907
14.795359305,9.38543761151
13.9744036374,11.5905592519
13.7763915549,12.090443513
14.3098000873,13.1238497211
14.5459270386,10.1047738997
14.1557058988,12.1031672371
14.0045659402,9.27225333711
14.7070581538,9.84247991869
13.7189053598,13.1380920264
13.6981957508,12.284020806
13.6716926695,11.1511653115
14.3089966809,10.0343196181
14.2542301674,8.83613130666
14.6953318607,9.61818448598
14.7004737187,8.81019535938
13.8940571438,9.24496753548
13.9706056205,10.5153653351
14.8616247781,9.6141961394
13.9589458369,13.362075295
13.7635757209,9.99407713343
13.8738684811,11.8445937985
14.5315901715,11.2599545445
14.0178629254,9.88383495462
14.6399212081,11.0710900633
14.7872384815,8.88019291281
14.7841168095,12.1721509891
14.0741615924,11.8117002172
14.1511973588,10.299256039
14.8383979476,13.3475582612
14.314200434,12.4798242955
14.1214691505,8.526955149
14.9685724902,12.436523877
14.0698658685,10.3328220766
14.1808651847,10.7783686952
14.7298442859,9.17555723075
14.8590578524,8.91971761407
13.6238118733,12.9658362191
14.4606898969,8.95674182137
14.014963043,12.9158487098
13.9118535348,11.746318405
14.6113674177,11.4696631372
14.2548016517,11.4362455475
14.8284586206,10.1234579368
14.2155737456,10.8828516037
13.9681988518,11.6692925285
14.8418126776,12.2078345638
14.5727976031,9.61847375841
13.8383118962,10.6694686158
14.5796206942,8.91688146646
14.0397800956,13.2147055278
14.6581977832,13.3134890393
13.9334087912,9.05276479093
13.938113583,10.9850093439
14.3121998507,10.7830301071
14.8693877283,9.39058717021
14.1208274027,8.62913613353
14.5205191235,9.8871996395
14.0913548171,8.85436148093
14.1160549418,10.9556621372
14.9038635957,12.5765888395
13.9516042042,9.56839478048
14.8142390436,8.99601492005
13.8144395602,9.05095851594
13.7293554443,10.5209917017
14.9675494096,12.1434700745
13.8479560939,12.8273702769
13.8078421076,12.1739480061
14.1630256173,9.19900062693
14.4781774862,11.941898283
14.2480856501,12.4323598534
13.7725401884,12.7922621852
14.1352246738,10.1952567481
14.2456687871,8.90532474769
14.2069405465,10.6732080636
14.8997673521,12.406953224
14.8347234087,13.0864725923
13.8070810668,13.1924271139
13.9812550532,10.8178068642
14.0189778882,11.0218937752
14.5552852518,10.2008928015
14.7673794505,10.1268170756
13.838365183,8.96918303464
14.1277160004,11.081491226
14.8216676924,10.8907169343
14.8951380044,11.0278193229
14.968720398,12.5130617876
14.0923192025,9.12370844526
13.8056285441,10.5779159605
13.8828950492,12.5197314802
14.4902543821,10.9546702016
14.090418168,8.6876442357
13.6986190803,13.4152887248
14.3781299514,9.44957665727
14.4990382146,13.0344464899
14.083429375,12.1064751938
13.9838128316,10.1718381449
14.3711663546,11.1699998997
13.7129139944,12.4578751678
14.404301831,8.91845071668
13.7564302468,11.1390170484
14.3804292118,9.2755902619
13.8438303751,10.4355910124
14.8238971531,11.5922032419
14.3982809972,12.040340322
14.7390193535,12.010130397
14.2217202417,9.13430766904
14.2606860603,10.512283279
14.6122794462,8.74404176963
13.7821490335,12.6014977837
13.8612893326,9.58229906606
14.6667802947,12.5659356696
13.7676060883,13.4547399302
14.7434712981,9.44340278712
13.6749357353,10.8941332277
13.6132142154,12.8852100586
14.8412235336,9.4927246003
13.9123183453,10.6825918682
14.8202643929,10.2631747617
14.6631125064,9.36935120936
14.5363827996,9.48102230628
14.2529495087,9.70498509917
13.7381083229,12.3656338767
14.8739766111,13.2739912966
14.6547292549,10.600406159
15.057175413,12.5771709123
14.5385768029,8.50346301089
14.8719496678,12.3030494861
14.8553186246,9.08776994049
14.4993917982,9.61009168696
14.6988368767,11.9527832081
13.722885614,9.2126242641
14.5845534128,11.5844939259
13.6048515854,13.4019048924
14.0142665895,10.2463353178
13.8636121869,9.13741828368
13.9104501318,12.903473939
14.400107844,13.3052890966
14.2459108933,10.1652907212
14.5459136232,11.3697271827
14.2431518696,9.62824547624
14.2101167048,11.7316327664
13.7322781201,10.6792327973
14.1183350254,11.2754887344
14.0384625482,11.2266980804
14.6545727626,12.9023671929
14.5431945471,11.0268333882
14.0079741508,10.9141059311
13.8137903546,10.8509552165
14.7445443708,13.1113445168
13.9089568599,13.0362886296
14.2875882891,12.202472985
14.0950691209,9.00996699854
14.8218857144,12.4482226751
14.1682979385,9.30921095443
13.9700734527,9.71169930761
14.33991436,12.2359976362
14.9337123053,11.7802542226
13.6217410833,13.2532527715
13.975836976,13.4492297554
14.8690834318,13.1803694201
14.3244810076,13.3024702798
14.0893928341,11.7015572672
13.9242215905,10.4243945202
14.1066612262,9.82330646799
14.0364095724,13.2972776736
13.7086780028,11.7316351069
13.9949849444,13.1455772498
14.2810004597,13.3792051009
14.1811530429,10.3723409165
14.7799520288,12.1095198562
14.2851950898,12.0273073194
13.6855703081,12.0763623789
13.6265078403,12.1433169998
13.8053621495,9.1973529951
14.0304037619,8.7139734842
13.9586538599,9.36236328036
14.0238250521,8.50207468819
14.2894265838,13.0234993992
14.508147215,12.9453226825
14.1952540588,11.8401977912
13.8330559118,8.88325465933
14.6431995995,11.3368434318
13.6471931677,12.39046617
14.4725295679,12.8087187923
14.1941060477,9.51485548611
15.0062325153,12.1997653284
14.8563458393,11.7522174738
14.968039547,12.6676359452
13.9802725428,11.5093301125
14.3778616086,9.92632733534
13.6521309003,9.34371643382
13.7832722787,10.128690181
14.4004925566,13.0567836525
13.6787838678,11.0471800394
14.4314477461,12.9700376628
13.8296386817,12.746670923
14.5462354718,10.827852224
14.6899478953,12.1487351076
14.4276654811,9.73474043801
13.7778016126,12.2760914224
14.5529709488,13.3113417335
14.0423846062,12.4190204132
13.9045593473,8.55859725206
14.1084590297,9.24345439181
14.0025871582,8.80246235417
13.6823785333,12.8068776487
14.2487547139,9.56546218279
14.758723858,11.5233092642
14.7625771401,13.3861234842
14.3794478891,12.6070057626
14.451600676,8.51222168899
14.4724820216,12.2282116816
14.3523735208,8.74443973646
13.955197448,8.86961551588
14.7971617592,12.548990099
14.6364017052,10.8977995271
14.9249262136,12.2085758344
13.7310829532,10.1525546497
13.6624787879,13.0519794709
14.5358559459,11.8581614927
14.1172785153,9.74885447213
14.1575520419,12.6219971427
14.5941962256,9.1311308263
13.6715689732,10.4095856974
14.2014176579,12.0569489174
13.8522203806,9.35670168403
14.5972179867,12.6451237967
13.9823710967,10.7190284481
14.4749566286,13.2458649504
14.1783035555,9.03873544656
14.219870962,12.5247668142
13.8528581653,9.81679546111
14.4333778335,9.36437648871
14.5989158631,11.7091569649
13.9406987549,12.0580957561
14.122993175,11.375624491
14.2261621209,12.7055157122
13.799866388,12.8917204655
14.1702134758,9.59295633504
13.9827704048,9.16407846917
14.7095769746,8.5010550051
14.3667842389,11.9804597617
13.875575319,11.4796467657
14.9089439401,10.2124071788
13.8435307956,10.0536598273
13.7399167129,9.53904832781
13.7229934206,12.133389541
13.7541956371,9.35787020507
14.2789063562,10.4288186742
14.894107644,12.9401377553
14.2634081798,12.9107182176
13.8404969565,11.009221125
14.5027990307,11.5515229443
13.9446299203,11.8829915423
14.9880082215,13.3423855993
14.8953145845,12.7336464611
14.4772081832,8.65292033851
14.1576305904,8.70180775294
14.5935170694,13.2143522784
14.2670306262,12.6177356818
13.9113421676,10.1367456331
13.9439296738,13.2628898051
14.179334214,10.4813569834
14.4611194567,11.0084175968
14.0472481742,12.2920218432
13.9561475315,10.3244791715
14.3174498626,8.80749135217
14.6846024101,9.77136428781
14.9851314032,12.0496021696
14.8125011037,12.8688618644
13.7455833291,11.9182047383
14.2321742239,11.0070667471
14.1805007575,9.85899827442
13.722844001,8.62007987104
14.2391261895,13.3019945124
14.5109949969,10.4656720498
14.474886536,8.77286305554
14.5470707752,12.2055859245
14.2740226035,9.4807017347
14.5669783792,8.60754682952
14.0651674047,9.36873861647
14.2200512247,8.6166235945
14.6074872464,9.26739211587
14.7572807077,10.7758306937
14.4114908996,11.6007655241
13.9416814481,11.4378066277
14.560256115,13.4047709703
14.2616989084,9.91545969183
14.4287465453,12.7222086649
14.7280275963,10.6644111119
14.8764340562,12.1122638037
13.7386486483,10.4339438528
13.7328017718,12.7087291664
14.4773259906,9.13185650692
13.7885287948,9.13150199354
14.4958827946,9.79022697868
14.8482264947,10.8237791422
14.8059280022,11.2227726254
14.5261067455,11.7614152311
13.7967960433,10.4849097249
14.6398159441,9.69140388488
14.7007493577,9.10784650902
13.9799017304,12.3273026547
14.1845695326,12.7983624317
13.8049508528,8.77686076909
13.6928236021,9.98674870363
13.6298825745,10.2683561674
14.1154978846,11.8882854977
14.5240981494,8.7039910005
14.8686129496,11.3060986283
13.9693898679,12.6337032838
14.1614468446,9.43286318291
14.9858560555,12.3554124136
14.0704638693,12.8109814758
14.067327244,10.1180747903
13.6470591534,12.2451223396
14.7592393329,9.92540468331
14.2841817422,11.116026544
13.9494570048,12.9740069335
14.2794942539,11.5382077436
13.7846953361,8.6782716466
13.7793767454,8.5258528653
14.8461802096,10.1819876665
14.6219930806,12.7396142405
14.3767371037,10.1038860113
14.271925792,13.2121189707
13.7799459043,11.8290248728
14.7287519226,10.2158199685
14.385076659,12.5218046842
13.9482068965,12.8009013457
13.9085189794,10.5999830278
15.0467827136,12.4393532188
14.3850653407,13.1481952799
14.6832145336,11.7030150406
13.6121537195,9.49711034809
14.4705782486,8.59177864634
13.6420875232,10.1669231425
14.5496607036,9.9840887222
13.6807814901,12.551146967
14.3194895889,8.65580796426
14.2118885707,11.93793055
14.8843743045,12.4980184227
14.3311387082,10.1396891528
13.790063358,9.27773641385
14.7824997862,11.1409727506
14.016341068,13.0340897465
14.0208427009,8.60381225206
14.7913658925,10.6078628842
14.0311880701,12.0540300288
14.5870848138,10.306815375
14.7239621497,12.6787725473
14.8317275996,8.70110990597
14.3405347212,9.34886052909
15.0285960165,12.2706449037
14.7807114894,11.7639037174
14.9599242893,11.886485312
14.0456419578,11.3195024536
13.8488949023,13.2648421757
13.5790548914,9.33295598261
14.4895255989,8.87994337803
13.9557200154,9.63786995826
14.2962306482,9.62439062505
13.8731780517,10.5067234878
14.1975742115,8.80890722884
14.4726862895,12.6333971615
14.5459282014,12.7827743908
14.770540637,11.0679958729
14.5605199608,10.9090679811
14.451047619,11.2773014373
14.7845050904,12.3672880892
14.7259570539,10.8988594315
14.1836136879,13.2548327957
14.3230813968,11.6374532609
14.2103279087,11.3104074832
13.8751490926,13.3442453448
14.2552916018,10.7710458213
14.8863578779,11.9759918902
14.7100081768,13.0373524314
13.8948542968,13.1758631861
14.6786554043,10.7283444533
14.3961719349,10.4701402379
14.421522646,10.9587886057
14.7184408263,11.419921488
14.8370619378,11.0729452044
14.7802665839,9.09089837371
14.3246946135,12.3906872987
14.3893620316,12.2071268299
14.3827465689,10.809362644
13.9521956403,11.1810012738
13.779879422,10.920375573
13.7131493546,10.3327099726
14.7076800582,12.9631425141
14.0865080887,10.832837548
14.845111377,12.6584402179
13.9447526791,10.0516318236
14.7230222399,11.1984644663
14.2020514548,10.0037819665
13.9118083685,12.3491522653
14.6391464578,10.9756582871
14.3626244395,13.3721840548
14.1402017645,12.3143529342
14.7209223193,13.2113461241
13.7938025353,11.6456665035
14.2290917102,8.51022431931
14.3525925703,11.0253658439
14.843631745,10.3521725726
14.5331968997,9.69333997511
14.1832594207,10.2393531688
14.5789950473,11.5218016496
14.7061824401,8.57412342998
13.8951465779,8.81050060326
14.471040783,10.3044750712
13.7186857994,9.29602856863
13.7956779059,10.8009477222
14.7404277294,11.2995988253
14.5312503066,11.6549852016
13.7569426389,11.0031779253
13.7135864661,12.9368189185
14.2861991652,9.2951730351
14.6535151626,13.1152732409
14.3065380103,10.6242971733
14.3391665669,8.52985860278
14.1198085415,12.0135119853
14.406615163,13.4350637459
13.6511903107,9.56130448519
14.6351147412,9.47993676894
14.0184398172,11.8595747508
14.4275542748,11.8245663704
14.8045147699,10.9902629558
14.3280211998,12.6906640627
14.6062684667,12.1079756449
14.2828834663,12.2967613289
14.9069887216,11.1106973189
14.9864339885,12.98787932
13.6392425473,9.14405040248
14.7223254687,11.8594113976
14.1444792139,13.4213070958
14.3337408835,10.1929747578
14.1301005268,12.7185198457
14.0226411607,11.1280043323
14.7649388952,8.62904696421
14.6909979801,12.3499113642
14.4750436852,12.0431129429
13.5981046245,10.0682179832
13.8776052769,9.70819709005
14.5382288835,12.4215958536
13.7569247147,9.84240790204
13.6527882442,9.95387527563
14.4252148306,12.3778542527
14.6755930623,8.91456401392
14.7512861715,9.78649629135
14.4605058666,10.8707305057
14.2879481697,10.7204264088
14.7799425357,11.9471106896
14.0800289351,9.28749835345
14.0574289333,12.612568558
13.6433130863,10.6788424623
14.5230732944,9.20755070777
14.5728020537,12.020256094
14.7984847677,13.1612935251
13.7752631906,13.3488483751
14.1039784146,13.1331351173
14.787154921,9.83935302482
14.672458495,8.6554277004
14.1482013496,8.77601500184
13.7508263634,12.8535463518
14.4107428341,8.99380351583
14.9044359265,10.7521135081
14.6695900966,9.56350181464
14.1257848455,9.9359294772
13.7179692722,10.791986373
13.6701149844,11.2542778567
14.634378869,10.3932862998
14.2894992962,9.07579364586
14.7181392038,12.453846333
13.7082488341,10.0711534847
14.5983194682,9.56319117665
13.9277467078,12.1589193374
14.888078333,10.3960548908
14.7938037878,12.9816339049
14.5124290191,12.1279939672
14.4680970621,10.5402096045
13.9645551591,8.68335595875
13.7191124413,10.9666012574
14.2531015496,8.73938915442
13.8235457815,8.61482917511
13.8020203947,10.3791521312
13.831151687,12.9738858899
14.9536300493,13.1698455321
14.8262449264,10.5413734389
14.6644187523,9.04727162409
13.864565832,12.0267234075
14.8329376884,10.6852323425
14.018129238,10.6177584318
14.1129312711,13.0414011535
13.7170502258,11.3537818464
14.7141207458,11.0971717148
14.4281901094,11.3640055107
14.8239512185,9.18316365536
14.8059025571,10.4387877115
13.7100304354,12.2115410557
14.4801794597,10.2091202844
13.8987846573,9.46228574966
13.642597718,9.6497459426
14.4613627017,13.1425384466
14.8576791133,11.1698821471
14.6417360762,11.6259010071
14.0857805473,9.52194596083
14.3898003038,9.08989628812
14.6060055414,12.3656373905
13.6486804456,11.3669452143
14.3153943304,9.83888072461
14.3664026927,10.3496064782
14.1911228254,11.1934754102
14.5842142316,9.76731458275
14.4699410323,9.43661706041
14.6655486807,11.1513545767
14.7539667415,12.2604623821
14.0281816583,10.0033468982
14.0334652679,12.7030046371
13.9850814791,12.5266344942
14.3484692229,9.02525090877
14.1389201181,11.7945289432
13.8691124222,12.1088788782
14.1132561824,13.2368363604
14.0512305786,11.592006254
14.0412801623,9.75152386871
14.732639647,9.26566496088
14.1906335769,8.8719338575
14.8978223729,10.4570459469
14.5465668371,8.80915389207
14.6051877126,13.006919621
13.7928091467,9.4412204752
13.7628645512,9.66088659109
14.8956774581,11.6678529761
14.3972930164,10.5806010349
14.5333298039,10.3734469436
14.8052685702,9.32355150137
14.1857229518,12.9930864726
14.0069402357,12.1274510056
14.4511302004,9.66914057428
13.875902522,8.6917132068
14.3145487029,9.1825374503
13.8129742627,13.0915559985
14.3583906796,12.9493806789
13.8916863788,10.898802936
14.4448045366,9.87591901198
14.6084635032,10.0392434786
14.6342492597,9.6059183756
14.4475360669,9.21576329409
13.8772911457,11.3662767813
14.3107845646,11.3630204173
13.9809788169,10.1029999255
13.7596871024,12.5155640428
13.6320855587,13.1606206802
14.7169238425,11.0109409993
14.337626117,10.9055633537
14.4610567969,9.93520530448
14.2241525457,12.3665050247
14.2363301857,12.1311807613
14.3283600332,11.7371607882
13.8357619377,9.92636974041
14.1002196521,8.74039616997
13.7287325347,9.13686644011
14.5402454155,11.4679285094
14.9058081225,13.0276514445
14.1527014886,12.8941299026
13.5891193236,10.9879883469
14.0948059881,12.9672403936
14.6249464215,12.2612311711
14.6338456753,10.8087435853
13.6366659335,12.3084350645
15.7826638441,12.314708717
15.8048579578,12.1488491575
15.5166650311,12.942633667
15.3955314078,9.17593360238
15.2592721384,12.7564675008
15.3920473852,11.494431733
15.672285692,10.0984306543
15.0964253067,11.8849041996
16.169209028,11.8647392083
15.162164698,12.2660763542
15.253676922,10.8433279485
15.0073521331,11.4057554984
16.108505448,11.0142538575
15.3019269678,13.4140917104
15.3115188918,12.5976221552
15.5740257594,11.2674998867
15.0634712947,11.3153701604
15.5792671656,11.8001678879
15.7001469606,9.14124831931
15.9564376853,8.71411322244
15.5434790022,10.5628302306
14.9687869326,11.2779133445
15.7554255503,13.281770076
15.2775122107,12.3226798007
16.1081447935,10.0959735862
16.1205390039,9.68599459606
16.2799848824,9.73979675069
15.2528072232,8.98701830088
16.0315077007,8.79120950709
16.0954821171,11.5351986377
15.4697556876,9.22982311783
15.1927185266,10.6068173506
15.7926638433,10.1334197633
15.1729122826,9.68796643434
15.0961117196,12.3394481433
15.841729454,9.33632758458
15.3990481324,11.5798508031
15.7478840604,11.3800985433
15.7787142814,11.1003309866
15.925359334,10.1609126898
16.0454960993,10.4821915134
15.5506643997,8.75265764968
16.1288254654,10.4756661055
15.6818839409,12.6786081733
15.9285303533,11.3231338417
15.2710815612,9.5496135236
16.2177187784,8.51412347491
15.0385447623,9.93457967703
15.4308617033,11.0786589173
15.3478158441,10.9905035843
16.1039458908,13.2043548932
15.002524931,11.5944506125
15.5495347876,11.9756957304
15.6695743619,11.4282481343
15.8925448621,12.3190744267
15.0041056579,12.8750425175
16.0622934183,11.0568470891
15.335833652,9.11568065392
15.6137576707,12.120524235
16.0290834806,10.7819305291
15.8435014409,12.9104427829
15.9101798392,10.911801146
15.1706884866,9.47428086982
15.5733535335,13.0479153908
15.82420985,8.77808089324
16.2909269874,10.8561017045
15.3183195062,13.274122976
15.7745337497,11.7821061659
15.3625996599,12.51578393
15.1477669145,12.1931884754
15.7554619471,12.0713900572
15.5167211793,12.0479035208
15.6039114753,10.724986054
15.4296153334,9.09128448765
15.081734607,9.71166982819
15.3544926483,9.02116835018
15.7808200139,12.9322583529
15.9025962402,12.2295347103
15.3375010685,12.9342124075
16.1992692875,9.68158121132
15.5854465011,12.6141595742
15.974443353,10.6321074243
15.696555624,10.9058937796
15.6684244684,11.2666842544
15.3305385555,11.3098746218
16.0672697493,9.5079454097
15.1807566149,11.1246107019
15.0303891732,10.0188481721
15.5906549881,12.9707211573
15.1937345843,12.3401838651
15.563514025,12.2183836028
16.3352140888,11.7587909567
15.4556314107,13.3777306398
15.2276490723,13.0372292177
15.7902077139,9.67020776185
15.7151584014,13.2382525317
15.0883171629,10.2221373489
14.9718378814,10.4522126871
15.6861649107,11.0537952381
15.1555462873,13.2765729188
15.5110769171,11.1162204317
15.094341647,12.8398189185
15.0992354396,12.0399075656
15.9769352983,13.1682895248
15.7120413767,9.01645741246
16.0084835632,12.0553216654
15.5923277596,8.52053994455
15.1615854048,10.8701858777
15.629940093,11.6336814743
16.1445301672,11.2464765668
15.2648848285,10.425238634
15.4204678574,9.88164030705
15.7568742648,8.81250430084
15.5024239581,9.81066572642
15.8789154016,10.482080342
15.9431342615,12.4251115879
15.5304780252,10.7773568345
15.6786007896,10.7218380186
14.8072601297,8.52875782153
15.7025192795,10.6575678167
15.5026806883,12.5421135003
15.9124926006,12.1140209364
15.9667568648,8.62703525288
15.7238980454,10.3894389679
15.8636063617,11.7401442794
15.2991590048,12.2372894141
15.0847352756,12.9257887432
15.8859200667,9.96767334704
15.0237485657,9.78878348135
15.35978801,8.51471848437
15.8989289786,11.9985209945
16.062624943,9.31616644628
15.6451391782,13.0600674479
14.910278564,9.14309956483
16.1344749654,8.85648411305
14.9542582172,11.4903169512
16.0241403867,12.7066592592
15.9336821148,10.720039373
16.1295111613,9.89489128735
15.2192476393,12.4275042086
16.1086481025,10.8187922597
15.0989821125,9.10627361634
15.2993593191,8.90528995958
15.5432564619,13.1132379481
15.634138748,10.9619266994
15.5934093618,9.6185323255
15.9479527011,8.97127399162
15.7377021862,12.8564609168
16.1148472177,11.924092847
15.1141594514,9.21115248336
14.9588403956,9.36562557538
15.529269057,13.1868024988
16.2166753073,12.8829648318
15.5711410472,11.0897739492
15.2359174194,10.0092758665
15.9589185869,13.3197856209
15.448721075,10.5060424769
15.9852062657,9.06378196573
15.9188841836,10.3662959677
15.8318324489,11.3415920045
15.5068549147,11.5707331389
14.9885222591,10.900703142
15.0566499116,8.60125562872
15.0794288066,11.0740446451
15.0758146046,13.234413435
16.0271648163,11.1342416563
15.0233674649,13.4033920151
15.3739817913,10.2427269992
15.6114240697,11.9086072489
16.1169292714,10.6517407067
15.2322630603,11.9077568249
16.148971481,12.0427452376
15.2935215416,11.8658278273
15.757752737,11.4716703615
15.5578275178,13.415883133
16.0547701898,13.4384014115
15.4959580858,10.0973692886
15.7272677838,10.8167953403
15.9958044383,12.9049207103
15.2963543122,8.63618524737
15.0968459689,11.1487790594
15.9676929104,10.441218643
15.3889629101,13.3299516553
15.0780784565,9.54659032279
15.3848181303,9.77329710124
15.9413384603,10.0675687812
15.3304844741,12.415209687
15.9468110868,11.8227472824
15.9051115142,11.6324959022
15.2253794495,11.0060584327
15.8951624725,11.4975181959
15.4612902874,11.796003992
15.1675943392,12.8000380308
16.1031965905,8.52971736643
15.7369120838,11.9593272431
15.5989218222,9.82728898848
15.6858258664,12.3369728031
15.6142781887,13.1273269829
15.9237089136,11.2259405308
15.5846112685,9.33715086691
14.9353555313,8.96417384903
15.3399291165,10.5249520369
15.5768928644,8.8435941454
15.7004825981,12.929195751
15.5572099788,10.0373899373
15.1858204481,9.28123229113
15.9631495646,8.86722901343
15.1019488671,11.6894540804
16.0629913546,9.96695592504
15.6199247169,13.2264704328
16.0333119542,10.0554603961
15.5277313176,10.3773002226
15.2545425783,11.2204421017
16.2614646177,9.1257173989
16.1582098969,11.7414352099
15.547368652,10.6650459752
15.0516590445,12.7576139787
15.2381324193,12.0295691907
15.2383356806,9.41420630718
15.8073687491,12.6329226653
16.3038099293,11.5999774979
15.7016532951,11.5464905455
16.0744514978,9.09503303808
16.1339165229,10.2718244443
15.32712945,11.8047537031
15.6991377819,11.8444549717
15.196141787,10.7556144652
15.7159557831,9.26455046744
15.6190529599,8.69137121214
15.5237118017,9.44302114322
14.9021127925,8.84556373377
15.2942042996,13.093312869
15.7747991639,9.5853315439
15.8097126866,12.2393546182
14.9228240714,10.5390671518
15.1976526181,8.73882881264
15.844033114,11.4349146589
15.4793665871,9.34888057712
16.0374860502,10.6861790156
15.0305513059,8.75673946835
16.1470874896,12.7461879308
16.2091955445,11.0115382927
16.358646886,12.2709598212
16.1396168556,11.4130676838
16.1155653213,10.4180599479
15.9493187507,11.1150965318
15.2886764897,9.20771657946
15.6584968319,10.5791358953
16.2218963762,9.05015041186
15.8384448547,9.94610359957
15.1725337584,10.0269124886
15.7596447612,8.8821791949
15.696950079,12.0544717243
14.8900281522,9.28653274047
16.2003652999,12.8155457293
15.0408650176,10.7070099613
16.2720427312,12.0203902853
15.8406064257,12.4570802621
15.8008282183,9.29173137136
16.2873302555,11.4597926523
14.8650568481,9.8763066716
15.2793285583,12.0788709483
16.1706965845,12.5722509758
15.0480822498,9.43192538239
15.2064181698,10.4927905967
15.8924032766,8.63853019091
15.3255782649,9.70442048374
16.1772533606,9.09064029023
15.6130201283,12.4756229339
15.8119298216,13.0927494671
14.9578795769,9.86088767898
16.2549172423,9.92032260593
15.3625029787,12.8695767295
16.0463989639,11.3260443107
15.1331925585,10.318305229
15.3027334822,11.9281630349
16.3014509613,9.40410748248
15.5381125902,12.8432168984
15.2729264847,11.4168356568
15.4382891485,12.0933894552
15.8898126164,13.4585340773
15.4439949142,12.8148761048
15.0640354894,13.3246549404
15.8307382229,8.8595223332
15.8977090125,9.87765076874
16.0555048038,10.5907328786
15.0714292407,11.4885015149
15.3300392609,11.6179135537
16.1893725148,10.447664385
15.143869472,11.2328987116
16.0496259313,12.6018603183
16.2599164119,9.62965557916
15.8864028719,12.7190178941
15.1030728174,8.56293153519
14.9316694194,9.43723211882
15.9461835763,10.8156798922
15.273058395,12.5074075598
15.0181383746,8.67024978157
15.46250132,10.9606323975
15.5234230734,9.53044111169
16.2346580576,11.26346969
15.6533380894,10.032815597
16.3440392643,8.96049829378
15.8144717786,10.0214170929
15.5454405348,9.263092958
16.1709824419,10.0812651667
15.6358852924,10.8702089433
16.2249080374,9.38775847727
15.8020269357,8.62067917418
15.1980429641,9.84506909586
15.1089785547,10.9694761331
14.9819366883,8.5972377869
15.2886067525,10.50338983
15.4226292417,10.3284115936
15.1806626343,9.94301703937
15.9601221165,11.1693440659
15.3595548474,9.50988117763
16.1172333923,10.7344172638
15.5116601725,11.7388246392
16.2086385445,13.0428259109
15.7125541331,13.1397422003
15.0637514074,10.8841356576
15.9785766773,10.9867911385
15.1772826837,10.3970423545
14.9877455596,10.230566885
15.8002760473,13.4531873853
15.2108171394,11.9717081394
15.3912217579,11.8889854935
15.3465612377,12.0902376173
14.9233425505,9.7903378319
15.9030944612,12.5165702962
15.0986975263,9.95157929454
14.7787959536,10.0422799449
15.2888542948,10.9301345877
15.132025565,12.426267708
16.0611425327,11.8685660123
15.4801984114,13.0373382895
14.931280176,8.64037541393
16.305469906,11.8331816038
15.4477173122,10.8502899857
16.0195883057,9.87952410513
15.743396807,10.9826485467
15.2792715375,12.1557960973
15.7014245451,10.4775992139
15.7649153184,12.3937243282
16.0482232313,11.4150930764
15.2773759448,10.6768244722
15.4582743311,13.1425587347
15.7311502181,10.0666353798
15.7258018514,9.97962452472
16.0879214087,10.3549719551
15.7171114393,12.236990869
15.077791769,13.1666913099
15.1109845984,12.4958862345
15.4134518947,13.2764551413
14.9910650058,10.3826961558
15.9939876727,12.5182479664
15.6328581515,12.1817740618
16.0457561281,8.90538179229
16.2966044645,12.5284613044
15.808207398,11.1979383732
15.3401835483,12.7879753208
16.0738596547,13.1416790841
15.9760877464,11.7120252552
15.8935642027,10.0193778865
14.9465131641,9.95556126778
15.6200398877,12.2808409027
16.1888027766,9.43476647338
16.1991411976,12.1358768558
15.5338640736,13.3439130578
16.215686052,12.3389990722
16.1759738898,9.24408671816
15.1475409268,8.50691569161
15.3670185416,12.1674108181
14.9250819264,11.208487803
15.8456176998,12.2995537409
15.0224276094,13.1893295655
14.9346143445,9.07132967059
15.5769360996,11.0207611378
16.293544424,11.5363511303
15.2869568453,8.73131335282
15.2886212862,9.97113312441
16.3442898327,8.64923498475
16.1230774162,9.42684346807
15.59984137,11.1603705347
15.1180746919,11.7673348236
16.1704067264,9.50336073026
15.8754060969,9.24447853016
15.2295029264,13.363073397
15.2162183137,13.1459551796
15.0273511049,11.1981512897
15.8920518797,11.0398517913
15.1035494984,9.87494636192
15.3439868257,10.8719524825
15.423237848,10.0971096955
15.7549164242,12.4756034959
15.8676734604,10.0930597121
15.2058992297,13.4481137606
14.8493368199,9.97249376068
15.8427877381,13.4022235266
15.0326090712,8.51865676153
15.8418130767,13.3042823175
15.8995017468,8.88356506217
15.3745866715,9.37184553984
16.249243893,9.54148197238
15.9899507028,11.0576376402
15.9208195443,11.4084620329
15.3666291931,13.1722967523
15.6768148342,10.1823770975
14.9906631509,11.1033285421
15.2085946908,12.9560257816
15.9059495093,8.79632141696
15.4408968023,9.54401687296
16.0475185589,10.2664622069
16.1183889378,12.8524113803
16.281615005,12.241685231
15.1469368206,13.1833593967
16.3288515757,9.19896861906
15.4656853802,11.3259969341
15.9128224328,12.9206393456
15.1795832203,12.0186061254
15.2439341752,10.3666715991
14.9479147815,10.1459064175
14.9590746991,11.3479915984
15.4457602563,12.4531160329
15.2833704768,13.1790464247
16.0030076213,11.9332111198
16.204149678,12.6560742549
15.5167971102,11.0345553556
15.3704160772,11.6625382162
16.171744348,9.74953614254
15.5927731469,12.378918531
15.5575299408,11.699111872
15.0879544577,12.6706607184
14.9860530355,10.0880580981
15.82843026,9.42181976237
15.6146120692,10.0977783451
15.4064070659,8.61967065246
15.4979223626,13.2700174153
16.2103633564,8.80972316106
15.3418078638,12.2913811796
15.2369668586,9.63172958063
16.1508019875,9.0186948321
15.3862233714,8.9240905457
15.5511742002,10.9676754443
16.1619160315,12.9519480201
15.0191294904,10.1511927128
15.1733346085,8.62198012666
15.43395836,13.2167116156
15.3532073398,13.4447253077
16.0285547148,11.6255211325
16.0092516097,11.2264769677
15.9658941481,9.97482181471
16.0633635679,12.9613448357
15.2301812415,10.2806007746
15.8780410151,11.1501782642
15.2752199893,9.07059656523
15.6431220849,12.0764986638
15.9389439022,12.6141959265
15.5918279362,9.75262283127
16.2109281356,11.3310812218
15.7347130581,13.0174167213
16.0745261168,12.7813647041
14.9065513037,11.5697462473
15.3734417439,9.97173195023
16.3329142238,8.70887745498
15.4958551798,12.8872626419
15.3614622933,11.2072537029
15.3187164913,13.3640362788
15.2278582727,11.320885998
16.1417715709,10.5913872941
15.1482549418,9.0227103998
15.0735853379,10.4282275818
16.1610322128,12.235180023
15.0409105821,10.3226498314
15.2347552141,12.6662700066
15.4160092734,13.452740467
15.1001302866,10.0998654932
15.9346036429,9.36819903495
16.2551871988,11.8819613232
15.1862898526,11.6349922931
16.0235912974,10.3194026553
15.1812108535,12.5658403452
15.0709570435,13.0120941385
16.2295429996,11.6490373702
15.091554797,9.63717015763
15.4499857147,10.0317354649
16.0342392668,13.0811539711
15.3621776524,10.6448884709
15.9828011608,9.26874246167
16.2700192179,12.6247624204
15.2273981361,12.2728654555
15.0842585779,10.7938642594
15.6717806982,9.874894101
14.8800348725,8.66060719298
15.5096023602,9.05946215418
14.8855430996,10.1464592951
16.1919629713,10.8476327095
15.8201601563,9.7870383869
15.515083255,9.15009752631
16.0489404674,10.8595345307
15.008096206,8.87739159906
15.5570056132,10.1719415386
15.9135096468,11.9043504353
16.2728016959,9.01231876174
14.8823585642,8.59770588605
14.8967483904,10.0606715424
15.5454223118,9.0057693755
15.7586454809,11.2765181451
16.2892920954,10.9501236829
15.5995257055,9.4176486662
15.6263955217,11.0498798932
15.5833526646,12.0608620952
15.9315735323,13.2583725886
16.1253564133,8.9405296092
15.9681563137,9.15916139339
15.7890106345,10.6958539441
15.1570531867,11.310849918
15.0087674501,10.8337892558
15.6288440489,12.8718987992
15.963485345,10.261593546
16.1699181691,10.3663883229
15.6761293524,9.70957680676
15.1078871737,9.32843205792
16.1119291424,13.040254437
15.9646360442,8.52376893839
15.3675398926,13.0087928771
15.0794430541,8.94609022262
16.3033619067,12.1243336873
16.1201549519,10.9211747763
15.4735116565,11.1979184896
16.0087459619,13.3801288572
15.627659747,10.7917106829
15.136267091,12.7228662855
15.4171323699,10.7339750955
15.3834402848,9.27316767193
15.2360941483,10.9116538169
15.8397454584,9.58616827205
15.7616792739,10.2050224414
16.0377535837,13.2760837024
16.0807054452,12.523561745
15.9594232652,13.4410958589
15.1344521362,12.9766863086
14.8171257663,8.78267407384
15.3454909918,8.81120816651
16.0761176803,9.21371708686
15.6014079736,10.4743781984
15.54620391,10.8868792144
14.9276129709,9.19857599769
16.3178841836,11.9344316539
15.573374598,11.3857102059
15.9172502164,13.3805202082
16.1324485402,10.0178508987
15.5415052875,11.6393796314
15.3103894048,10.772091255
15.4817230639,11.4622538394
15.5494941499,11.1510825783
16.0676786456,8.99423304587
16.209623421,11.5060796521
14.9603642615,9.52948615255
15.3084397305,10.0515073783
15.167743248,11.8813154636
15.9850245766,9.69464817724
15.3804029606,10.5704214213
15.0936327223,12.2332790358
16.2643461644,11.7579804309
15.2492262859,8.52453896635
15.3780373167,12.2457829713
15.2302822507,8.84439001026
15.4278586482,12.9330381347
15.3712057123,13.3841673163
15.6842525549,12.5522475864
15.9629197975,12.3213766806
16.1547199807,12.4523089637
15.6991377196,12.1307951311
16.0654716546,11.7009212763
15.2979059239,10.5841792313
16.0145531376,10.9188520781
14.9320488594,10.8356204323
15.0225206421,10.5254975841
15.8984676678,9.07330956782
16.027372968,8.5869785047
16.0764566145,9.7787760503
15.8814419156,9.71305630788
15.512947584,8.64214501183
14.9474992397,10.6545020776
15.4235151828,12.3306375669
15.0089210833,9.2734909251
15.3694823415,9.62608305654
15.5221522738,9.7052632818
15.6094933441,8.61687373002
16.1825922211,11.5914185433
15.8860844208,9.50834064143
15.6135538248,8.98460361133
15.5757232051,12.5337054603
15.967577219,9.79826412369
15.1118767707,8.82547719338
15.883636399,8.5722840212
15.8010411331,9.09161537623
15.4810465618,9.61768522465
15.8450873364,12.3676562581
15.1006455559,8.70428334399
15.4708463925,8.84567878187
15.3821625113,11.4080259587
16.2510943721,9.2140281243
15.449406941,10.164169756
15.4987011244,12.6216207483
15.9807155793,11.386824665
15.7863450064,13.2153957877
15.8649876794,12.8299588642
15.3232177351,10.3482564407
15.4628044321,9.95361708834
15.0286936999,9.03735959195
15.6381844843,12.0013782836
15.3063268042,9.87601911688
15.8046229087,12.0268838564
16.1648981432,9.60119937639
16.2863413434,11.3764614585
15.7297541748,10.2863473769
16.1505285855,13.125733541
15.2627153896,9.76096785098
15.772623091,9.34484915208
15.6346568218,10.3813921798
15.154886504,12.891580022
16.1562650159,9.15726174969
14.9330514678,8.72862929661
15.463759871,12.2131615483
15.9716238091,9.57138391436
15.7025242504,11.186504429
15.3118497493,9.44309334572
15.8213843234,11.6501002959
16.1562208218,9.33970643937
14.9848329279,10.7672872228
15.2019753989,9.12408148169
15.3066483205,11.1073584596
16.173916338,8.61971055107
15.1148736148,10.5325519037
16.2233237721,11.8263320622
16.0505515564,12.4430825053
15.7392872971,10.6215878255
14.9352795571,11.4032129396
15.7518968368,9.74561351272
15.6670108836,8.76970382817
15.0768193391,12.1443697535
15.193569912,11.520230584
15.6663226424,13.4366279568
15.1511695387,12.6527076811
15.5972981926,11.503948494
16.0720035708,8.66988446103
15.4618224813,11.6707168492
15.9839626919,11.4754325237
15.1204073586,13.4248439381
16.1031615536,12.3472772245
15.1846953478,9.37514514214
15.6132001064,13.3586057029
15.4544998041,11.987449087
15.9424501947,12.8597442705
15.9557582609,12.7885819542
15.6281385895,10.6687308644
15.2174556518,12.2083339827
16.1624216107,10.1648287593
15.4728922309,8.52735164399
15.5992109514,9.0798744097
15.7791209963,12.7542602895
15.5069100421,11.8913626966
15.9672651063,11.5705012531
15.8116040642,10.3547866253
16.2125077209,11.1772886571
15.6104661008,10.2804727086
15.823567234,8.51342424858
15.908306457,11.5526374848
15.5223982757,10.4650338465
15.2617810317,12.8650312357
15.3918761319,13.0861049967
15.6202781842,9.27328551026
15.1843986987,10.1937049537
14.994215934,11.0001497165
16.0365364654,12.2468245427
15.2754258905,9.33058378412
15.1729708422,9.58028865148
14.9990919548,11.7022284278
15.7717595344,9.50739228846
15.1213573343,10.6805148407
15.4161908737,12.5961465473
15.845286126,10.2465990834
16.1405031827,8.75933568245
16.2247171765,8.92703698936
15.4073626805,12.702882969
15.7772180031,10.5471116009
16.0713473929,11.9909388144
16.2091189986,9.82843640668
16.3712321771,12.028483468
14.8998848393,9.71220029691
15.7762281889,9.89036548911
16.0488270605,10.9899730175
15.6752756001,11.7358097538
15.8600370403,8.70961984486
14.8340954604,8.63800115135
16.2827754029,8.79650051261
16.0283861034,12.8303866004
15.4238109128,9.45550802446
15.1419713332,11.9509185514
15.8777437881,10.609287352
15.8316026093,10.965940768
15.8222997043,11.8703151185
16.2137263457,11.9474633861
15.2041820684,9.21976838255
15.4409237104,9.69235355775
15.5816097147,13.3091841902
15.7268261634,9.8059679293
16.2312903379,11.4220695352
16.0385150425,9.40588508008
15.2155508086,10.1048487205
15.7644358685,13.3829991717
15.5038530089,12.3826386717
15.6499826859,9.95488996118
15.6560002728,9.50663525876
15.7814982058,10.4510049575
15.5819181607,12.7956053527
16.1411609876,11.1177483377
15.5379450923,12.1311650362
16.0640642171,9.61499359376
15.8494135928,10.8027380483
15.8142285004,9.00422436365
16.3811372559,8.7934966842
16.1172138171,10.5334046461
15.8198612134,11.5557698451
16.0432547979,10.1715895338
15.3830218185,11.7395857863
15.9013312767,13.0842693754
15.3609222197,10.1340536036
15.2842924664,9.66551193009
15.8499774285,8.94024914264
15.7120870651,8.5348792635
15.6951899502,8.65308051222
15.9009201392,9.6342987857
15.6841874679,12.4264448092
15.1879438247,12.1100177686
15.7920326188,9.18350533391
15.1954611107,12.7317822009
16.0711128357,11.1958526963
15.9732043105,9.46871234482
16.084342795,12.1430253767
15.6867391079,13.3204829728
15.8477618841,12.0720524166
16.1231126459,11.8286402614
15.1348199021,11.8263924402
15.2842892828,12.9919171585
15.2289976615,13.2217176193
15.7633946871,11.7016878903
14.9802064727,8.80394162775
16.2598907701,9.30495070471
15.3099430591,11.5186568867
15.8014543456,10.8960697863
15.5265820541,12.7167189824
16.2677321318,12.9619084244
15.1289619929,9.78135717204
15.2647417955,11.5984830177
15.7784971852,8.94247434496
15.6572943553,9.79429235379
15.663106614,9.35301956776
15.5561379419,9.92192287607
15.022882875,13.0955616202
15.5382647339,12.450827091
15.8639143106,9.13924889067
15.1099363818,10.0085734403
15.171593376,8.92537181347
15.9680087967,13.0053706599
15.4674112228,8.98547909155
15.6660374979,8.89389447988
15.3507083468,8.71261858038
15.4539222592,10.6186279668
15.7465662112,11.6215883782
15.9918112965,12.1568577296
15.5477111633,8.92779734034
15.2279297441,11.8069780178
15.1554834961,11.3991518671
16.1141715544,12.6605971601
15.3459378695,10.4496631013
15.8503245363,12.997126284
16.3131107062,8.8705247748
15.8063271468,12.5326240703
16.2597846803,12.4319815437
15.7266984379,9.41639570506
15.5277300284,12.2915609197
15.438492032,8.72937515822
15.1452941783,13.0764223293
15.0033913287,9.152464897
15.680862001,12.7838005373
15.7664888687,8.72323584857
15.3189185566,12.6851857574
14.9901051969,9.65688102692
16.2379580867,8.71156405499
15.426777624,10.4067390681
15.4888914167,10.2661587706
16.2219119827,10.9147825922
15.8643221322,13.1708718726
16.2496226981,11.5868259262
15.106710085,11.5893103858
15.8512692449,11.261851181
15.0624879014,10.6113005965
15.2661595078,11.9777470964
16.1180779689,11.6410348383
15.2832726916,11.6994552497
15.6051018665,9.19412193505
14.924723507,8.51750686577
15.6466579585,11.1143759694
15.3483917118,12.0021086677
15.7040522325,9.60731282526
15.2804891905,10.1854887035
15.9666200042,10.5477916715
15.6644622545,11.3441116777
16.0166679658,12.37298171
16.2771592969,8.60177989407
16.0501017092,11.7895938152
16.0165278267,10.3889152658
15.6176893316,12.7469147628
16.2425494249,13.1302103275
16.8851453334,9.77863547668
17.0419614905,13.1761589546
17.153698797,8.51680808497
17.0502028773,12.9439664204
16.7185555335,11.4371941374
16.3485781373,13.3184499833
16.9827232665,12.3133788215
16.8352497045,9.37168612259
17.447991921,12.774594877
16.7377045356,11.7842208789
16.6335265229,13.2180246372
17.4850541174,12.9766488379
17.2181684514,11.7461563926
16.7657429127,11.0848739699
17.3838253461,12.206934863
16.5399002408,11.4385610451
17.4044714561,13.2355933651
16.7717376096,9.47500393322
17.4157141941,11.8515875425
16.9102428113,11.3744872181
16.2287731376,10.1055034175
16.3959852488,10.5464476172
16.9845339608,9.07188474145
16.5725485483,10.3440631074
17.3574535531,8.60688178589
17.4705683897,12.6720065159
16.965343866,11.3045099353
16.1191166791,13.3775693411
17.35271014,8.90485386616
17.3934602694,11.7435250456
16.3997510037,12.1937109462
16.6978612559,12.4976643199
17.2891471678,8.58399423898
17.4717597217,10.9091610126
17.1568263842,9.88087365104
17.4099264773,12.7334622217
17.1638406278,10.0581887248
16.7747492979,9.2148793084
17.0676468965,13.4495882705
17.4732400975,10.814408499
17.4440047274,13.1434917969
16.6155520189,12.7964809798
17.134053486,9.34824947188
16.6053226997,11.8825115772
17.2992207558,9.73584911634
17.2047666429,11.8380856826
16.3190912875,9.82728821333
16.2445952556,9.46179001121
17.4523308261,11.3045729373
17.5507150421,8.8114481732
16.8213607207,12.2377581051
16.319885644,13.41625288
17.3539015874,12.5170597037
17.1439491822,10.8084825453
16.6331557261,13.053325752
17.097426709,9.83257243853
17.5456711195,10.6232172016
16.5307034149,12.769472804
16.934818473,11.0859939331
17.5230523573,9.42572003004
17.1089681258,8.60453721963
17.1971364327,9.654214277
16.6494100788,10.6204384594
16.6687418724,8.79153643882
16.8570800639,11.0981136427
17.151941683,8.78328800135
16.3994217294,9.37963905807
17.4126005982,11.0846948167
16.508966721,11.4976481915
16.5501653212,13.3901498809
17.583787212,12.6959988677
16.6982174076,11.860109933
17.3460305834,11.3724812033
16.6520707158,11.6273094809
16.700777759,9.49875855588
17.3939589395,8.98562893393
16.6060174423,10.8498940944
16.5161599193,12.307559444
17.2828490122,12.2757453977
17.1440695378,8.69586155545
16.951817241,12.9215801596
17.3651172904,10.3883788866
17.1873865736,12.2222826403
16.9576425185,10.1142697109
17.2479727701,11.5141440211
16.7775025586,9.78196156144
16.9731924415,9.7907177402
16.8160948705,12.6569344117
17.3451314037,10.9288789989
16.310590967,9.57817831007
17.2232057015,12.7009134798
17.0264846395,10.0584055683
16.5966742061,9.70495917906
16.3837061568,11.5936452587
17.479294364,12.5580222653
17.3641418256,13.152361813
16.9771472834,9.63003337832
16.6355447148,8.60153734063
16.397153048,8.88893251004
16.873251344,12.4373257322
16.8948712362,8.84408808779
17.5082468092,9.84646531724
17.263546895,10.3766932838
17.4619828099,11.4010622287
17.5187137041,13.3446693974
16.6695279288,9.25364913394
16.6324187315,12.4401726761
17.520207058,13.1683279774
17.2889077801,9.32830524118
17.0338607612,12.1113102129
17.0893379448,12.8402433031
16.4794483577,10.5322906407
17.1693604975,9.54769738638
16.3675924265,10.1594859848
17.4885011193,8.77766030326
16.424598781,13.2267488653
17.0605386048,10.7806977528
17.3324323103,11.8000130276
16.6464310944,13.4308036719
17.0253538795,12.8752295405
16.5895070477,10.0939951366
16.8214833639,10.9339947362
17.5463096647,11.6152892981
16.8562595341,11.2902577152
17.2430803533,12.9423021668
17.4665304341,9.21036468319
17.02489821,13.4084157977
17.194302021,9.05414820605
17.5226520496,12.3384865001
16.5886271455,11.6897370948
17.5177888083,9.1298117341
17.2748691116,11.2077779671
17.3169510731,10.8585844535
16.6896720306,11.7090850026
16.9371298583,13.008259988
16.3586562057,12.447959873
16.6777323796,10.5058018057
17.298113289,13.0262644354
17.6303384419,13.4382533972
16.6320497659,13.1260338851
16.8534976829,11.7534602251
16.4247974139,12.3719759058
16.9549919436,8.97559691146
17.2226533929,11.1220204214
16.7176394742,9.94579074392
17.1080027282,13.1938619168
17.1643729607,11.5380577675
17.1697172082,11.3317774486
17.2536218758,9.0530601407
17.0448186946,8.80569431606
16.4831106149,12.501741751
17.5028725393,12.2424835087
17.3304880925,9.25716889978
16.7782682869,12.960878137
17.360761194,9.62620578378
17.2316213164,11.594800693
17.1678012814,10.3832421137
17.3832184496,12.4279942289
16.5471673951,8.82668599218
17.3275007898,11.5679088883
16.522620825,12.8317427435
17.0241822311,11.8826517656
16.5645049776,13.0070175153
17.323235316,13.3057369151
16.4377814046,9.90087798011
17.6025733051,12.2011911018
17.1984009173,8.60702011007
16.1931402751,13.2146477626
17.2884439695,11.9591317497
16.9228590047,8.75920285018
16.5489786904,9.47199108224
16.661970006,11.1570967374
16.9920500649,12.4076623569
17.1690150722,10.3080627285
17.5267145945,11.2301511053
16.8110201926,10.7769241353
16.7351800946,12.839739495
16.8312006771,10.5052807931
16.6673110815,11.9862532187
16.5823785159,8.7895513224
16.5966032037,12.2307296559
17.4666104181,13.0464727838
17.1616825335,13.2756492158
16.5020959923,12.5846069242
16.8469815625,13.3629590837
16.3836904705,10.7407581954
17.0138041875,10.8692954206
17.3876399351,11.4165628529
16.9921737822,12.0321151926
16.8157336684,12.7636242465
17.0830599345,9.89768890304
16.4184401745,11.0407545926
16.7730641204,9.30803715894
16.6795392555,10.1879192796
16.7542309335,11.3510222418
17.0977916599,10.5002617143
17.4136353073,12.586261774
17.5721876788,12.4006267366
17.1144506985,9.94264285586
16.9012291041,9.31011738735
16.8490408334,9.47254852022
16.6012324042,11.4894555123
17.5435984649,9.30732877343
17.5295786161,12.4932873517
16.3690729928,9.12260280961
17.1060439751,8.82086896992
17.273282725,10.7083719643
17.3071040275,11.8727021161
17.4015405014,9.68893790466
17.3187044367,10.5500874154
17.4138356505,9.78417840255
17.0609420942,9.76778045571
16.9809089854,10.3658306058
17.1545214519,12.1153087008
16.7581971303,10.018550302
17.0234498187,11.7758283181
16.9308644432,12.34826985
17.1328407597,12.3856831809
16.7320469423,10.9687356628
16.4216469874,12.2832824963
17.2577575414,9.95101359059
17.1061962966,12.5689670654
16.9713148659,12.715210726
17.6184437304,11.1987041005
17.3928779305,11.643255928
16.8673231452,10.3926014759
16.1965257966,10.5345837398
16.1338151152,13.2801087368
17.322931108,12.3851579259
17.2188325034,12.8302539337
16.5756257585,10.1714801747
17.1844417025,9.97477284211
17.1965602536,12.5074793292
16.9334507462,9.42055913173
16.6068919011,8.70945246399
16.6258095234,10.7280361508
17.076989377,12.2097649162
16.9994055157,12.5799092536
16.8062604978,8.87486747714
16.3211311995,13.0598403004
16.8797715093,8.93590626301
16.5351926004,11.8300318797
16.3502364382,10.3501380352
16.7358599989,11.6228407862
16.6993742054,9.15432000182
16.7299513173,12.933417663
17.325168832,9.06578720919
16.40552661,10.6765843794
16.8242632195,12.0689148867
17.0889496974,9.14321682306
16.7381362264,10.103735197
16.7722068681,9.72142731426
16.9747537188,8.82151705732
17.6406441174,10.8467076275
16.4151793395,12.7106264069
16.2991569094,11.2843299573
17.0969061277,10.1079874464
17.6160319923,10.7738641307
17.3676445167,9.15803410555
17.508467628,11.9592445088
17.6342343176,10.2951832706
16.9374898967,13.0844179865
16.6655370253,10.3079057686
16.5004549075,11.9945962942
17.4949131773,9.6716406511
16.3220443305,10.7746105336
16.5733938721,12.1368662991
17.1123950985,12.4593292046
16.5565399706,11.9504618302
16.368224298,12.8145822705
16.4326651917,13.0497012382
16.4241070619,9.1960335054
16.5543594708,11.1732842999
17.5698036528,10.9340674876
16.7850980531,8.70511916225
16.4518277247,11.8270186047
16.8949034075,10.6933415806
16.3314793123,10.43906007
16.5191332298,8.62266328043
16.8423022326,8.73830757542
17.3823871631,12.8006972728
16.6004541896,9.1621255431
17.4582447663,13.4520608159
17.0123139953,10.5389677424
16.3150352714,8.50793377512
16.6737868953,12.6073422151
16.3693389672,11.4225614665
16.9572137842,8.89990850725
17.158329693,10.7121731628
16.5968303334,12.5278797066
17.6033492787,10.6924463421
16.8337901136,11.1800343553
17.4553244491,10.5770001937
16.5003124197,8.75690915392
16.8172353652,13.2730759991
16.5580808276,12.0554566728
16.6485680804,10.1138836947
16.6921571434,10.8839899789
16.833076236,10.0037821276
16.4513062564,11.3134870774
16.5334233352,12.4282627956
17.2261184745,10.6137280019
17.3572233254,8.79973070519
17.5100080519,9.49551663986
17.2793133137,12.4555098978
17.2533702687,12.3725678892
17.0658342734,11.2877077891
16.4521356986,13.3350248607
17.5427912576,12.1423739518
16.7892497818,10.6962854818
16.8033303298,10.2960748426
17.0035602811,9.9588021147
16.7012653749,9.35179323655
17.4540031925,8.86003995829
16.4438297688,10.0193556624
17.4782243751,11.7817550935
17.1704121817,11.2323113764
16.8241179262,10.8526831433
16.6782729255,11.9217807232
17.5393337895,9.74632416231
16.7824455186,10.1890450401
16.7012617983,11.5210031382
16.4803742287,11.6507301757
16.7997632089,11.8761059951
16.4670790668,13.1587161307
16.5279113623,12.9162109972
16.3657656843,11.2555555739
16.8650583766,11.0126530685
16.2635289533,12.737280403
16.5032648446,11.7471349964
16.631623398,11.5695300723
17.5456988669,10.4856280812
17.1981082078,11.6773268174
16.9490698623,12.5068622022
16.5553991606,11.2727308227
17.2228952769,9.284987463
17.1693175484,10.8681858915
17.5523048092,13.0310251824
16.5067535149,10.1134681911
17.5701871929,12.917746006
16.9354383024,13.4088534231
17.1918156102,13.0323105582
16.8636444381,12.0098101361
16.7537446367,12.3978815407
16.7248530395,10.7989701577
16.7330062051,11.9501636333
17.3818191903,11.0062197901
17.259671934,9.49260888797
16.7638933242,12.5650916304
16.7068952344,9.0049167928
17.5003636047,12.8369092552
17.4745068289,10.4049206182
16.7907572039,8.9778763393
16.5770439806,11.7822786161
17.0450983347,9.41848606886
17.2146384367,8.98163283654
17.4761626074,12.4047081873
16.6752534425,11.0478378956
16.4506900299,8.95519359617
16.9645452717,11.0006730776
17.4471778738,12.1052519727
16.8775421823,9.58029568129
16.4293854473,13.4504994674
17.1423459854,11.0722437662
16.7380679247,13.1865777422
17.3745306682,8.52321122436
16.227111236,10.0222547629
17.0388423331,12.7622579302
16.4816178681,11.1487768497
16.3514833336,11.5011967526
17.0739706759,12.325988762
16.5426498032,11.3674237163
16.7022162973,9.42982743528
17.3296770966,12.945133841
17.5456504323,11.4543819654
17.0185794106,8.71169613836
16.6495285527,10.4074568912
17.3455812734,12.0626838641
16.6296272019,9.4444722862
17.607979537,11.2813503018
16.7117987065,8.70420305781
17.4349058934,8.59730350355
16.737501648,13.4163073549
17.5828087881,13.1183846709
16.7368161588,8.61228771066
16.5418289492,10.7796830359
16.5510913232,10.2708912174
17.14554859,11.6260932799
16.8471885736,10.100774653
17.1343534712,11.1417554015
16.6176674858,9.92137437909
17.3825107929,12.9879044996
16.7935921519,12.4902052644
16.9801431294,13.250159115
16.4668946904,8.84776377886
17.3179982229,9.95622977374
16.9796384328,10.804581668
17.4829009588,8.6895734741
17.1159781548,12.6751428343
17.3906459065,10.7570239654
16.5566626539,10.440337573
16.7422567783,12.0358390915
16.6079879434,8.94103059601
17.1441070063,9.44823826139
17.4931215325,11.5451214623
16.7630177154,11.2483183641
16.6503473567,11.7821670199
17.3076624795,12.6215584618
17.1841010608,9.13614354626
17.3110848065,11.4458618604
16.7711784179,13.0992208822
17.4774738837,10.9990042407
17.4126020091,10.9402536016
16.405281776,9.04224121922
16.4206646249,10.4452430841
16.9150464632,10.9086538497
16.5430365413,9.00551807614
16.9864310971,9.51969133864
17.3891719522,9.89203570239
17.2975612478,10.9877345663
16.6332918264,9.00369923184
17.1916316247,12.4193235531
16.3914020297,9.73462350304
17.1055415119,11.3762395162
17.1000140301,10.3252324483
17.2067769422,10.4943777601
17.0939489622,8.76511881979
17.0822383128,11.0436417711
16.5381094689,9.61478253892
17.514838938,13.2614073764
16.7670831205,11.7078142385
17.2858792465,8.85200678456
16.3907446857,13.1390804532
16.9043689537,9.1344326902
16.4536464046,9.58291179313
16.89286282,8.573568684
17.4793122214,11.077822087
16.2727593925,10.5484935269
16.9929039939,12.8259489942
16.9389001182,9.85928184326
17.0526587219,10.6798706894
16.9591300999,11.1934804993
17.3978717473,12.3264373471
16.2583961942,10.3931198509
17.5558858414,11.3626627915
17.5488558383,12.0440969839
17.2438884143,10.2290452389
16.6238095127,10.9564716564
17.0600103183,8.9038542839
16.8542274974,13.154897384
17.4824925514,10.6965189805
16.4417466334,12.4559708598
16.770125928,9.5520613926
16.6079935122,8.8484024471
16.808470041,8.52696498093
17.3336878539,10.0494578965
17.3873691206,11.9627186046
17.4603701703,11.6047997506
16.8918181297,10.3103194517
17.2466110704,13.2767071721
16.3823914323,9.83749797005
16.6682411342,9.07826466224
17.2831156124,9.12366951681
17.2314593889,10.2991078475
17.3889699561,13.4324099378
16.7010700306,13.3532326923
17.0099941418,11.506090658
16.6541947428,12.1658713223
16.911961132,11.9108811793
17.1102688567,10.192347374
16.8170840242,9.86309964908
17.2107797,11.0143288527
17.3220841257,13.401868295
16.8910861875,9.93828685204
17.1693529702,10.2406272293
17.2480603222,8.50579679195
16.5119898634,10.9750602428
17.289993169,9.62764456751
17.0348609007,10.6110107747
17.1972453836,11.9600792047
16.7628080764,13.3506223844
16.419172965,12.6238202185
16.2306686008,10.7518052314
17.6359473983,13.0422553406
16.3892579239,8.49514765742
16.7104397198,12.7166615739
17.3061282093,10.1607081207
17.1210513231,11.7314579536
16.9974736159,13.4625508689
17.0694391943,9.59493606644
17.3174453899,8.67707533195
17.1004230258,13.0961755208
17.3902435796,9.07553666865
16.4595121961,10.2157266974
16.9595990439,9.3384616761
17.3880651855,8.72092740357
17.0390441186,8.62067626741
17.2201507046,12.5868573709
17.4584074432,9.36721801226
16.7942834529,11.4755994222
16.6992588693,9.63188098496
16.5717482671,13.1625461593
16.4675906879,11.4205488277
16.466475665,12.7817466093
17.5614620209,10.5579409533
17.4738437906,11.6826553628
17.2600917754,10.0036414768
16.3874946103,10.8169755706
16.3322694281,11.0177820534
16.9907215751,9.71608884393
17.3346176613,12.7186173566
17.0654732083,13.2609005999
17.4568655557,11.1566403995
16.7142601481,13.2838520843
16.3409371602,9.49955548236
17.5802689399,10.1410267059
17.3035471332,10.4554485831
17.0975897463,10.0123367146
17.5768896637,9.94042859375
16.9074518989,13.2390585178
16.9627793312,12.2007934466
16.3608709333,9.78199236403
16.9561164562,9.28003671189
16.9076947355,9.68466717826
16.4589027219,12.9647308309
16.6733236744,12.2289170351
17.2667411818,9.86034531892
17.4255426113,10.3164181724
17.3678905027,10.654622002
17.4188393774,12.9010820753
16.3328709463,10.6082745468
17.3093570475,13.2142871107
16.5369947494,8.90184951319
17.4304011145,13.3513557193
16.9101245457,12.8186453824
16.4885814964,10.8556732783
16.3358452398,10.5139965341
17.559909677,11.525085946
16.2451489786,10.289942239
16.5960454714,11.9946585239
16.9274868803,12.2811676513
16.4741614718,10.3435859046
17.3940652957,8.65395282879
16.5154522004,9.3827856591
16.8410802624,9.15614928562
17.1217034824,9.23441556524
17.4005022253,11.361818555
16.310602407,12.8909898015
16.5761452969,8.51478759577
17.0201470673,12.2642465936
16.9331750118,8.50773922676
16.8371556499,11.3992288603
17.0693894232,11.5744931424
16.5373123815,9.86619479962
17.5643037248,11.7363340365
16.6425749969,11.3870728001
16.4200673378,10.1203601015
16.8179343281,11.6691011194
16.7062134096,9.84508047655
17.5561421719,11.0282689595
17.1805586008,12.3247996934
17.4013372965,10.4832563999
16.7349485048,12.1347428895
16.7484344671,10.4083456224
17.1314119124,12.2671324711
17.4606604577,11.9189192785
17.269314354,11.3170510361
16.3113340897,13.2183693568
17.0025560972,9.19876068656
16.7580583595,9.41321464436
16.8811936404,11.8376866457
17.2916333411,11.6817357861
16.266021981,10.4812313266
17.00102817,13.3339078645
16.8452641475,11.9537183103
17.3344582243,9.53675891362
17.035211904,9.30997747591
17.2241767321,13.3644971386
16.3910509552,11.1505935054
17.3460315516,9.81306584773
16.3223105599,12.3441507177
16.5436510055,13.310718762
16.4234984615,11.9376675196
17.4129499966,11.5676247216
17.2806207204,13.1263509236
16.416816332,8.68255507344
16.8317530252,9.28556304028
17.0792187291,10.4118720758
17.2364989468,10.0613565284
16.8874725304,9.22431260391
16.5839251362,11.0719212429
17.0155893402,13.0302499007
17.1601131032,13.1614612158
16.4904040134,11.0866109127
17.2778051946,12.1501533882
16.3755222869,11.8675635119
16.6384990751,12.9222082589
16.939063364,10.4697436869
16.3434340499,9.97004903085
16.8449800877,11.5840434745
16.5139742779,10.6463091381
17.4646296274,12.0128830915
17.4780319341,10.4929741767
16.5038857576,12.198534474
17.1066316015,13.0014361416
16.7493675366,11.1751800841
16.4591435585,9.29128535539
16.970944054,10.7281786998
17.4325183301,8.76810889463
17.0562262751,10.9615882772
17.1999869539,13.1156795818
16.3188062609,11.6787218974
16.2838160922,11.099069226
17.5207534713,10.0099492154
17.0281223933,12.6644552826
17.3868648345,13.0703991967
17.2391459115,9.39935025693
17.0845057618,9.50554761857
16.9550317101,11.5810337269
16.8554668124,10.6170485125
16.9023502613,10.7986500493
16.8387010989,12.9034805936
16.7000282474,13.1076063072
16.9529672948,11.735564878
17.25514307,9.19915256069
17.4439743972,9.03754650037
16.9885961764,11.9675242793
16.8954776391,12.7229912451
17.5826026865,12.8054780984
17.3475442121,11.2426447047
17.3684087113,11.3109162513
17.1756136621,9.77078460771
16.7494214083,10.5940752374
16.4683678069,9.79024996718
17.5399867171,11.8631874857
17.1045237356,9.68746825746
17.1091936474,11.8319358282
16.5815139079,10.5518912587
17.2717939013,8.92282228729
16.87625945,9.03470829574
16.5090669351,11.9015397553
16.5193494358,9.94408263297
16.9587916168,10.6272471857
16.8505129672,12.3205304695
16.3724135753,11.8037302999
17.1002477146,10.8640426032
17.1154902838,10.5986733141
16.6949004673,8.51543897464
17.2766960695,11.7769003459
17.4871592996,8.96978952755
16.211547448,13.4302461648
16.9085666788,11.478422517
16.2690648824,10.1824081352
16.9103543773,13.3182984606
16.8009955159,9.65871465286
17.5557982742,10.8416497992
17.4177813905,11.227125734
16.3715775695,12.9478269285
16.4710877032,9.67726011677
16.3380616278,9.88904570023
17.5458842994,12.5960307127
17.1431043773,12.9196510702
17.0185018758,10.4588449002
17.2509589236,12.0438550846
17.2299180958,10.8046060511
16.8322218638,12.1578532287
16.7068880995,10.6746047604
16.6263108952,13.3232215054
16.3398999603,12.6707417097
16.8125472978,13.4290443685
16.9309532618,11.997563161
16.6098703236,10.2322371778
17.1989917032,11.4240792483
17.555345845,11.1208916529
17.4352999977,9.58445121194
16.327630254,10.7060491015
17.3830059995,12.6554669475
17.2431865752,8.66841866319
16.4090829148,12.5351423725
16.6964670707,8.90311295262
16.2701571698,12.8381007074
16.8548473869,10.739512145
17.0306580766,10.1532323926
16.410377872,11.7309671615
16.6140137992,9.54845469022
16.9449836956,11.8152569153
16.2245900968,10.6320185997
16.5833687736,12.6297273981
17.0265813019,10.2493307466
16.4540431278,9.47834852719
16.5513290771,11.576911283
16.7608806459,8.78512583103
17.4356809211,12.4884789902
17.4941207629,9.94191082785
16.8335922829,8.80452569591
16.9605307493,13.1710547709
17.0065471947,11.4041181901
17.0381718195,8.52731421991
17.3288253839,10.2797975791
16.6647625546,11.273453502
17.2450236322,8.75970418697
17.3861183784,10.1272810505
17.5347164326,9.59279485631
17.2740162697,12.5410095906
16.3495693533,12.5992232129
17.3580607424,9.37232896362
16.5224334378,9.53911981303
16.5638399493,10.0128351805
16.3382533104,10.2533075647
17.4277194971,9.46614495525
16.5241334777,13.2304479023
16.8426584968,13.0262786027
17.4782888724,8.50968885262
17.3062358671,8.99440481677
16.718352266,13.0204490868
17.3979457857,10.8738130224
17.1952453202,10.1470727303
17.3174182105,9.45246271225
16.8806649081,12.2372349647
16.4018827364,10.28787357
17.3194254289,12.8667472279
17.3142497627,10.7830924599
16.6474169522,12.0757992174
17.4161990569,9.29783047977
17.1303270554,11.006251317
17.1858080237,8.87325346852
17.106961591,9.04487151768
16.660780842,10.0308568445
17.240977794,10.9138310264
16.7764973712,9.09129964503
17.1041962863,13.3676922789
16.465346657,12.0946439284
16.7024729981,9.74040043755
17.0109349927,13.1126702372
16.2342117249,13.3239596279
17.5241415278,10.2916842786
16.7936665657,11.9674683911
16.3848258041,8.57997166566
16.2870716275,11.2041259218
16.8361157914,8.64147081189
17.4321674794,10.2105463881
16.7440532803,12.2758945427
17.5114527727,12.7585933883
16.9216022896,10.0273361293
16.9192585535,12.0907229443
16.3264567307,10.0791973753
17.3239428054,11.0840213365
16.6095128838,9.35872662148
17.087018894,12.0038920076
16.9015608635,10.2159006073
17.2231192989,13.2040971327
16.4697442494,8.51633116533
17.2554559638,9.56229280361
17.0687985854,11.1870796281
16.5232416159,13.097942328
17.5080242402,13.1001397158
17.3997102867,11.4935509869
17.5320266307,13.411609032
16.4907522163,9.10725606199
16.4623137472,10.7501748622
16.4755062642,11.2148671636
16.356098669,11.3347207662
17.5967369279,10.233823218
16.9644652938,8.60729436158
17.4327199946,9.99690283405
17.3686670222,11.1654625947
16.9164066611,10.549753126
17.0185870716,11.6665522701
16.5642019824,9.2738773941
17.0290529722,11.1006541472
16.7550032577,10.8819525724
17.1324009145,12.7636660131
16.3918547749,10.9314041783
17.0955364758,11.4695996898
16.361596058,9.28457591853
17.0320159096,12.4989833313
16.3237589649,9.0592240893
17.4703637624,10.0977292342
16.3656452053,9.6464049082
17.0318559959,8.99320382278
16.425109046,10.6036345449
16.6059193472,9.81594451903
16.8242363791,9.7255930712
16.4227595515,11.4975083199
17.4739769479,9.74137089215
16.7932369158,9.94641265165
16.4443571842,12.8873772514
16.9118470809,11.6641688517
17.0257096104,9.85194022657
17.3078334958,12.7936541884
17.1231008825,11.9068561314
16.6203530098,12.691000911
17.1505178508,10.9383614521
16.923193742,12.6352025673
17.139799587,8.95728400908
16.92095988,8.67802226165
16.6382155005,12.3369479986
17.4528015656,9.10363505181
17.5540731921,10.7723406825
16.5154391732,12.6917760089
16.4671650912,11.5610259902
17.4797097086,11.4785483285
16.8631279211,12.5520648896
17.7655383327,13.1784198709
18.2629711463,10.19819509
18.7865994781,12.2311708118
17.6116200323,9.7446220476
18.6060720974,8.9653090324
18.2070295108,13.1943067554
18.8425830547,11.7639496268
18.098103685,12.6070943955
17.7525701266,10.5247587448
18.7539615222,11.9240110409
18.5462182289,11.3449854584
18.1954949696,12.0109085025
18.1478786682,9.44804910934
17.7291731715,10.294482371
18.2726037283,10.4046574003
18.5285673624,9.57158130268
18.4399921534,12.3845139035
18.1596904872,9.24334462691
18.0675526291,10.0215714249
17.9432488325,9.86738509012
18.2251226697,13.1269741581
18.9182317124,11.4769920361
17.9952617863,11.5272727638
18.7258497902,10.9520493874
18.662513411,11.852482033
17.6682592521,13.1386214608
17.7380576573,9.6879805289
17.7441231868,9.60829851838
18.5230407427,12.2964080511
18.4928700227,10.6934935823
18.3882420246,10.6781236161
17.8314343632,12.0654783115
17.5775266501,8.52362466307
18.6331707134,12.3240993178
18.0635718408,12.4118011944
17.8076112237,13.1001514156
18.8593587151,9.70903980366
18.7906126108,10.608290558
17.6424843273,11.0491258228
18.6915456477,9.62201089974
17.8252551696,12.835149172
18.4951144208,13.1431756689
18.3690026867,11.4849363397
18.4208142995,9.64034044374
17.7669505998,9.41051403742
17.6963183845,12.332767415
17.8613652004,11.2596495926
18.2887275671,12.1180715419
17.7603262657,11.6166931887
18.8513087462,13.278700577
17.6223389527,12.6141724023
17.7013583327,12.6641609658
17.6239205215,9.26465584925
18.9229756459,9.93521510037
18.7315203733,8.62319999482
17.7252108279,10.4169364735
18.5760107868,11.4713122261
17.7898526501,10.6836831709
18.4840682276,13.0572646889
18.4597301533,10.3426177359
18.6532680193,10.8183578915
17.6589539828,10.9631144937
18.6796916623,13.1164868432
18.719302642,11.6105945225
18.006388253,12.3296726376
17.8446785971,9.94379592797
18.5895179742,10.6606620336
17.8312800937,9.42792384634
17.6129714075,12.3020664503
17.7990489609,11.4681027027
18.2436342049,10.2981490864
18.2936458389,10.934391382
18.3938279771,13.2005693972
17.8365351391,8.55567548241
17.6653483649,11.3522950447
17.9810788144,8.48944268838
17.712178092,12.4597516121
18.8084822067,11.5205136226
18.6504496112,8.87346014473
18.3618578651,12.9588763703
17.7634217071,9.20065415388
17.791453624,9.89773815683
17.9242458872,10.5900353001
18.7266173209,13.3092155374
17.8243918083,12.1976536835
18.785202266,10.5154892355
18.1296246153,10.5046132252
18.6125927459,9.85565661837
18.0378387827,11.8915869856
18.499857124,10.9858754032
18.8489179444,10.2613955937
18.41552058,10.5530538813
18.2776452038,11.2238877095
18.1661542489,9.34694764984
18.1843218643,10.0651622835
17.7406691731,12.5348885827
17.6861354638,9.92738852319
18.2428836465,8.90507274985
17.7368166334,9.47118721344
18.6472974923,12.0728926636
18.0904447256,11.3227583383
18.6543329786,12.5946863791
18.7315811887,9.00788240807
18.0848690987,13.2809416744
17.6696737109,12.9682545129
18.5670056685,11.1666849643
18.2337579512,9.8424612105
17.6581445519,12.7604459854
18.9329496141,11.3675381554
17.9722823476,10.1168215146
18.4820646533,12.5981891929
17.6076249312,10.604223851
18.5648310125,8.88581087042
17.85360023,10.6390321364
18.9063381233,12.223330375
17.7969568866,10.0982863703
17.9985680796,10.2365319908
18.4765384075,11.7813722332
18.4357947218,9.53906550056
17.9433544945,11.2129375815
18.3834675865,10.0670454148
17.8592877639,13.0429711554
17.8337624595,11.6670355845
18.3348479464,13.0270785574
18.4803580265,9.94668607557
18.8996570898,11.1507764832
18.6876268861,12.4955894125
18.7074442481,12.1379975349
18.9420636114,13.0782519958
18.4044591168,8.72519834137
18.0975354964,11.012717302
17.6790092982,9.11681154786
18.7869479534,12.7583761495
18.659358584,10.2330593697
17.9880020504,8.58076395646
17.6592823154,8.57840530947
18.5594039508,9.14711948094
18.6155977676,8.52193909537
18.1552057238,12.7119872926
18.2059078344,10.9602263354
17.853950524,8.90021178089
18.1614849901,11.2520290554
17.8798893081,9.45801726017
18.9610238946,10.6556547771
18.2786195765,8.81923840585
18.0664592633,9.32701817527
17.7340002175,13.4105493414
18.2836375371,12.491600071
17.9179794725,11.6462713945
17.7897790251,11.223955849
17.5979440607,12.5412081532
18.339804214,8.93641138807
18.1771795477,9.62531322912
18.8545833455,9.78119242146
18.0087421972,8.78037112266
18.4113782595,12.5360876553
17.7562846368,12.2844758687
18.587181821,13.0763783736
17.6585158135,9.02317404895
18.3132828741,13.1301785118
18.4677997687,11.5069917685
18.6407800439,13.2906487462
18.1069833938,13.4240202289
17.7530569676,11.3228844472
18.1455133771,8.93721191606
18.2264772768,8.71780936264
17.901347181,10.5047011038
18.939414256,12.0362681858
17.7980843922,9.77386770881
18.44247616,11.8930426694
18.4398293389,12.6930555933
17.9917783055,10.9947468001
18.6566978671,8.77131411814
18.2705050812,8.59586015953
18.199067313,10.3507309525
17.9737036857,13.4350861636
18.1752056897,11.9165703847
18.2507448207,11.3301544055
18.5752511213,12.8397750275
18.4691885864,12.4846888311
17.9071572649,13.3592121615
18.1588894972,9.05986537926
17.6693953394,13.252204842
18.6562943357,9.53521597835
18.0230955761,11.2883652143
18.0534621238,8.97592764702
18.1567872508,12.9399099294
18.6777355487,9.91466940168
17.6985546697,10.6217644585
18.2733882503,10.1049529593
18.3233869824,10.1715027973
18.5704963924,11.0766437761
17.8172086472,9.52607557049
18.1187443291,10.375518995
18.4351780222,13.4060593208
18.3437017921,13.4104488697
18.2754272688,12.8268824705
18.578363477,8.81629546135
17.9196041638,8.50147622515
18.8105843111,9.30896155737
18.2710929265,9.94139069233
18.3445743469,9.95259408915
18.3941544682,12.1492052859
18.1013412247,12.1699637833
18.8897565134,13.3637285654
18.5708021929,9.47782642979
17.7694115435,13.2673779157
17.7260490549,10.0264563492
18.9264411186,13.1772862887
18.6266341244,11.19156123
18.3732861732,11.5904984799
18.8259879236,10.045891774
17.6293252471,12.4753458179
18.0079519974,9.86320998122
17.6601578649,12.3932646378
18.9106893712,12.1219655912
17.7553899837,11.7283078818
18.0466033172,13.3667123177
17.9843598734,12.4848340705
17.9934697847,11.6987141955
18.7326185558,10.2629514129
17.929524464,9.58351235593
18.6585720668,9.04364467927
18.117264807,11.1239876083
17.5849278653,9.1857355821
18.020860714,11.4624082483
18.5229760911,10.0857849705
18.2167599997,12.4992021703
18.8595196307,10.3773422481
18.3718444706,9.53963596556
18.8739496208,11.8675669878
18.6642469434,11.4303359457
18.644067662,10.6982930642
18.5753548018,10.3722366226
18.6776440024,11.5085735024
18.6050370803,9.71206438491
17.6599799259,11.7547210778
18.9087390114,12.9851639195
17.8767640693,9.20108008899
18.4059820088,10.1541322798
18.5487251295,12.4002055138
18.7343448603,9.44926882164
18.4852581996,10.4683644162
18.0392319498,13.2357223072
17.9355831754,8.97099593678
18.3443837514,9.12808494734
18.5222874691,12.2105446585
18.6738284209,11.9240173722
18.3373227353,8.85748873649
18.0909236976,12.3261414755
18.7299685206,9.090365099
18.3929706919,8.50135972599
18.4540150697,10.2388042219
17.5898731783,8.63898246375
18.0971761808,11.9549734314
17.919692876,9.49564192399
17.7979707211,12.9990265854
18.7969198665,8.9381025345
18.7453984373,9.95567643214
18.6275750315,12.4351838511
18.1051111814,9.68022822593
17.9172483869,8.71567691117
18.5916589477,9.28584689652
18.0652426301,12.9917316128
17.510518761,9.05929204029
18.0500577737,9.08007875537
18.88251314,9.86325290089
17.6291593102,12.1139263138
18.0247050666,9.93884305191
18.6502239616,9.13206722172
18.8107643856,10.1428135308
18.113073337,13.1822486753
18.7386838922,12.3293319105
18.6730086486,8.58470523001
18.5894338839,10.7515814561
18.3387883283,12.5613789534
18.7405985455,9.5650349991
18.6242116661,9.33915048465
18.2764241379,9.35901300358
18.5693910836,9.06858565325
18.8387866297,11.3213319122
18.7172612469,8.91486833265
18.4097690263,9.29228781211
18.4702370699,12.1050604594
18.8231009158,9.52658336206
18.7892119641,8.58335923066
18.9151349776,11.0457387931
17.8308836073,10.002315545
18.782271093,11.7617977873
18.7317198853,8.52244715958
17.8642686739,9.00605567229
17.9828070602,9.50394155594
18.864698339,12.8034425818
18.1257945863,12.458209477
17.5849939072,9.08901818458
17.7029456283,12.1926306453
17.6423374263,11.1323738266
17.8526941173,11.7399982469
17.7014889955,8.70953593683
17.6622050708,11.8750985613
17.9511463233,9.44361006877
18.1943408511,10.4314097803
18.5938381745,10.470222723
18.2969083587,11.564233736
18.935742395,10.4461583324
18.4576798473,9.7419098867
18.8239742541,10.9014403576
17.7545462935,12.9465794487
18.3404654877,11.8965696229
17.8889166978,12.4425741179
18.7312808384,10.7165247004
18.719117004,9.85892100676
18.8510773196,10.701816992
18.6823353946,9.69905417715
18.3996182927,8.81987417805
17.9826640024,10.0162638924
18.3623944273,9.74421315241
17.7390468558,8.6095549963
18.5716699874,11.9115982626
18.3150912696,8.50485412035
17.9842909053,10.6645182764
18.8121809223,9.43101710142
18.3487531831,12.1949292571
18.3477316497,10.2601550356
18.5769481067,12.9286930084
18.5029125073,11.2320850483
18.2330332086,9.68665157434
17.950653604,12.7342446954
18.8368166722,12.0469126166
17.9333939986,12.3631281257
18.6176444746,12.9864417524
17.6819214118,9.64802236975
17.9736065848,9.03456681428
18.6647048923,13.0418243701
18.3396690447,11.3001012902
18.9026792799,11.2648486932
18.7155241786,10.0665205794
18.2006689343,8.97959581173
18.5897336803,10.0448515043
18.744028258,9.27133424388
17.9187261576,12.5506204075
17.8622350782,13.4468784067
18.7055065778,13.3994488749
18.1447950279,10.2328685627
17.8881300642,12.7782469877
18.188606291,9.14904635287
18.4241782825,10.0011161475
17.7806574254,9.96360173172
18.4637586321,13.3338159178
18.6881760596,12.7331069758
18.9320917892,10.7295611585
18.0415384925,10.4439720353
17.9089145121,12.1151909225
18.7627317825,9.76484407954
18.9084554579,10.9393689585
18.7964948153,9.8830279121
18.4365139619,8.62652888936
18.7478356672,11.3449089001
18.9628098742,13.3298266285
18.0172557679,9.56008775014
18.2362658422,10.8951138407
18.2497933066,9.30171568446
18.4920903048,8.53010813601
18.5913150981,12.2341840348
18.5124291259,10.1686094594
18.0184931462,9.27254373374
18.509327871,10.7940350045
18.2921922466,10.8334078443
18.2624777273,13.0528981432
18.6883926267,11.0596290459
17.750164994,11.8882707635
18.3029113439,8.67678404014
18.3877877678,11.2186803033
18.1578600818,11.3506200448
17.5917067309,9.46054242514
18.8029181893,9.23309087572
17.8751059617,11.4798596618
18.0829233654,10.2801356732
17.9325981281,13.0847706107
18.0054599199,10.1627661991
17.6859599688,10.1028063331
18.0200340054,13.1787961204
18.2307460944,12.8880542601
18.4909258531,12.007102108
18.4046758895,10.7858064705
18.843003489,9.95202821164
18.6917358044,12.4037874231
18.0568885221,11.2046800346
18.0007587448,10.8210905288
18.0076841289,12.5653919736
18.8616191624,12.3351000364
17.6818704634,9.59541893922
17.7691970526,12.3864289026
17.9689440971,8.88877778353
18.6383046405,11.131308021
17.6244017004,10.034357968
18.6529568791,10.4079096025
18.3516272322,12.7472462345
17.7689712121,11.5314405073
18.7056767662,9.34986187493
17.6035958371,8.73889529737
17.8184168487,8.78245351786
18.0627596427,12.8710093689
18.4205773947,13.0112771854
17.7493117629,8.86978284826
18.4999048424,11.5832481451
17.9934037039,11.848755689
18.3192900835,9.66354690569
17.6839873786,9.78928844602
18.45735213,12.1787128458
18.1850418921,8.63480938538
17.5979971506,10.393851299
18.470155625,11.4165077038
18.6694478059,9.22657598985
18.8969751761,12.5622029961
18.5480498847,9.36594529926
17.6646248334,9.70556952148
18.2032064452,10.765043474
17.8234912467,10.2480681108
17.9068506516,10.1793319247
18.8146888862,10.9676160937
17.7102018589,9.28351097946
18.8824440322,12.7224799851
18.7948495146,13.3433705349
17.9108859216,10.6994779626
18.63710209,9.41879389626
18.3116503202,11.6589340762
18.2998902477,10.6450054763
18.8450486756,12.636855388
18.3706378312,9.8317097698
18.7227425391,10.1739943981
17.9151660129,8.80870003859
18.1871856227,13.3915466103
17.6493061125,9.32543490211
18.4056341229,9.90870032837
17.9749768892,12.8974925997
18.1698331054,12.2793423945
18.0053982648,9.68278934254
18.2870621825,12.2662589239
17.9027889282,10.0591098614
18.0058842071,11.1030306929
18.6154435813,9.63477142928
17.8567496199,11.1894120293
18.8120358707,13.4294899851
17.5945982633,13.3338380101
18.1486444354,13.0620902417
18.0158288177,12.1393878107
18.786325255,11.8431908425
18.2170348803,12.1935543513
17.7140619947,9.35931744697
18.6212882403,10.1461377729
18.1692607555,12.8195367075
18.0368842562,8.49489553891
17.6919888708,11.5507481213
17.9314403342,9.94764296049
18.3849986354,12.6379006643
18.5702651741,10.8650708372
18.0795039769,9.40876365117
18.7007932493,12.8432871671
18.8240651569,11.6243486732
18.317741712,9.87387076309
17.9040497402,11.997221421
18.1158853948,11.8519251685
17.7193178798,9.04129030065
17.6713304924,9.47320811614
18.3516238613,8.58636605171
18.7196523607,12.0175281833
18.376872964,13.3125683789
17.6943629419,11.2507772807
18.6821220015,12.2356975668
17.6443995726,11.9473294447
17.8961416785,9.38671998394
18.3001926357,10.3390492701
17.9943939861,9.36905293847
17.7063895149,10.7533328683
18.8091985536,11.2539700331
18.1540895137,12.5217517676
18.7257839449,12.5632596006
18.1066799843,8.54787640038
17.9221718779,11.7281059006
18.447589527,9.34967861324
17.902647027,12.6493843586
17.5829842866,9.79520005462
17.7009488066,11.9683225748
17.9670267879,11.780083157
18.4291559955,11.316930681
18.2019503492,11.7773747948
18.1986769062,11.5248115933
18.9348930064,12.6429003819
18.705618588,11.7839808674
18.6520747716,9.97973826737
17.7386458079,11.4139952959
18.2660973851,11.432751966
17.8136306064,13.3597277638
17.9003373483,11.7902585962
18.6528174406,8.66834053967
17.8847160789,10.9862847944
18.1996096569,10.5802659457
18.6350106364,12.9139892059
18.0775634514,8.86849997003
18.9196659202,10.1660372807
18.1075891235,9.58893695741
18.0240971215,10.3494276253
18.5755770789,12.5126249705
18.3286264623,11.1302158442
17.828687905,10.4535145133
18.227508756,10.6668981016
17.9936881594,12.6556518198
18.0257715982,11.3755172977
18.3376857033,8.78788846018
18.3119398598,9.80673970108
18.2733899275,13.3432643453
18.1385325763,11.6066976027
18.3381413144,9.58837517925
18.6361493963,12.1855127311
17.7912185155,12.4845284671
18.1321406482,10.6005951666
18.1599177522,9.94987897278
18.614587902,10.9675940679
18.3281357122,9.29315142616
18.658119569,9.28547771642
17.7061137383,11.8071096091
17.8335466922,12.7088416096
18.4967634556,8.78521000192
17.8308730949,9.64947171627
18.6516261046,10.3092381973
18.180939688,10.1584265155
17.8584942184,12.3148410354
17.939147432,11.8383312302
18.8788095082,11.6936831572
18.6819422033,9.7962816767
18.2039980446,11.062329834
18.5664632233,10.2605995531
18.7847208982,9.37682967525
18.1657953079,11.6719475676
17.7926802402,9.08532839036
18.3639156439,11.7998231154
18.7548758588,10.8395937569
18.7159254841,11.8700142035
17.5868512486,13.1996777109
18.6046805674,13.1860769214
18.2527015024,9.21235709848
18.1790775453,9.53431469589
18.0837764915,8.64357331615
18.622629702,13.448444122
17.5681211165,8.90632535975
18.4715974038,9.13030041989
18.8949962843,10.6034670238
18.5791841418,12.6603994573
18.5624016033,9.95475968918
17.9897266872,8.67598546955
17.7692973168,12.881100836
18.7967472609,11.1704619538
17.7506748135,12.7696163885
18.718016694,12.9665064381
17.8519848533,11.570785392
17.7999322139,11.0378261994
18.5041705188,10.0180881928
18.1761399545,9.75467585869
18.0068683974,11.9767550973
17.8218229881,8.66911865758
17.6411199711,9.40297050024
18.1482515933,12.3764991286
17.6447737413,12.0204017275
17.8424857686,11.379863989
17.820482597,10.1739166076
17.8377260229,10.5364335696
18.6326824363,9.76662525356
17.9113776677,12.8556346372
18.7411854313,11.4397575547
18.3232443119,11.3757695805
17.852886481,11.8738988871
18.8007861972,12.5513630305
17.6651767978,10.163937231
17.7253185747,11.0142938888
18.6966536663,10.4864284549
18.5375221444,9.77795284927
18.5145028502,8.99249104793
18.3043571966,12.4278651902
17.650624746,8.82863017899
18.9059423885,12.4598641595
17.989042224,12.059357133
17.7662294554,8.97418699954
18.7954022639,10.4482911763
18.0913931252,10.7993491616
18.8097713745,12.9898285724
18.2723064429,11.8417466499
18.0015546818,11.6030146279
18.3054526903,10.7255326875
18.2919521634,9.4914272471
18.1150411739,11.4335852601
18.2445535908,9.11305504174
18.6385741013,12.674751794
17.8613968414,13.2592186459
18.3443484915,12.3531226273
17.8993477649,8.62908261213
18.818958524,12.892125372
18.0685355668,12.7436387027
18.3648159992,9.39299143799
17.6650690463,10.2264473169
18.0702120038,12.5065757121
17.9777414947,12.4084034791
18.352862685,10.6053126821
18.8212834443,11.9089663955
18.080930796,10.1814844863
17.9033993526,9.09853033602
18.7457936515,12.649435816
17.5919560007,9.66421458288
17.9318307935,11.555041626
17.9149726338,10.2918084195
18.5318040041,13.377823999
17.8937168464,10.8042883657
17.7314291071,13.0549738487
18.0813985929,9.88756665496
17.6178757387,11.8088388996
18.927062572,13.2779858243
18.7506749934,8.83430810744
17.8717656156,13.1449215908
18.5673967961,8.61884206331
18.1252039258,8.74336588134
18.5686497479,12.1243283412
17.7801589862,10.9386368661
18.7156885327,13.2109545138
18.880042198,10.8150385863
17.9658543895,13.2253536552
17.9264092735,9.28889406537
17.7353676017,11.1240762901
17.9771679325,10.5075788448
18.4298959896,11.555370796
18.8327814985,11.4075243832
18.7367477715,10.3701514337
18.5230813633,12.9878135907
18.2350472989,12.7254290898
18.4737720155,13.2591682243
18.6025348835,11.5858207823
18.4023057325,11.0638739141
18.1811476477,12.6537327943
18.4075990398,9.21466715753
17.6446643202,10.5118015158
18.782707543,10.212422655
17.8082463688,9.31772020861
18.685754552,8.9591025457
17.7127026812,9.53788423771
18.7551059735,8.71935696572
18.2280049686,12.5779286273
18.2312840437,11.6956338795
18.5010611126,9.26510872967
17.6721847634,12.5576938856
18.559658438,10.5665695529
18.5184629427,12.7001204481
18.0421031125,8.69998579318
17.7360689162,13.3246223927
18.1650938789,10.296965665
18.8101757701,11.0658600907
17.7958589303,10.5992850972
18.2857376204,11.7461406961
17.9419572509,11.3261003144
18.0972038678,9.27623508323
18.271535225,9.75529345604
18.6932874849,11.1495027672
18.5421546985,11.6832945026
18.9566727602,12.3776134201
18.3853831155,11.3881736241
17.8749106461,9.724545774
18.4015649618,13.1029514114
18.3918917045,12.0671848471
18.2158444512,13.0029320482
17.5097452614,8.58813786586
18.3613257418,10.4566593227
18.1438767358,9.85266909018
18.4473879579,9.82574261794
18.787457493,12.4391773834
18.4686232134,12.7849192968
18.1956266233,11.4004391413
17.6707437513,9.21956250731
17.7897707504,11.9733664376
18.7815504081,13.2706160991
18.511700651,9.87865955428
18.1200061727,13.3514023961
18.8937588965,11.9556537843
17.7063254503,9.42239382766
18.2991680914,12.6480584986
18.3069321007,11.029099537
18.3939855688,11.9747089088
18.7504209795,13.1341044147
18.0936500867,11.7382392763
18.439136373,11.1412726987
18.2008893981,11.8570915516
18.8633100807,10.4985127694
18.3612136461,10.3602868003
18.0894239879,12.0636607032
17.5779913627,9.0043706339
18.8428254094,8.70423613417
18.491291797,8.68716542274
18.7937856166,11.6963747815
17.5823789764,11.9556480776
18.9568077558,12.7113173759
18.2447506725,12.3732158124
17.8809009887,11.1044155152
17.8665287898,9.86416803159
18.1799364191,13.2843599426
18.2812844304,12.9558686798
18.5699219235,8.7169362976
17.9510388671,9.77755848245
18.2057833987,10.2363692228
18.6774363669,10.8823195461
18.1666133013,8.8424711915
18.5748145137,12.6012460581
17.7426501025,9.85344454214
17.6668988772,8.9352827689
17.8105773116,10.7647785156
18.8085878674,11.9606043143
18.8322322002,13.0872166142
18.6712709059,10.6035174318
17.8248040021,10.3515933388
18.2784936661,9.02072504856
17.8114128224,12.5941173959
18.5298887829,13.2209452172
18.3092508446,12.0028704011
18.6043302999,11.2692439932
17.9887897281,9.17119001894
18.2374531431,11.6151807603
17.9559782672,10.8975533792
17.7487160579,8.50411642639
18.4805462411,11.0700063808
18.4718025201,9.44642581305
18.4649357766,8.89805137291
18.5944212898,11.7924244371
17.948933661,12.2290797942
18.283125741,10.5800746159
17.9585428128,12.9920090291
17.9234504687,9.68052049569
18.9090023775,12.8980087865
18.6155708002,13.3752626768
18.5961543397,12.7350767378
17.6154600709,9.85498493449
18.3387590582,9.21818679044
18.4084873429,12.9343120753
18.0741090614,11.6401964105
18.2861017535,13.2359411586
18.7267046772,11.7056284685
17.9829631221,12.8099928595
17.8164334288,11.7903861795
18.2527823173,11.9259507096
18.8306092238,12.1421392193
18.2181926604,8.52177186738
17.9542715012,13.148576419
18.0372390879,10.1063492366
18.3304817734,10.5415560213
18.045805656,9.61633191852
18.0764999945,9.50183779504
18.9181556505,11.5960502389
18.010834627,13.294156332
18.4556739504,10.0744725931
18.7367149609,9.18240560863
18.6490108034,11.6987438074
18.8187409954,13.2000194087
18.1406954189,10.9218786699
18.9109299533,12.8452460655
18.2568956955,10.5003104389
18.422403512,11.6767948786
18.927558668,11.7854909878
18.3851816494,9.47569995038
18.0159055635,9.44803504897
18.258561548,9.60112975648
17.8158318006,11.2944112773
18.3714406732,12.465906104
18.0395119109,10.6825176038
18.0427347939,10.5909923258
18.0779507276,11.539735281
17.6847008535,12.8620999526
17.7330499903,12.0744685631
18.6498966365,11.3509637777
17.6157462501,11.5639886162
17.8536015565,12.9361536406
18.2382482242,9.41128774578
18.0741526669,9.79030935995
17.7439149455,10.1881980951
18.9134603323,9.07735944096
18.7081637928,11.2394483326
18.2453107766,10.0201249476
18.4105458411,12.2695530768
18.7443312653,11.1249227596
18.3231991821,10.0186410518
17.7683716165,11.8196182889
18.4751807418,12.8943205146
18.4111049853,9.01714512529
17.6184440431,9.54500091232
17.8065108377,10.8431247016
18.6142963673,12.0072775858
18.3668555283,12.8657176586
17.9462561106,13.2964909962
18.5957510853,9.21005554031
18.0271050649,11.8045400319
17.6423010519,11.4593296756
18.1775647218,10.859314003
18.2080976042,11.1585878747
17.6693724935,8.50348920535
18.3700668855,10.8751349535
18.124767333,10.6839802804
18.187943721,12.4436336946
17.9438447053,11.4976523396
18.5487363781,13.2919383195
17.9444359186,11.4222134712
18.817289252,9.04416626205
17.7291011319,10.8501464003
18.1792237019,12.1159360723
18.5281991865,9.68317569718
18.3907673974,10.9601938489
17.9587723078,11.9074297234
18.2756900006,8.75597641669
18.0285193508,13.092176546
18.1138817863,10.09994859
17.8629419219,10.8947402949
17.6544693902,11.6549623169
17.9982896939,10.7436330202
17.9321037063,10.409325556
18.266887119,13.4259500282
18.2170320883,8.7860844576
18.0626645684,10.9073988255
18.1044982714,9.16724044101
18.0619159977,12.2537728781
18.4671507959,10.8838941716
18.4761403245,10.5993827292
18.507491354,11.1407759044
17.6951772029,10.9096513166
19.9344285982,9.04556905344
20.1171629606,10.0583459974
19.955204179,10.0821128836
19.6291423359,9.51407036888
18.9920427034,9.08793414393
19.9953025201,11.8033262307
19.3958927054,11.8514162373
19.5176709095,9.1870295882
19.0988726995,13.2325948558
20.1188997457,12.6279383206
19.9971925041,10.5849553784
19.3430100293,9.91637727842
19.7595286002,13.2631034103
20.0605980828,9.96149954751
19.0006731218,13.0422465421
19.6887605987,11.7143586775
20.0179082109,11.9745515867
19.494508297,11.0760140988
19.9467547155,13.4422190085
19.4882085615,11.7975907092
19.214066382,11.4622224509
19.6663793909,9.9378683583
20.3532143455,8.89604684254
20.261176621,8.65896106468
19.77801162,10.3918868259
20.0888316023,10.6178394828
19.6739777951,12.1332077297
19.2661853051,12.3276644345
19.7146744084,12.6506231575
19.4715351122,8.70548411802
19.7889237277,12.7448537283
19.256190529,9.80660397567
19.6855459702,11.9210804084
18.9785374331,12.0952874125
19.7621200751,12.8412789081
19.6007333687,10.8677601752
19.3726373313,9.40389164876
19.4391409545,12.4007913983
19.4500146412,10.3125472923
19.0562019408,11.6344061816
19.1010248149,8.7320025043
19.2955482518,10.6186225401
19.1177234051,9.65076655418
19.8234155044,11.6367541761
20.1513353818,9.38873381015
18.9438371571,9.40029874693
19.9032795399,10.4452909971
19.5371503679,9.52601892465
19.8111697301,10.4599054382
20.2276381248,10.7445010797
20.0957387358,11.1097368097
20.1665354439,9.79191205533
19.9896272652,12.4651870916
19.3060460213,13.1617256088
19.9008491117,10.6176016395
19.3448210925,11.1694444794
20.0452430878,9.01531201014
19.6106593267,10.5181851918
19.7107800432,9.03976112617
19.6042239774,11.9154336048
18.9730055877,10.0731078213
19.9325614695,11.7446833171
20.30230023,10.8050280322
19.6233958575,10.261455542
19.0589352861,12.3631089903
19.0547400015,9.03414668744
19.9044035619,10.9783523392
18.8768428225,9.33143016167
19.9718483629,8.68824431682
19.2955799613,12.7280121569
19.4974242478,13.3042290551
19.1063759569,9.44385376851
19.3723254198,9.48159131065
19.2431319095,10.1914086587
19.7118368289,10.1981975675
19.4383194386,10.9672424783
20.131583794,10.8293418633
19.3834748031,12.4501139698
19.0437845224,11.0884175499
19.7983848927,10.1056462384
19.4237849164,12.7908741173
20.2504594891,8.51138026706
19.5582580327,11.2718544366
19.8848348315,10.1777939723
20.3007726343,8.73197674038
20.155663827,11.1604510972
19.9738043321,10.177633017
20.0274141411,9.79389444082
19.6500031291,9.7220655518
20.3120204326,8.58008391067
20.2475593299,10.5794429243
19.1193247862,12.0167564136
19.8198323726,12.3509593709
19.9383850916,12.2487440372
20.0596311724,10.1424557918
19.0262188711,11.9840764865
19.1276888113,9.29888288424
20.0502692836,10.3017305356
19.2681508745,9.99604416235
19.7737290794,11.8875040339
18.9572641652,10.2467616142
19.6691187699,13.2055265494
20.1909089902,10.6382715469
19.5501705487,9.10285917379
19.5967848754,10.1682558032
19.1124286593,11.152967399
18.8938496141,8.66433257395
19.6631703942,11.2114048115
19.9696344814,10.5027137694
19.6961020777,9.85526258476
19.692375892,12.5344876576
19.7023748757,10.5257312616
19.8639587365,9.48349570454
19.5325174521,12.7592776042
20.1695734841,8.8296575195
18.782514014,9.64602828577
19.3476579155,12.5867342462
19.8667955521,13.1308020503
20.2209967346,9.8662591886
19.2706163309,13.0116202086
19.8238303083,10.7135596061
20.3580659048,9.00117540239
19.1662713628,9.96257729029
18.9914664637,13.2465021222
19.8140927223,10.0002492563
19.9606047028,9.8240362657
20.0164719023,12.2805680264
19.0930501361,12.1666668105
19.528106317,11.6054959437
20.1830717379,9.61800393309
19.3163466923,11.3617489225
19.755148958,8.99230372089
19.2382211108,12.0773407434
19.4963352955,9.80538155394
20.0568893856,12.8218587061
19.7833614407,13.1648016774
19.0062816559,10.7216146045
19.7709985597,9.68546999214
20.0639372911,13.2072107509
19.3656090584,9.59270098644
19.8500227229,9.02347823616
19.8673442049,9.12244739097
19.3278274245,8.98825942081
19.1228232986,11.3802640961
19.8984444454,9.21726925617
19.3969381212,12.1399032228
20.1884992822,11.8983458639
19.3051863769,12.9274457924
19.5706221989,11.5210946686
19.8002889406,13.321312075
19.1070071474,9.87656871228
19.3720510197,12.2417463825
19.1915832126,9.10646102713
19.5747592266,13.265360754
19.869275814,12.8246425033
19.1669365725,10.4077981652
18.8635594337,9.44502952396
19.5711150521,13.1797023932
19.8012172206,10.5599874802
18.9099431639,8.92318754321
19.189180519,13.2340615921
19.4390696417,11.5707839168
18.8561987707,8.60546306932
19.2952909917,11.7850093121
20.1741189322,11.7786423197
20.054669489,8.84566891081
19.6235073301,10.7661050118
19.4631765081,10.4176785114
20.0596124269,10.7389675664
19.1481717948,11.7617426118
20.2811455092,9.5283245205
19.5724000162,10.4341294721
19.9758010774,13.1855507835
19.0154473015,9.33153662675
19.4664995842,11.1898392371
19.0422982014,9.39494408761
19.4172734893,9.68101287073
20.188988274,10.2345262638
19.149292548,12.1231910325
19.293000363,8.83897200565
18.9825417012,8.498913501
19.4469006134,11.6425057989
19.3235174481,9.70448292324
20.0920334993,9.49132053867
18.9904818449,10.5934882549
20.0817981163,11.582370142
19.3738823048,12.6830258332
19.1319947668,10.2037695533
19.2832339904,12.664352856
19.0578151537,10.6424520212
19.5375562662,9.34090471932
20.1879562571,11.2373262529
19.7358618473,12.2645255305
19.7973642846,11.2761592659
19.0118042436,12.4619312517
19.5704983925,11.8379567025
20.092270437,9.60535767659
19.1226135868,13.1456781783
19.0546454452,10.5273002534
19.9878050233,12.8667964394
19.2890658278,10.7901351911
19.478164634,11.4898775103
19.5737127715,8.74786181413
19.8169703525,9.30686210021
19.183483136,9.51067095448
20.0154324134,13.1082785678
19.6589485624,13.3224742774
19.2663964724,11.5565580481
19.3809816426,12.8889657518
19.6325459411,9.19212192749
19.055172653,9.80714126139
20.0679742298,10.9316963217
19.2612691367,10.9995834999
19.8921182861,12.159207014
19.2878602282,11.2714380753
19.1533985009,9.58809311446
20.1622473838,11.3323983213
19.8566191828,8.52842400473
19.1635044181,9.81643169157
19.8815970752,10.515377665
19.3139722054,12.5010199279
18.9494130759,9.52742039258
19.144364318,10.8091592257
20.1667437252,11.6205524069
19.8712078064,10.0498551518
19.4409574826,10.2290546822
19.2321784902,10.5147492538
19.5993398342,13.4497469527
19.877763499,11.8162574442
20.1218132188,11.0195160897
20.1523249849,11.4248280978
19.8898644719,11.1065370524
19.6968888924,10.8973729988
19.5581161487,13.4122134828
20.2477896772,10.8578399606
19.5788353732,9.44118669669
20.2110511689,10.4086883187
19.1752246441,12.9647064215
20.273400345,8.93940435214
20.0540202531,9.70476111321
19.4059147055,12.5273684821
19.4429460494,11.9642299353
20.2549409464,9.03969703614
19.3783348857,8.87720758511
19.3136206238,10.7215567623
18.9416433125,8.58487091819
19.0291418889,8.74233902085
19.4749741766,12.3286381461
19.1693143618,9.20918771907
19.3704657985,11.5127148557
19.6142355579,11.3800110817
19.2752598607,9.07324616962
19.7325184726,12.9776768706
18.9868533613,8.78879347691
19.8472483652,12.2697308463
19.5591338355,8.62587016957
20.1371567482,13.1121038753
19.584141458,11.7656201149
19.1607789483,10.9789241026
19.5694264434,9.60980754462
19.0434909788,11.2401793565
20.1219830153,10.4559669015
18.9181145431,8.7477569679
19.0660743482,10.849520611
19.3104722112,12.8138481777
19.7209663612,10.4343899855
20.169073515,9.46870264874
19.6118019825,12.7687494817
19.3801064177,9.22117704584
20.0963555214,11.2019522885
19.3182856165,11.6740455723
19.4131576932,11.0329322997
20.1813178623,10.9385258404
19.8065374058,10.1969674672
19.3910765181,11.3444025631
19.4535113361,12.2608261743
19.5230737529,12.2560478806
19.5264250428,10.239225721
19.6857731388,10.8203491353
19.7842532992,8.60374969818
19.5646640635,12.3341917088
19.2880975714,12.4234871407
20.1908884408,11.6954275577
19.5480476104,12.171142562
20.0599937592,12.3729022337
19.4695753667,12.1744243721
19.0717562303,9.5456948077
20.1021218288,10.2303791228
19.7354428601,8.79447652377
19.6871433803,9.42337087915
18.8289211953,8.76572770988
19.2409299849,9.61578213493
19.9698312415,8.9317316365
18.9343195034,9.68809595035
19.9907046984,9.28929099742
19.9261621557,9.55158478402
19.3976471506,10.576615779
19.2875940013,13.2545929812
20.1556243886,9.70180940858
19.1680012958,13.0596276215
18.9775920761,10.7909762249
19.2336615776,12.3847070873
20.0210776286,11.2694601511
19.0734281886,10.1055860841
19.2911297885,9.50531572927
20.0582230711,12.9134054575
19.8808396509,8.97925328368
19.787936479,9.56138570913
19.8101714442,11.7313904091
20.0573917123,10.5222418647
19.9455073092,10.2716885798
19.2573876398,10.8451744436
19.7997282301,13.4017421952
19.1966104776,11.6147933123
19.1363093158,11.6676311348
20.1031815386,9.77191320235
19.9104054689,13.0472117705
19.3322054927,8.79844958648
20.046260441,10.052024212
19.4530392084,9.1521183884
19.752181356,10.3131099162
20.1061579046,12.4648589686
18.9993629581,11.441875121
19.7191142886,10.6285134951
18.8368457924,9.14857562203
19.4517840044,12.4683188809
19.401837254,10.7609351089
19.6824593926,8.62942496362
19.6711931487,11.453572436
19.9801650775,9.1854522879
19.3427753729,8.74386872954
18.9434304162,9.17963348438
19.2725392703,8.9060063987
19.9681606124,11.9066174869
18.9970062832,12.8846106477
19.3262993957,10.5173154681
19.0802931879,9.34212004109
20.1648194959,9.19561108211
20.2799767528,9.2056338049
19.755068173,11.2133412917
19.5175046905,10.7647931994
19.9312104679,9.7400219421
20.0835680561,10.3775428488
19.5816783472,8.989069655
20.0113299404,11.0376216963
19.0940151959,10.7439052181
19.8280855041,8.81066637307
19.3007615695,10.0988507217
20.1046612118,9.09156869526
19.366277448,13.226121051
20.1025906283,9.29196470076
19.9062998633,9.30230993339
19.5688492802,9.77455048664
19.7155320994,9.12921594081
19.090467222,10.2807922101
19.1042411562,10.4467730689
19.2477185242,11.9526475146
19.5438458529,10.3367408657
19.7096335282,13.3980459834
19.4126856435,13.1412664968
19.0591186061,12.0909563238
19.4689946302,9.87869557604
19.8838840943,13.2174900576
19.0161475792,13.1067332752
19.0504331707,9.23781130867
19.0334003427,9.71581505684
19.736955684,8.51786286492
19.373306473,10.3591387499
19.0412726777,13.4302524824
20.0591928069,11.4819253028
19.1476049814,12.4013511674
19.3686264762,13.3308896079
19.4662200003,12.9111240264
19.1681195442,11.9325891402
20.1871151655,9.0945581924
20.1788219294,9.9804954945
19.9999614295,13.0225936667
19.1226488731,12.8588512302
19.2303553256,11.1738251023
19.0778398606,8.52942141082
20.1768711018,12.751967763
19.3130097949,12.0865547687
19.0411017347,12.7880582946
19.85481497,13.299542523
19.1708170785,10.6100759737
19.1736694375,9.38037708027
19.389608118,10.1516781638
19.0213553246,9.45739029803
19.9254163424,11.0643058802
19.2859367875,10.9210121783
19.2860753585,11.0947134735
19.5300360606,9.68959592152
19.5606326157,12.8709791323
19.2930172223,9.41758489503
19.8056442112,12.6604605629
19.1099592572,12.7660155428
19.0063143648,10.9275370798
20.1144737769,12.8061544776
19.076976844,11.8999695425
19.8756795947,9.638005544
20.1174789144,8.90780895054
20.0963445305,12.7216888635
20.0184212672,9.1157841834
20.1537715609,10.3152233155
19.4508422715,8.98394828828
19.3883977794,12.0417836632
19.6484708006,8.91113582097
20.1843514008,8.92282147633
20.0139629482,13.2777367409
20.2453082057,11.0035817536
19.5815559035,12.5806106433
20.1680766509,8.66266566348
19.1438944168,10.5222684404
19.6210255202,13.1047055758
19.8608191538,10.3603341455
19.5087418374,9.97918231472
20.159629241,10.1629138098
20.2511703588,9.11339051264
19.0129857526,12.7214219773
18.8865114972,9.61574814357
19.3438870509,10.2565386813
19.2729267584,9.16921406565
19.9827652366,9.63498980215
18.9842270547,11.2955953022
19.4110213167,11.4302929553
18.9815930441,12.5877541499
19.2400003347,13.1002874776
18.8715756279,9.23904103851
19.9911448865,9.48458435755
19.2030185557,10.8133836229
19.3542390424,11.0761745152
19.4796078761,9.25539597176
19.6472348632,10.9778972643
19.3683123886,11.6140676611
19.1625394224,12.5682347025
19.3146840422,13.0824081648
20.0704488053,11.8792768005
19.7748590066,9.39000925226
18.970935807,8.67561212166
19.6106553818,13.3901425889
19.8031029796,13.0624676145
19.2056520909,12.4767026907
20.0746083961,11.3607198815
19.0102173118,11.1616839067
19.1749230907,12.0583735094
19.5418399722,11.9894211141
19.8549166207,12.6250543525
19.6889644672,12.3222948625
19.6115555387,12.9441836489
19.1648796288,8.69247354939
19.4597795046,12.7080807632
19.6163336694,11.4690737664
19.9937331347,9.88678779553
19.8409867726,11.1824422701
19.2367429702,10.7676121005
19.9770161685,10.9185764309
19.6158141583,10.0509084668
20.1480225532,13.0105266172
18.9710353657,10.8626765527
19.4729859592,8.63133956174
19.8325235051,11.5584027681
20.0556906233,9.20409244184
20.1927708502,9.53844432233
19.6997724619,10.1007976706
19.2277414159,11.3629452351
19.5041035749,10.5373421698
19.170624646,10.8894484207
20.0693248762,12.9930957529
19.6164527562,8.52383065638
19.342781732,11.4271795117
20.0744680549,12.1977681449
19.6550654529,12.0144501895
19.4127078308,10.4916221514
19.1736776409,12.3113085653
19.3692782625,10.9256218486
19.3916570732,13.4197657266
18.9488656456,10.3762678255
19.7562402227,12.3425457469
20.027145174,10.2249554563
19.8717781497,8.63874470738
19.6110424612,12.4766400116
19.6356144003,12.8192202226
19.2536361638,12.5826273528
19.8169218541,8.97100618497
19.9743463421,11.5083557029
19.4639501615,9.42442949752
18.9521537289,12.7849452111
19.3406578364,9.32769615792
19.3729239257,9.09757032241
19.5913133835,10.662686349
19.3770821217,10.6737951055
19.747233257,12.091271429
19.2287292899,10.6986665997
19.8839520474,12.4037343879
18.9801598876,11.6887248028
19.8222553622,11.4324054989
19.1280961759,11.5742824232
19.9868709167,12.0798229968
19.6448948683,10.5842348495
19.0121269219,12.6344597024
18.9119007346,10.0094974409
19.9202041824,9.39027700913
19.0265453026,10.2092493584
19.7496986991,11.8012802913
19.8903912689,12.0524252103
19.3859117326,9.80849976872
19.9837926041,10.3906684056
19.9358453669,10.7477142433
19.4583710844,11.2842700057
19.8804151114,11.9074747891
20.1243067879,12.8743541685
19.4696706395,10.6550591969
19.2342827977,13.3352223404
19.7146217383,10.7358669342
19.79415533,12.5774611952
20.0708203347,8.61031266001
19.3711238223,13.0647325878
19.82982003,9.41028440304
19.9290280843,13.2954250726
19.6669029703,11.8303128801
19.5323812321,10.9677523203
18.8672100648,8.84928176753
19.742552474,11.1435690934
19.0613294613,8.65211970676
19.121105287,11.4814329882
19.0964728501,8.92862153693
20.2427750762,9.45521648922
19.5877127283,11.0548910021
19.4777150128,9.60588032356
20.1103148781,11.6637486087
19.024073599,11.5353101687
18.9333439061,13.4471967941
19.939995466,8.81363101426
19.1993894105,9.29984097988
19.2794072065,9.2700090169
19.5697176238,9.87592075542
19.2131704934,12.0099668954
19.4951428789,13.1936350729
18.9608982964,8.98775550623
19.024562061,10.4201497664
20.1680868958,11.5306240422
19.1616734925,11.2697664374
18.9735232657,12.2963395962
19.8336691119,12.9839998767
19.9518563087,8.58101545301
20.0571400402,8.9302564634
20.0035770375,12.6525336261
19.4718179413,8.80758568415
19.053494391,13.3226520412
19.9957458457,10.6665456104
19.7253231911,10.0255430608
19.1933272357,10.3053812672
19.0674382862,11.3146031137
18.9183075149,8.49378250842
20.0394290675,9.39418719108
19.7868287896,9.07272213271
19.5495749794,12.5005514865
19.7483578587,8.89365919059
19.1478961073,13.4115729631
19.7419830846,11.3886622742
20.1999969018,8.58581286963
19.7121368662,13.0872341401
19.8925796719,13.367086797
19.9937279974,12.7652716053
20.0048290893,11.6591376056
19.6357017967,12.3452524906
19.4404354413,13.2508080924
19.1025110497,12.4593532574
19.5694913269,11.1402369578
19.7299257955,11.962797193
19.7224335701,11.2889405787
19.1510382633,8.60747128198
19.593009056,11.6843513569
19.7372161953,11.5124616724
19.8646561232,8.90292360809
20.2905938674,8.82317233586
19.2940140706,11.4710419664
19.2894471496,12.010298346
20.1716551233,10.5446852977
19.6884573713,12.4141186713
19.6633901133,12.8952134893
19.1883599765,8.85742398223
19.9534744374,11.3208015998
19.232839125,12.8821256344
19.7554650892,12.4684463837
19.2872822962,11.8888859859
19.16835275,10.4737592907
18.9926351831,9.87675078363
20.1006910629,13.3207138938
19.8256367995,9.78520653475
19.2044449032,8.99257970924
19.1860413595,9.71550108498
19.097447109,10.3594429268
19.6554354927,11.106727307
19.3548929944,11.9529929619
19.3655715349,10.4436458738
19.3536097297,12.3569237132
20.1855214473,10.0823372994
19.4952145683,8.52565333262
19.9316107768,13.1395402767
19.7883899527,12.4126359892
19.0840408374,10.9514726929
19.9568043266,9.97334487787
19.9146940678,12.6086705215
19.4886958294,12.0851838819
19.4527631758,10.8719898766
19.8816886886,8.73193521706
19.1570836831,8.76872265942
19.9886937949,12.1899319155
19.894478547,11.6625531843
19.1973067206,11.0658576968
19.7224536243,9.25742310433
19.6120570422,12.6870821094
19.2509942325,8.63152451148
19.4459675974,12.9746320162
19.1014505428,11.0371125372
19.2802611057,8.54831954662
20.1035369251,12.1057425139
20.3359629625,9.10724970516
20.1723211605,13.226460127
19.7610165277,12.0221496635
20.0758268804,12.0242222087
19.0552408986,9.98247973795
20.137901687,10.6982442542
19.2025823467,13.1544967295
20.2063068438,8.73282150969
19.1174349584,9.76963706517
19.269784056,10.408418218
19.2065240557,11.8368391146
19.8340007738,11.0586608728
19.4356746036,8.59037238107
19.8403839331,10.2589733381
19.789893036,9.18701121971
19.284355538,11.4148169525
19.3445356197,10.8453176033
20.1996942549,9.29695694405
19.2832579549,10.3182136761
19.7879225119,10.9429417992
19.6722582723,9.61034865964
19.6817331406,8.73731099114
20.2268464542,11.4599358057
19.8964092959,12.7043595435
18.9213063883,10.3095132953
19.0657852241,11.7071789219
19.405491737,8.75062481145
19.1773389136,10.7554491348
20.1471156913,13.4080435022
19.9675407442,11.1576172961
19.9639585747,13.2435655007
20.0568242459,13.4441602597
19.6472760062,11.5975544213
19.7235043661,9.33273080097
19.3709480711,12.9857133854
19.6895316613,12.8306904783
19.093651771,12.6753249897
19.4425241777,9.51620007572
19.4654177547,9.08286620774
19.2343811023,11.693657792
19.443023501,13.0413393113
19.078691368,13.0528216936
18.8752496233,8.98013892658
19.72499175,9.77946885437
19.5584449745,13.3489336759
19.4895135222,11.3726894812
18.9914889478,12.1666096354
19.9785379867,12.370648653
19.6501691407,10.3614615296
19.0075557072,10.3156296031
19.8746926153,9.94225097295
20.1350515296,8.51645685442
19.2561200405,9.35280176274
20.2454544375,13.0385788233
19.4738351458,13.3990212377
19.2519292351,8.75609883916
20.243316066,9.36786113419
19.7151653461,9.50941696605
18.9405655358,9.77948001093
19.519762308,13.1010479632
19.6488263745,10.4549371835
19.3879671166,11.26177736
19.9530990029,8.50031912725
19.0576928462,12.2432717095
19.9877221922,13.3553040408
19.3114126857,12.1648813889
19.5870769801,12.0948816109
20.1539705471,9.00550948068
18.9677101017,12.527389537
19.9083928327,12.9319934267
19.6449184328,9.30650476456
19.0170939809,9.13892732344
20.0809879871,11.7566681789
18.9785684435,11.0948800893
18.9703366789,11.8891344133
19.5615425969,8.86880556241
18.8426819438,8.52638846534
19.426626527,9.32682716106
20.2711305512,9.30855403414
19.4897778283,12.5301920951
20.0081129533,10.8348397155
19.027553698,11.3746252279
20.0607116959,12.5590482083
19.0506229909,9.6298297878
19.4631258072,9.74273980519
19.6298801396,13.0146809977
19.9793027184,11.3983104964
19.6525264075,13.4287881225
19.0953167058,9.13042744027
19.8946067022,10.8580928719
19.8160409563,12.9092733472
19.9189885786,11.2569783088
19.3395422101,10.9993011169
19.5188162783,12.6629776015
19.8945312627,9.85771594374
19.8252784109,12.487600118
19.645890739,9.08076929435
19.5527411777,9.24732590474
19.2195064638,10.9544173265
20.0071047215,11.5600801141
19.2585571898,9.90548055212
19.1328490772,9.04998221902
19.2641396978,12.2440967579
19.0452826746,11.8012993435
19.5077798835,11.8908823216
18.9847435837,9.62428508755
20.1153615623,12.9407890537
20.0918055591,8.73367143755
19.7823492605,9.89423369791
20.1066365782,9.86015713573
20.1109617877,11.2756099769
19.4475045356,12.6066154365
19.2266928892,12.1576728218
19.6436142566,9.81215394175
19.497270872,10.1060705987
19.1522301994,12.2084216142
19.1921207752,10.084851601
19.7387590079,13.4612042798
19.7495438462,11.6336430906
19.9971775336,12.9535898525
19.4140096945,11.1083618281
19.8409596037,11.9906741005
18.9680085516,9.96912248978
18.9442575903,9.28594556795
19.3736803321,8.65679835502
19.0642314906,12.5542522777
19.0107652846,11.0148339838
19.6848700543,8.9762903577
19.8679900109,11.3540997587
19.8193422419,12.0827985949
19.9714207146,12.5650282283
19.9317160317,12.3203225776
18.9489797173,10.5323059249
19.7848454723,8.70807505757
19.7330431094,11.04596524
19.0763637909,12.959567091
19.1935996167,12.6527653108
19.1949312979,9.88439465543
19.940602951,9.13691346494
19.7431196211,13.3364690382
19.6572805491,8.82593824514
19.2282758773,9.43574496013
19.7813223567,10.8234681077
19.9270751657,11.575303539
18.9767764518,13.3879848497
19.3910904271,10.0287342224
18.9855268706,8.87673721308
18.8490779023,9.38757786005
19.5252735026,12.4247456569
19.7834915542,9.4595771641
20.1780149341,12.3834175295
19.6528022756,11.5058647957
20.0453875755,10.456303689
19.0843332397,8.81512022352
20.0343411084,8.50971380572
19.2002214587,8.52146336488
19.6595024773,11.3014345566
19.7783723399,12.1745870235
18.8063791428,8.64334822537
19.15636566,10.698833644
19.0015156706,12.9793646873
19.6869914864,12.7549436922
19.5079723935,11.7066883635
19.9026348998,12.5271016888
19.293834222,13.386171276
19.8956535182,11.4737921985
19.2033565017,12.7565332764
19.422911837,9.93878887229
19.3694318998,8.52841319675
19.5300211007,12.9869965418
19.031908482,13.1831256558
19.6304562427,12.2450890161
19.1522088074,13.314487026
18.9702956592,11.217014683
19.9303109422,11.9845068975
19.3950315386,11.7256263071
21.2892538762,12.8607020274
20.702479649,9.92976243073
21.487994496,12.0605822152
20.9940472598,12.6431629511
20.7380945097,9.62680636201
20.8221777722,10.5580238687
20.2961641479,12.5070548328
20.4294234627,12.3941165971
21.0842727659,9.521046213
21.17264725,10.215247048
21.5956141411,9.65603027234
21.3873368713,10.9341468938
21.3165850133,11.9515483509
20.9954851864,12.1011040921
20.4265006865,10.4451905981
20.8108858794,11.7366309078
20.4201128979,9.98694447569
21.3421473815,12.2915776656
21.2645537248,11.8071213248
20.5834880687,9.97282462164
20.5906926625,12.1160848851
20.5539664639,9.85446365638
20.916021173,11.5146860032
21.4299686838,10.3065112127
21.4867797415,8.57165323766
20.6873665689,12.241679484
20.6923631509,9.68016726966
21.4342502755,9.54548071227
20.6229278453,10.4863270766
20.5730561305,8.85378695185
20.7541977439,11.4809931454
20.2915308186,11.292271022
21.5077079291,10.0970118225
21.188932651,12.9029507398
20.9919876227,8.61049041329
20.2481670059,12.2120344989
21.1136446767,11.2497276751
21.672696755,8.83049179608
21.4500948555,12.2980438282
20.9998571562,11.2128515163
21.3961806369,8.84956842215
20.5152992539,8.88467063999
20.5438253192,8.98774496877
20.7041123638,10.0523391164
20.5348903243,12.9503754901
21.452259101,10.4819470757
21.5960140719,8.73349558488
20.8414149961,11.8935739646
20.7608668952,9.20836051366
21.297382995,10.8507782987
21.4656659753,12.3785948693
21.2357924229,13.3499127229
21.0045132798,9.81517477347
20.2676755744,10.1748707179
20.6235476781,9.13738077561
21.1001514726,9.85206323673
21.1993371998,11.1000868489
20.9067194487,10.7770760906
21.2014306245,12.6229777465
20.8489430927,12.9145027749
20.2683506969,11.5125141128
20.4029198389,11.2339216843
20.3614968117,13.2060709647
21.4509674135,11.5926741047
20.6722077463,11.5050381676
21.0689207909,9.26944121103
21.5538520279,9.95248501825
20.4529540057,11.1564927854
21.232065275,13.1414858494
20.5088326994,10.0936724322
20.6795955786,13.0070796937
20.6990073623,10.6326019424
20.4024188583,12.1000854045
20.3612254051,13.0095436082
20.5933047394,10.39894018
20.3606639752,12.6503555796
20.5648704205,11.4789799739
20.5902492193,9.65677213196
20.5018682163,12.4704769037
21.2273334227,9.29149333555
20.6762483794,10.2870830774
21.0285772746,13.2093929281
21.2616021539,11.9054025654
20.3243216978,12.1500458016
20.6805632115,11.0410944646
20.9513423255,12.562366046
20.4769704893,11.4103850652
20.8653013921,11.0333430983
21.3070498958,8.81629208333
21.078894388,9.16898669368
20.2929971835,10.2752152769
21.4694652039,9.20572555876
21.3755980928,10.5754900961
20.7785216044,10.9017153552
21.3600237095,12.4270782244
20.1884639296,12.9367291208
20.5390050339,12.0171677361
21.1479599444,11.8072004822
20.9531693789,8.74884838807
20.9533361224,13.1077448682
21.2921526323,13.2455886213
20.8887408039,11.5641837503
20.5278681076,9.3638727551
20.1617827378,12.1860868011
21.2966667874,12.0570192027
21.3839991252,9.13486045569
21.3746591636,8.52108484995
20.8263640668,10.6380155505
20.5181406004,8.49000316821
20.791125078,12.3044883844
21.4822583264,9.73698701838
20.4415257738,13.116994396
20.3714089802,13.4129411618
20.2146286428,12.6665099186
21.2110420418,9.72110582729
20.8060202393,10.8012494568
20.3077728048,9.86828173257
21.3215787993,11.8834368352
20.8257726899,10.2161933406
21.1519393267,13.3891660998
20.5822404652,8.70570557034
20.8179868635,10.4032366571
21.4785992545,9.89924296201
20.259130896,9.60369997046
21.0214342746,11.5935576784
21.2690312018,12.7534398494
20.9562602344,10.826547966
20.7046793831,9.14854910724
20.864790451,10.3170421011
20.4387216063,13.1800861811
21.0468420967,12.7371756468
20.6501043626,13.4256985983
21.3596943634,8.7441086628
20.1785530125,12.8165153496
21.3747135992,8.94039390365
21.2972324194,10.0550585779
20.2667401885,12.9449990704
20.6286625711,11.2554654901
21.3739122849,10.7803896061
21.1358040841,9.65904776844
20.8240121993,11.3515978784
20.437281124,10.5211549328
21.0596472773,10.4047575756
21.3128651447,10.5334307881
20.7552822961,12.1335428965
20.3274290749,12.350080478
20.9243839886,9.74194357014
21.006205068,9.91781986225
20.9404079133,12.4440022125
21.1522752381,12.0578933878
20.3322859929,12.0479562
21.3222611706,8.63100150426
21.4491157657,11.0288443216
20.3660728427,9.2082666908
20.4231610583,10.1100305225
20.3174350971,11.0680493594
20.9134250174,11.7885215354
20.3048006852,10.3848493996
20.3489891687,11.958218178
20.32992424,9.57230120892
21.0862476914,9.07361167008
20.6958930557,10.8616706819
20.4689324034,10.2797400565
21.2846975365,12.495411716
21.0923678064,12.2588620652
21.3039193705,9.25135080416
20.679480509,8.77186381189
20.6039121522,13.2361603268
21.2352811469,10.3498939947
21.5006542231,13.2178006836
20.588162481,10.2554946751
20.5501271926,9.21117409431
21.3772319425,12.5707449645
20.9022737855,9.948523383
20.4722483997,9.65495993678
20.7299162251,9.81975472227
20.9456337174,11.0315402321
20.5577328042,8.60763409876
21.2706361417,11.6001373622
20.8646988657,10.7022288675
20.6624215418,12.8231897062
20.3321080529,10.7468990919
21.501895372,9.01212870009
21.4881762729,13.0482543241
21.0067616211,8.52193522379
21.0998209907,11.6554901409
20.7929925685,12.8551891104
21.3868231147,11.9119020047
21.0284010777,8.73841522744
21.2284388808,8.96558677997
21.3444820627,11.3009466529
20.2437614751,9.68181178673
21.4934212644,10.9464679656
20.3584557289,12.4461260995
21.5398237252,10.0275636175
20.7261705933,9.43636315011
20.7856419377,9.12155165902
20.7941239814,12.9855209004
21.2893675096,9.50078956655
20.4506870169,12.7738258816
21.5026235721,9.34705210471
21.2639958999,9.88582230545
21.0270473483,10.7871157906
21.2674917977,9.9717095012
21.02880073,10.3344300345
21.016690895,11.0953919183
21.4483810423,10.0116719635
21.36146127,11.6338515332
21.5945262576,9.06038325126
21.3061457676,8.93803775808
20.7048780543,13.4012576211
20.2906200562,11.8874223823
20.5938183968,10.8059230012
21.5539065338,12.7276071076
21.3574086849,11.5381578461
21.4683666772,13.3108442546
21.262794681,8.89548747571
20.6093435084,9.49573919654
21.1781654566,10.0729903013
20.6739747323,9.57684816332
21.214338733,10.8242238096
21.2187516401,8.82630270415
21.5349908725,12.1329690867
20.9837442484,9.11128974249
21.0848256784,12.6579440946
21.1508213812,11.9265117764
21.1927750013,10.5412208828
21.3264971553,11.2007069572
21.0945972542,10.6158282896
21.1006293343,10.8761499328
20.6438872632,9.8555185833
20.7988003755,8.90173588329
20.5051377368,10.4497428265
21.3355875135,8.98928237305
21.3310456395,13.0293929028
21.0728085793,10.0174215768
21.5671617137,8.94698287762
20.4131494275,12.9844630457
21.5471023064,9.42782777443
20.2268494233,10.2751264982
21.3866847879,11.1181189655
21.3698173513,10.5015336057
21.5953209805,8.84485215309
20.9306784915,10.2400468176
21.4505030085,9.2884536847
21.3280441529,9.19769029127
20.6801325189,12.0301656262
20.8704437011,13.0538646724
20.4528827964,10.6284175774
20.8460980579,13.3266593652
20.3503702257,12.2439870719
20.1546580013,11.9975955283
20.8423574671,9.48422605989
20.2656039987,11.7018977374
20.3741248745,9.95751916952
20.3399090874,9.39580970322
21.4917317662,11.4603676133
20.4359800194,11.0360456658
20.437551435,8.9317496879
20.7476874789,12.7591603431
21.1853918155,13.2428675914
21.18225334,12.3219844126
20.3521089572,11.604495964
21.4590855409,10.5758391722
20.510469729,8.79905214786
20.895861982,13.2185529261
20.9070982927,12.3284475907
21.1741105055,12.559024517
20.6152263722,12.3354195971
20.2378111992,11.8201872816
21.0749287345,11.8841324
20.6993131455,11.2781190278
20.5711722917,13.0281951524
20.4715499717,11.3121425775
21.1803646653,12.4875994699
21.2530576882,12.919747492
20.8050587948,11.0871992053
21.0362114791,9.38292613707
20.8905465112,9.34104344004
20.2861067775,12.2718450945
21.2813709296,10.6138493451
20.9970341344,11.4954732321
20.5040396881,13.3657528952
21.3997806343,13.2217073239
21.0736597407,10.5138982362
20.4288209377,9.73466152974
20.3460261022,9.78993333112
21.1846837102,11.0275292744
20.6989717712,12.5930576797
20.4689492177,10.8481541596
21.4877190342,9.1008016296
20.3156104068,12.975593152
21.1923850313,10.1328760965
20.9265130018,9.020269086
21.3872210285,9.32965592666
20.5323734014,11.5804540787
21.5459559398,12.8406906734
20.738033199,11.5912121245
21.319892086,11.7106537722
20.4089273805,8.5665788003
21.3576535301,13.335447581
21.0033407616,12.5134636389
21.1508096544,9.14637198786
20.9113575698,8.59372844656
20.245262705,13.3957441955
21.1521801844,11.3514466841
20.5919663876,11.9623798366
20.9870475309,10.5903758354
20.948226925,11.5727328639
20.9225621365,11.8996595959
20.2687904214,10.0528675034
21.4465050459,10.1484525064
20.7219662422,11.3944003145
21.2038051699,9.82060652032
21.0023879887,9.20993444289
20.5203295138,10.8590381193
20.820085031,8.57503506036
20.6492718888,13.3339771959
20.6935979785,11.676472686
20.910072252,10.5497513491
20.8064785032,13.1302913404
20.3541381367,8.75861650624
21.2183600122,10.0293287582
20.3895235763,11.3478006924
20.3054202009,11.4353984107
20.4979960125,12.162437269
20.6056288104,9.29962091771
20.2556052882,12.8628917313
21.1023408375,9.9446558078
20.8477508995,9.26844174664
21.6274327387,8.63924418021
20.31021619,12.6992112295
20.9234535883,9.6322625392
20.4201628649,10.7214493438
20.5218852316,12.3697360744
20.3968429001,12.5532042983
21.6258419385,12.7758419218
20.5183315512,12.0706260869
20.47300105,13.4372577112
20.8018990334,11.1810499241
20.6123245652,12.9241965975
21.0153504294,12.906606229
20.7101156568,10.1733798358
21.1043843678,8.70473771286
20.7116973347,10.9481602432
20.3589232931,10.6708497784
20.2538804905,13.1568111429
21.2071448081,11.878888776
21.4565915936,12.7692356719
20.6093622264,11.0938159381
20.2270939475,12.5628108067
20.3431019428,10.5708197612
21.0225975168,8.99515623884
20.2440389913,9.76386934431
20.9007832228,8.50403233737
21.3043133833,13.0945761794
20.6092915644,8.9118494758
20.8838441178,10.9707339396
20.9143252282,11.3000524906
20.3366524353,8.50343703239
21.5663634891,9.16544969235
21.4552183959,12.4769623904
20.2346030618,11.3830284715
21.5298602217,12.4165713047
20.2001646863,11.0855951923
21.0574267408,12.5687614907
21.5843500486,9.58602606797
20.9177245953,12.222597584
20.5948628569,8.79869856163
20.3700727141,8.67363207548
21.4611797812,8.93557672659
21.1586548632,9.4613038557
21.157582939,13.0727575689
21.0646166174,13.0652731792
21.4690186844,10.8721824712
21.2637939247,12.2504314959
20.9607371104,10.6936899258
20.8733010187,10.4786963888
21.452964356,11.3099991409
20.6578496194,12.7059692646
21.4666344245,12.6551615628
21.5560059188,13.2782635809
20.6355577374,9.3950496424
21.3567883672,12.7962566713
21.2676369817,10.9596990537
20.4448685095,12.0059544719
21.6035776854,12.9251375672
20.5758084982,13.409650531
20.4610841264,8.49558534101
20.6202991448,12.4519683195
21.5207820501,8.78350851106
21.3668893438,9.91532563553
20.5914408501,12.5587421756
21.1017795736,12.1342017766
21.3167401016,12.0078351803
21.1833376421,9.91916063472
20.4138503526,9.57117287918
20.9975939489,8.90841489702
21.1762876576,12.2020368928
21.2313996286,11.9886198373
21.1343179138,11.4882025859
21.4555177421,10.806707823
20.8900397633,10.0411684909
20.735778359,9.51316528552
21.2265579367,11.2662646107
21.2812859621,11.4879135063
21.1106700967,11.0783324728
21.4720241371,12.5619211181
21.3585288736,9.41047347949
20.8209740818,9.02026841375
20.3009434235,12.5988837018
21.2491725909,11.168789235
20.7110042913,12.9144584168
20.353002567,10.9678887421
20.415498207,11.7795696679
21.0381238753,11.7585156236
20.8935664851,10.6247036997
21.5029727658,9.53098134583
20.7474185892,13.3202665524
20.3249628153,12.9148332935
21.1012558615,8.81267250456
20.4201641536,12.4682246521
20.9874156524,13.0261941807
20.9098358292,8.92355336633
20.700162022,10.5462653854
20.6980466451,13.1579309487
21.4134008289,12.9951537951
20.4203436822,10.9037838682
20.3814381139,13.2969834794
20.5242738156,11.2281140119
21.2034301929,8.62503750152
20.896755193,12.8585088434
21.4422271375,12.1574304636
20.2438423443,10.331704447
21.3963099189,13.1018823856
21.0251500926,12.3619107685
21.0956387242,10.9858157584
20.2776237247,10.6484969799
21.3093431663,13.445030683
20.9155306381,10.3995031917
20.6542059321,11.9048550568
21.1039875386,12.83658673
20.3353632104,10.8790196772
21.4972521672,11.5132458419
20.2043028723,12.479786224
20.7194129989,11.8877313812
20.8760606656,12.1148383749
20.7817429,13.4020379253
20.829573808,12.2110941577
21.1209166382,12.5404840539
21.2668337274,10.256487692
20.6362888336,9.76727254272
21.2435065544,9.17818009623
20.4431707476,9.15850403597
21.2765174269,10.1523729493
20.7271104041,13.0786700412
20.7177737843,8.84540678667
21.0740381475,8.91419360471
21.4551833592,11.9685730586
21.010169233,12.1921496598
20.7856242758,13.2369646234
20.5490567974,11.0190433586
21.1289949927,12.6027784451
21.1869451867,10.8778263043
20.3725260395,12.9509868143
20.6996242649,10.7662307715
21.0538971426,13.432826966
21.1552748073,10.0045632295
21.0420671977,9.72083142273
21.1276801561,10.3221616613
21.0742897461,11.5373523579
21.316166085,8.87848570522
20.7620650534,8.67627156739
20.1262710947,12.2848188138
20.9055782961,12.7303186577
20.4090926695,11.1207368071
21.212082569,12.8235619714
21.179609855,10.6527241426
21.3885249532,9.4992320739
21.1636880723,12.7225349424
20.7588923859,11.2515411688
21.1420242426,10.7614713882
20.4511145291,9.45831734399
20.1488566351,12.5365187666
21.4124767766,10.8472660206
21.2542161172,9.3956133856
20.8638696575,8.69896012488
21.3381459595,11.0123325707
20.3941894138,10.8099135293
21.3055602046,9.06163869736
20.7036307373,11.1961422133
20.7602203173,11.6704734497
21.6036615915,9.36016397025
21.5472484928,10.3163639028
21.2357632032,10.0801656815
20.5309174199,13.143996832
21.1398755508,9.56372607948
21.0107110336,10.9912629696
21.3629174476,9.60245521407
21.3796824226,11.8085287939
20.995297768,11.8497886055
20.6539505039,11.326616131
21.1191747339,8.63230819167
21.488644814,9.64034994876
20.4483245706,10.3931802607
21.3010411317,10.4414957808
20.59476776,10.5900808755
20.4180216947,9.35602362416
20.3795871485,9.8866118848
20.4245873142,10.3341653256
20.4516262865,12.6585656331
21.3848448378,12.0602731447
21.2321965847,13.0099540217
21.1343652246,10.1379422549
20.8179960566,12.5456079421
20.823890721,9.88632746556
20.6084533198,10.1812181529
20.7106142111,11.7610866965
21.4440713248,13.4209068274
20.9324167379,9.5326927048
20.4572761615,11.6904602266
20.6228325087,11.410611666
20.2690617089,12.4279861839
21.4421866888,9.82132485774
21.5519243838,11.0235183642
20.4139055841,12.1825018377
20.7754899153,8.77595347538
20.7280308774,12.4819172857
20.5747456337,10.3218142705
20.7836389447,10.9971064881
21.5549154936,8.64622939023
20.5506682455,9.44588557146
21.3130087456,9.80153037566
20.9979918608,10.881443181
20.3620888727,10.0314532462
20.5565302671,11.694367286
20.9277401502,9.41907893072
20.7089358836,11.9422551408
21.4601795469,8.7875751649
20.6992703994,9.04614317628
21.2577224681,8.52414474443
20.9490010356,12.1601339587
20.9895606747,8.8248705901
20.4671278069,9.92387465716
21.2384219178,9.60770317071
21.1422272714,11.5679330573
21.4888872079,13.1381399588
21.3570244394,11.4217426353
21.4080386682,9.02686535962
21.4278778795,11.4871136309
21.469093663,12.2312539278
21.524027368,12.5279859602
21.4283918026,12.8864247267
20.5655342714,12.7661828666
21.4379665928,11.7120363201
21.1677440017,11.1709403588
20.2564249237,11.9810239521
20.4856874155,10.775961713
20.643951988,13.0890775744
21.3305485218,12.9409016561
20.261557298,11.6098708225
20.813968726,9.38078046389
20.4385476877,13.3484550501
20.8278987743,11.2618304747
20.7440604039,8.51698121112
20.8116331442,11.4293661579
20.8291992683,11.5130763574
20.6065814058,11.8120014138
20.6443723683,11.7178672837
20.5006761688,10.9504899554
20.469172565,12.0951889994
21.2585439202,11.3764024683
21.5187184949,12.9567622687
21.0143686469,11.3014794794
20.7612135594,11.3106192813
20.7576045932,10.6124975839
20.9040619999,12.5210097929
21.2823809378,12.6042857052
21.0883318192,11.1568450718
21.5027752539,11.1221533484
21.0946883676,13.3174982004
20.383352914,12.7118291412
20.9905514774,11.3647290342
21.2283221728,12.5619952322
20.5872464599,8.51027216216
20.3374840061,12.7928647344
21.555628727,9.2645859949
20.7028091183,10.4393164598
20.1980879257,13.3098299796
20.4523587578,12.2820592007
20.3855795336,11.4330547026
20.597601781,10.0884845098
20.7712839363,10.6953137106
20.8208238133,12.4201112608
21.1339880791,9.75785564587
21.5402992324,12.4764445112
20.5175388289,12.8679099329
20.8623482251,13.4175022819
21.2784516968,11.0753469914
20.4880904905,13.2663408171
20.6489592285,10.6879139061
20.7520167328,8.59876320658
20.7858477249,10.2989700436
20.450215226,9.27730093437
20.9208940231,9.8561326603
21.3162089409,9.32702929948
21.069310592,11.419185473
21.152837252,9.22473519494
21.1369581968,11.9976823195
20.5273766336,11.1121097924
20.8279172093,8.49738417904
20.5368520685,9.10136985567
20.9485196217,13.3793430642
21.2479788392,8.72304366937
20.2768089695,11.175672833
21.168161718,10.4307213447
20.2759212823,13.2646008666
21.676294671,8.91650709743
21.6515995895,8.99569559377
20.4868070396,10.0177095079
21.4617703912,9.44152119896
20.8420684919,10.9365052207
21.3776419605,10.0963421763
20.7160083256,9.31369464403
20.3544406447,10.4649328103
20.3427720737,9.28542279465
20.8409093374,9.17865241172
21.4422800562,11.8741912055
20.6415461719,8.8445255508
20.7117430913,12.3792596534
20.9040594073,11.1278454525
21.182141355,11.6211171368
20.8025242693,12.0237692854
21.0824517434,12.4643670249
20.5655929362,11.3366940566
21.2258185422,12.1134830756
20.5311251501,10.2875937224
21.0276364671,12.9852887332
20.480282284,8.64759122276
20.5207326016,9.74605197843
20.959487205,10.323184979
20.3579936132,11.5214159209
21.5494285254,11.5563016825
20.8590342394,11.955393653
20.6956254,11.8373581479
20.5066743153,11.8937244415
20.7413228162,10.3564983389
20.9821394313,12.8137791289
21.4822844484,8.70195482233
21.060056971,8.60020560553
21.0660107836,11.3313719623
20.6055850736,9.05834666225
20.8919795817,10.8733312582
21.454288827,10.7297020806
21.3383046543,10.3301208744
20.6934366279,8.93260528309
21.3476548587,10.0081236677
21.1292976773,13.1523084238
20.3855724506,10.3899499938
21.3810926679,12.3501950262
20.9555808181,8.67253820076
21.2673622776,10.7350310346
20.7494136909,10.253803477
20.7461095251,9.73721558853
20.5492254302,10.6943532159
20.499659266,11.7853696385
20.3588758514,11.1507365183
20.6681534117,12.1516602126
20.8523568326,9.5738029572
20.3560101553,10.3195366284
20.261189492,10.4963838253
20.8764938053,9.10977200765
21.1722561491,10.9422743203
20.8014143223,12.6648420882
21.3809336141,9.25144922293
20.9097036826,10.1407291903
20.8811889661,8.81365236781
20.6975040778,13.2502957178
21.1935580356,9.07043381983
21.2071997923,11.7048623358
20.4069146154,12.8789064011
20.2207168364,12.0926764014
20.6729673303,11.128784834
21.5033019112,10.2320183811
21.11121174,12.9577798352
21.0377328952,10.9373908531
20.9476605407,10.9490151117
20.3485619583,9.66752253086
20.2766701153,10.9384452541
21.3459271467,12.683774386
20.2937215071,9.95086960436
20.562011553,13.329890078
20.9817370832,10.0202871354
20.5619928876,12.6554536333
21.1243445561,8.98698666757
21.522729672,12.5813914151
21.0182013223,9.48175516228
21.3706646093,12.4877361319
20.8394319501,11.6306070307
20.9209515544,9.19775337448
20.8037868923,9.99154696539
20.3517530622,9.50020686917
20.6105086945,10.9349458133
20.5050962694,8.55481173094
21.5721729881,9.51659319772
20.4644988262,13.0420615005
20.6813552926,8.69379601138
20.6129611644,11.1705400378
21.3312058788,12.1592006008
20.2253160747,12.3023629204
21.3763130194,10.2185849611
21.4559140517,10.6493189946
20.5108241079,10.5538981055
20.4068694428,8.82421547356
21.0301061882,9.60003224119
20.4472682029,8.7326739478
21.0601086875,10.6929335496
21.1669797663,8.74337313523
20.952268826,11.6699958538
21.0271727471,10.1240405305
21.1328661784,8.52906646282
20.635034702,11.6092077102
20.6660718989,10.3693269731
20.9661816572,13.2891416355
21.5033258107,8.85267301602
21.3713495492,11.9709055269
20.6571477132,8.59743501249
21.0036647223,11.9321950556
21.3205687111,13.1627612901
21.1878272431,11.4331030556
20.6584060637,9.22274150907
20.4305272077,11.605901355
21.2045342419,11.5244709967
21.0507016635,12.0130315161
21.3877351188,12.236939655
21.371332535,10.6767952714
20.3352309429,10.106328809
21.1356201695,9.34761742092
21.114456996,10.0803985982
20.7798335945,10.4797907657
20.4687082862,12.9490702528
21.3994027787,10.4021291582
20.8951809998,12.6205498572
20.9630088301,9.29760873027
21.2783778677,12.3727249875
20.5566641173,10.5115211617
21.4030059242,8.67503767657
20.5231559596,9.55871843949
20.80688112,10.1015682337
20.8200608896,9.78359597332
21.396332218,9.72024442789
20.4599264663,11.5129462672
21.1119786341,12.3471230192
20.5657095216,12.2379391535
21.0300445119,8.66462603698
20.3546643204,13.0993065753
21.559669798,13.3812001581
20.4463157149,9.0457250026
20.9200493192,12.9662562896
21.2528516896,12.6771350686
20.9893781497,10.3834601976
20.8184605899,9.66947612549
20.3907447237,11.8703543189
21.1595467694,8.90309650175
21.4141692497,11.2209927514
21.0361941227,10.2467003521
20.5100158929,10.3547773446
21.2957824995,9.69632181427
20.7760919461,11.928670994
20.3852779349,10.222581656
20.5084334157,10.1896602893
20.7764215852,9.57371570072
20.4484607833,9.82212991776
20.5016277793,12.5718180293
20.3569216966,11.6946586676
21.4518222361,11.4035217607
20.2403526705,11.7531023611
20.9821421813,12.2606307799
20.31906463,13.3383938385
20.7357139007,11.1200758421
20.9047395728,11.4228589177
21.4900128311,10.3786435757
20.9347789857,12.0089332977
21.432209003,9.36676210982
20.3196079135,11.7983693701
20.6217282768,13.1482540597
21.5440827389,11.6342308112
20.9641681167,10.4842703096
20.2428371494,12.77024152
20.7801738228,11.8357208103
20.876616225,11.2190209571
21.1604231499,12.4063254141
21.485658354,11.8045841515
22.4313536174,11.2197430385
22.7743320069,13.2462906649
22.0649266491,10.4181131017
21.6203399202,10.6464762043
22.0060205439,11.768985512
22.4763008183,11.9994471806
21.7789025275,12.4403608686
22.7472807598,12.6280210438
22.7319935902,12.853362417
22.8850192379,10.2986980531
22.3245726539,12.5774329879
22.0833059139,10.3308869778
22.2394650739,12.4012618654
21.8883288626,9.32950617107
21.6402691075,11.5105858411
22.8245634831,12.5655194203
22.5939684729,13.3249941318
21.7595487213,11.892156483
21.9101990374,11.4259264481
21.7867196908,10.9706823086
22.1576501925,9.55708882736
22.3729073786,13.0761088415
21.6932048901,11.0950714214
22.7905269993,11.7689084669
22.5113675403,9.61489288453
21.5564914487,9.84621993982
21.6055284403,13.1837806953
22.0321817696,12.7817485494
22.9350289666,11.2397579051
22.1228445917,8.69883743497
22.566422672,8.6243330676
22.6812009956,13.1981488523
21.923876615,12.7172117818
21.6886315099,10.4485940871
21.8025778624,12.498356066
21.8274299133,11.5905439018
22.4108874068,12.2514535709
22.7240163348,11.6773559228
22.9527044504,10.1333651122
22.5750110692,10.6082408637
22.1307828999,12.7473172117
21.8991256646,8.7945394392
22.7689157464,13.1642333774
22.0620457756,9.91819179364
21.8531639724,12.509912401
22.4061633095,9.63428404586
22.6935157138,8.94918489691
21.9482463639,8.68160581436
22.1514646726,12.9930411228
21.7252423824,12.7846539599
22.7459009639,12.2744143003
22.2747602539,10.4620363912
22.2108095686,9.62084338247
21.7448877694,9.7053201713
22.85756708,12.7926684185
21.7962733525,13.2620889332
22.0970636838,13.0677117273
21.9802967802,11.6815509258
22.5435956106,9.73528678799
22.2539663343,11.2229728539
22.8440869141,10.1198991493
22.5916492513,11.8419895216
21.7215354274,11.9941252899
21.7205653181,10.6751520045
22.8512839178,12.9150845328
22.6299448367,12.5971212391
22.5255250925,11.4077375122
22.1396892534,9.99525062084
21.5292677694,10.5403393524
21.8654622795,9.56691174011
21.9634144849,8.49773004343
22.4530847433,12.5370605945
21.8393591902,9.9214840787
21.6212715719,10.5100272521
21.8599625056,10.3208332927
22.2091050708,9.12705472871
22.1298510466,9.3668490428
22.4359168182,12.3107525817
22.8090577788,8.70250526993
21.6006670128,12.4042539495
22.5292938924,10.8281379436
22.8173656076,9.55964549801
22.9636647168,10.4063117822
22.7002888181,13.2991736271
21.791033717,11.7848667771
22.3683294299,8.89840678978
22.8268295559,10.4778217999
22.4993470284,8.51441642456
22.7633094056,12.1539857186
21.5903169609,11.1806536574
22.0773621822,9.69854409557
22.4113531606,11.9214896749
21.6747717845,11.4373373775
22.3085462572,12.6941844582
21.9070272803,10.8382333512
21.9455017856,11.934772589
22.4483451101,12.8122694967
22.8582841628,9.0370692015
21.6093213029,11.9403614171
22.3561162099,11.361651911
22.1849156658,11.3440827048
21.648966647,13.4581963107
21.7687571031,12.3452803498
22.183346035,8.84730057205
21.7040145249,10.0126455922
21.6243070389,11.0549522397
22.3911278577,8.58678581838
22.2246897629,11.4550566219
21.694218285,9.95398704487
22.0638100562,9.27962035711
22.5254746965,10.7325750341
22.2033679686,10.6334361028
22.9554761352,9.72860172446
22.9735787826,10.227202173
21.6882877609,13.1002559137
22.119188264,11.0090552793
21.7168047763,8.6480499633
22.3398938651,10.3710355562
22.190969638,10.3674413497
22.6631920595,10.6536754388
22.8509905311,10.6498653856
22.6819487461,13.1055368437
21.7230941543,13.199572549
22.3482388739,13.183788241
21.7116739105,11.3404178983
22.1297514186,13.4084342323
21.5378331359,12.0002334573
22.6250416334,9.53527031878
21.8852276202,10.000808072
22.6462023751,9.20795640181
21.8083310048,9.03720480414
22.6696689321,12.2146179644
21.6969722443,9.4060291886
22.5687774687,10.064834639
22.8263185784,10.9645216194
22.2161426483,13.0800543795
21.7358728775,11.2417474023
22.603972912,9.05496104974
22.2392468179,10.9695894972
22.7118311167,12.9530760375
21.6192638008,9.46120926115
21.833418619,12.3782558639
22.1001478356,9.09560936332
22.1410619252,10.4787666509
22.1202265191,10.759538208
22.002072832,8.79185552958
21.7823183437,8.57561145873
22.188650167,11.6816089927
22.5883923888,11.7546645611
22.4695787089,10.6618305843
21.9588710985,10.6189072691
22.1619629617,11.5329823572
22.2645513439,11.85448323
22.5723583845,13.0939336625
22.0710267521,10.2428025202
22.7496010511,9.94845238088
21.7805305844,9.99001351367
22.3012700385,12.8289916722
22.4160212051,8.81244066917
22.2261664611,11.615296789
22.0686776649,11.9620267379
21.9219389487,10.9853874991
22.0776122521,11.5360115726
22.0355851294,13.0725897335
22.0462978079,9.38897836145
22.3882333398,12.9453161626
22.5814638101,9.94450965006
22.4179559573,9.13482116126
21.973666521,12.3515875145
22.4801851503,11.2648690743
21.9912516232,9.81387061737
22.5385708395,10.3508088543
22.5287572493,11.0340216127
21.6612277636,12.6899492326
22.0542395714,12.9541072547
21.6943896914,12.5998722249
22.8387239633,10.212600782
21.7495524158,11.1579698759
22.0522608368,10.9318107442
22.654630577,11.5149301823
21.7690805818,12.67504795
22.5564526691,12.6995319182
22.0601028793,12.8688537083
21.7546353854,10.587785371
22.2824567157,8.59784982564
22.1146091384,8.89004722167
22.4591231167,10.1101893816
22.5468734396,10.1508501211
22.2936907581,11.1578201418
22.4984543412,9.848308292
21.730766117,10.2532847935
22.7290730169,11.5644822618
22.2341137357,13.4300002721
22.1861456314,9.02251852683
21.8354700874,8.94636274344
22.6627892618,11.0230467427
22.1943898594,12.3503454615
22.554657729,8.84730194213
21.9419461179,12.8041578238
22.4941958671,10.9316369386
21.7473929105,13.026389077
22.5337137175,11.6730838029
22.2678068873,8.84801119678
22.0191122818,9.74433814181
21.7376665425,10.7757679742
21.6709445479,9.78815601027
22.869043309,11.1225228672
21.8919960551,11.7740848446
21.8698293115,8.62061741492
21.876989818,10.9334863572
22.9714471774,9.94892725586
22.1346029846,13.1537875586
22.7753440606,11.0588178748
21.6082512455,10.3895753999
22.3004846317,9.33032614065
22.5662491827,11.4848835258
22.6078785531,10.7796195392
22.4405059268,13.2618152641
22.6509087664,9.44056191313
22.2987580141,9.64144337497
21.657532757,9.60595889682
22.5752819789,11.9453768913
22.2743590124,8.95874828614
22.1006532999,9.80502117676
22.75134406,13.4045917395
22.6256965027,10.26508615
21.7221213264,9.32896167776
22.7545102217,8.65242297641
22.8708613764,10.3958391059
22.4500688929,10.4919724054
22.3969347995,10.2922980313
22.2598909288,10.6264249362
21.9543373341,10.0826012296
22.5248891897,9.03157128736
22.750436639,12.3975788435
22.3847009958,12.3682877883
22.1396748831,10.5918100069
22.5329831712,12.2572999476
22.4652801002,13.1519067912
22.9228385512,9.57518726403
22.0971503568,12.5926634312
21.8518140434,11.8673136056
22.1797666641,9.71507890935
21.9167003887,11.0912609743
21.691737908,11.7602944582
21.9245942598,11.2454150289
21.707087703,12.2289324893
21.9660496319,10.9258108399
22.6870909624,9.16224984161
22.026141422,10.8352399079
21.98985307,13.0126955727
22.7987598074,8.80757022044
22.0473093897,11.1125605329
22.4266930754,11.6970539155
22.6768320321,9.99110426035
22.2050129025,9.33502594451
21.5473848203,10.8180594291
21.7995973776,8.7868183473
22.1987966613,8.79086088198
21.6614635151,9.26676899965
21.9904326295,9.21891408277
21.7537738984,8.97158440113
22.3036631677,12.3559431576
21.8621218477,13.4426662995
22.3230868239,12.2604908266
22.5465226932,11.2247511464
22.1615691034,12.0093100704
22.8782346783,10.8387660224
22.7555648058,10.2610589035
22.5645123324,13.220674928
22.4816079454,12.9508247588
22.6296389237,10.1501081393
22.8591111937,9.47412227811
22.4870843215,8.80302873205
22.3529870814,9.93234280593
22.6430390736,13.0053445588
22.5379080264,9.14103742793
21.9220423931,8.90264176444
22.115172729,11.3250049835
22.2724220392,13.2570786969
22.5561081331,8.74296155901
22.3286003505,11.9021743038
22.1364689705,10.140316274
22.7926685845,10.370446354
21.964216205,13.4205339924
22.5063955089,10.4409243478
22.4625824925,8.96733068905
22.9569349101,10.6163025904
21.8683707595,12.650373091
21.8728250062,9.4637251099
22.1444204223,10.8825223585
22.827620059,9.30471939545
21.8533796208,8.70810039332
22.3662499167,12.4602571172
22.3679175986,10.0281425493
21.912120553,11.5305444815
21.8952116722,10.1391086636
22.0984513692,12.1903181988
21.5978098015,11.7058203833
22.746298844,13.0261581123
22.5471933957,11.3090895615
21.8026485319,13.3587765525
22.1826534767,8.92360623453
22.619035481,10.3518604234
22.3398665345,9.54753973302
21.8382262049,12.759911047
22.0155586395,12.4573253665
22.9159287872,10.7270696072
22.2009314481,13.2297010477
22.2978258869,10.9011088303
21.784488127,10.4521927982
21.9970747825,11.0293224275
22.2076095536,8.65843463317
22.8090489746,10.7416634963
22.4753694214,8.67035581659
21.9592639382,9.41083932925
22.47415584,9.99485915345
22.4810979283,10.561275831
22.6303440205,9.14633121337
22.9298675731,10.508907184
22.4161986476,11.0581099545
22.8162033435,9.86090132397
21.8847494715,10.4479599766
21.6709572014,10.9824846498
22.5307829819,9.523313644
22.3506950028,11.5403250306
21.6308896556,11.6045977393
21.7223104857,10.5215164283
21.830577571,10.2086340986
22.469960807,12.1215313551
22.2941505959,11.9739403918
22.2103536644,12.6873213132
22.5973890295,9.36237406161
22.2933542746,12.07455887
22.9918225209,10.0519710801
22.0435321625,12.2663464296
22.6697724515,12.2942256883
22.8951722417,8.51883683032
22.3100585219,11.0608410938
22.5316972348,8.9157680934
22.592742484,10.9319842086
22.259826881,11.5419272409
22.624370428,8.91517933261
22.6937272775,10.7525168646
22.3424831394,8.80012191145
21.8200521289,10.6334592834
22.5055211337,12.3381530946
22.0344036486,10.7490812611
21.5828016198,10.5880134371
21.7129954505,12.1156003281
22.8188984202,12.8570867643
21.7546337844,11.4413636146
22.3764756856,9.83533018404
21.7712576817,9.12464572903
22.4781521854,9.45043621625
22.3384557131,11.679625539
22.3706758191,9.02528038391
22.8387177974,8.85566732164
22.0419504911,8.51002470527
22.4150297545,8.49946880488
22.1591626315,11.6175928143
22.1625401049,11.2476750508
22.3386362568,10.8584684119
22.2721644337,9.05848640776
21.7064299766,13.3708625952
22.1272779718,11.1154749316
22.4568481155,9.06054905443
21.7831258081,9.53491595571
22.8496637993,13.0778285484
21.8094436586,12.068818644
22.3378712169,8.50622892418
21.8001747744,11.0919619088
22.0198780135,11.387579835
22.1437912954,12.2739951626
22.1309751282,9.63234277108
21.9252278836,13.0852399403
21.7917191278,10.2918646324
21.5812886621,10.9212044561
21.6633978845,10.0744354409
21.8628207537,9.11637830344
22.8331992536,11.5487421255
22.7208739604,12.0466091908
21.5217117955,10.6180066065
22.9360527876,9.83164713377
22.0260970506,13.3524459295
22.4710857172,11.5892665603
22.0482552329,10.6682245589
21.5395907421,10.4605185084
22.7808371382,12.9326774282
22.6572630054,9.27791340441
22.4417738741,9.53711919436
22.9059372993,13.2588451615
21.6735967192,12.4363219184
22.3944688714,11.2932903062
22.5684601583,9.25936103986
21.6309558234,9.99218817387
22.5389947769,12.4420238813
22.1895678833,11.9145551178
22.4600249552,12.8809841879
22.7004767177,9.87364764851
21.6980974684,9.49271550097
21.7238363309,9.62501964831
22.467574823,12.7434683109
21.8116253344,12.9502917885
22.0984884204,11.8468372916
22.6861649873,12.3543240004
22.3033363497,9.89115701593
21.8114923064,12.1813273365
22.2824334453,11.3160098962
21.72432575,11.5364661179
22.5964112904,10.7089436582
22.6686811942,8.69354038291
22.1524070871,11.7586473168
21.5938885163,10.1501563281
22.3485472621,10.1310493542
22.6112128262,11.4396466775
22.385577451,12.7630628868
21.5665240058,9.73043907147
21.9536834431,10.7315534108
22.794806903,8.51015874171
22.4037666898,13.3727936433
22.2600722168,8.73771697649
21.9707542247,10.35744865
22.6562496959,9.73773702691
22.3897168927,11.6143420892
21.6266340304,10.2645543951
22.4031297028,10.2010221265
22.2473859426,10.1626334342
21.924381167,10.2709360833
21.6377592192,10.752307434
22.3274957411,10.2070169118
22.8282959142,8.60637714814
22.3780247057,11.409895408
22.6145352575,10.4364723165
22.2437863585,12.2755214839
21.8635106322,13.2505734161
21.9390634752,10.1961417793
21.788340648,12.2698533584
22.0039046033,13.2590780361
22.4526171301,12.2110225787
21.9111069741,9.01916140484
22.2012019878,12.0696581784
22.4208728866,12.6551880151
22.5034457181,10.2372015218
22.035096668,12.6692432512
22.8506699436,9.98239227843
22.6804778881,11.4090123679
22.7517897209,10.6572396086
22.6826719773,10.5485033693
22.7241065648,9.57475679231
21.6122047087,12.2548878363
21.7815234525,12.8632955583
21.7830541741,9.78626947196
21.9451897302,9.7307046136
22.0272078868,8.88738899469
22.8109345589,9.39089147649
22.192478887,9.40942370062
22.4540945748,10.3455166865
22.5463861469,12.5472871348
22.050946598,9.56796682229
21.6116668709,13.0206274138
21.9359397153,11.299063949
21.9605913446,8.5699264287
22.6890579977,9.80266017232
21.5898435244,10.0637220022
22.6314240695,13.1594691784
22.3526602818,9.22905403491
22.4081357791,11.8416563285
22.1675516815,10.2481867504
22.0262096628,9.00332957483
21.7019423026,10.1631344336
22.7389645309,8.77321693678
22.8077028494,11.3910587036
21.9850348765,9.33810093717
22.5097825612,12.6143412916
22.290368402,13.1120280309
22.0904339141,12.0845446861
22.2336737188,10.7155300348
22.518423764,13.3077683902
22.2334288618,9.2378327962
21.510871797,11.228655693
21.8045694746,8.65432927389
22.7123223436,9.66958450658
22.3837033681,11.1542088618
22.2821796211,9.44595109252
21.9011749538,12.9938344262
22.0118719304,11.8655378129
22.8023676276,10.9011774911
22.3586284529,12.1766683647
21.6428474419,9.53635535551
22.8823501242,11.3054269242
22.4979626048,11.5018358525
22.2540164325,10.8312469264
21.7210622155,12.8725026869
22.1156316818,11.4245825
21.8354591399,11.9696684019
22.3718667803,12.3046684102
22.2042172432,10.0683126661
21.5529232869,13.0958137579
21.5470137778,12.3249917994
21.7876694496,8.71804269279
21.7534346611,13.4408196085
21.9784455733,10.5485198575
22.7589896776,11.4730786283
21.996269147,11.5975133756
22.492238138,11.7892831427
22.8973962123,9.67267869958
21.8957100184,12.1132870866
21.864831302,12.8591401681
21.8324637885,10.7410971407
22.178875826,8.73925743014
22.900259513,10.194729586
21.6316313304,11.268041032
22.5511832098,12.9921313573
21.7390102422,13.3109765619
22.7819662798,11.607623005
21.548995077,10.7044049836
22.0775061285,11.1886970101
22.748692213,9.46758567976
21.90765442,11.6437240223
22.1471683919,8.62412940858
22.2428541288,13.1634312908
22.3879060978,9.46184403285
21.7338674761,10.3606027191
21.7317958774,11.6567886903
22.6028144082,8.51734639583
22.0642368062,13.0220025529
22.6104978882,12.509400612
22.4701629137,8.87834204737
21.6495444816,9.89555317262
22.2050208853,11.0669908633
22.0574488536,9.18206595488
21.8756696053,12.2834504522
21.7285328602,12.5125144655
22.6622205228,10.0681380815
22.8287191438,12.9898366916
21.5913960154,11.1041266
22.7532134294,10.0476604505
21.7109086784,8.75533908425
22.9025215391,11.5088604657
21.5950415949,11.819659014
22.6593884241,12.1194159512
22.4047938261,10.5584398255
21.9994116721,9.65926945873
21.8400397983,11.2683774182
22.4897835744,11.1474930123
22.8880342364,11.3895376849
21.9093847314,9.63822833737
22.6536188129,12.9073878195
21.8237965164,11.4844529132
22.3178114454,9.13012643726
22.7320553311,11.1706491542
22.5891366484,8.99012050715
21.940552498,11.8394774383
22.448455642,10.9865039499
21.7247370598,8.4921574972
22.639090928,10.8432148096
22.4238495831,10.4147874093
22.2009719609,9.47952281877
21.8185977607,10.5386360977
21.9683615959,9.89706365557
22.0063731509,11.4814081691
21.8685000569,11.1649775611
21.8739528843,8.52370745218
22.0425018458,8.72064584774
22.4198075961,10.8656154664
21.665460271,9.14743735297
22.3518942065,9.72537258437
22.6452899693,11.2619935054
21.9771850466,12.0506050201
22.6469221054,11.6105309767
22.6585848845,9.00411722267
21.8219178551,10.38685268
22.4485432836,10.7521891241
22.1015588982,13.2724720547
22.0561555935,8.61820743595
21.6715102417,11.1850288598
21.6948617792,12.9469636712
21.8427934691,10.0889692251
22.6120052555,9.82792083358
21.7854408234,8.49699239918
22.086684931,11.6744492335
22.0094613307,13.1586477868
21.8128743829,11.379656374
22.7137259956,9.35463077741
21.732090594,12.3905775931
22.13596071,9.19516301246
22.9150468741,10.0552505846
22.3067424579,11.4870830836
22.7574261588,9.75659252668
21.8332646841,11.694634314
21.5401523965,12.2224103888
21.7504998348,9.88409613586
22.7514272767,9.00291017056
22.7653608151,10.8314628514
22.6799791415,9.08917485229
22.0272225605,11.2861876073
21.7938022008,9.39138195102
21.9583865985,11.3546823688
22.3739462281,8.70503593235
22.2688732698,12.9469210353
21.9101640559,12.1948090477
22.4301672134,9.91651610064
22.8352002032,11.6707381112
21.7449622613,8.84590037046
22.5747920281,12.0583749427
21.9052679791,9.9207654789
22.6026032693,12.3435875691
22.3746038064,10.4886926364
22.239469395,9.54178003271
22.3936469635,12.8529664059
22.851175925,11.019806867
22.4701495914,12.2630142898
22.4886483763,9.34519161884
21.7693870366,13.0946016093
22.0262837085,12.5568258113
22.7395477066,10.1492036543
21.9422428499,12.6474377607
22.4133114749,9.29401118342
22.8340757606,11.2264623188
21.6570134036,8.54690862948
22.3247018234,10.5572446029
21.8914517878,10.6617840154
22.4472745761,12.3964952692
22.6691547585,11.9722114565
21.8237924973,8.86050075959
22.1457509166,10.6635748678
22.0955643692,12.3754703153
22.0598551014,10.5577575224
21.9616689579,12.2478916684
21.9777440273,9.12298791996
21.9107060184,10.5479531919
21.6734555434,10.5745486802
21.8816181122,9.82967604528
22.6908950664,10.3513936581
22.2564299843,9.9705079969
21.8091833095,12.5748950758
22.2541898219,8.5057159108
22.686679895,10.201174567
22.1707786347,12.8644298516
22.0555923668,10.0563689056
21.8360496737,13.1622912634
22.8068938393,11.3163638303
22.3661477438,10.776939209
22.1507680551,8.53125178411
21.8092399595,9.63700948095
22.0179289076,9.46981953175
22.6757431763,10.9369326992
21.9416105389,9.543986709
22.4629085655,8.74351387898
22.6405016116,13.4178666348
21.7808087226,9.31530249012
22.5638160897,11.5659413902
22.7444663283,9.23180382453
22.7877329273,10.5746721043
22.3077376994,11.4173229426
22.565038841,9.44767621052
21.5730445946,11.4633663865
22.8498273066,11.4567109513
21.6777628123,10.857368853
22.8197561164,12.4194623332
21.8984259805,9.21268488016
22.2153402794,10.5587347166
22.2085605514,11.1536027558
22.7876474651,9.11241050335
22.4926801382,11.8943183033
22.1260534127,12.4994342105
21.8174828918,9.18176101935
21.5775993095,12.6338763402
21.6510979422,13.2958410418
22.3629676993,10.9604479307
22.5260060173,12.802213607
22.3326374162,13.4365920769
22.2505852948,9.81561997072
22.5036647801,12.2052386188
22.3627701772,11.7538250958
21.7000186623,9.56123099075
21.6467966946,13.3766774118
21.9209191429,12.5619152878
21.5205261474,11.7328904451
21.6143508777,12.5271496431
22.5218584836,13.4011144106
22.270183013,11.6598984014
22.4447099392,9.77888752143
22.2853508202,10.0755691721
22.7225440509,10.4412753574
21.6523993797,12.8606030574
22.3362608713,11.823206857
22.2926794721,13.0457251902
21.5680225419,8.50388814315
22.6484837809,8.81098549045
22.1671505968,9.89624740072
22.4703143852,11.3348854228
21.9995101388,12.1632325112
22.6099366459,11.13638457
21.8337326687,13.0507309333
22.1080582274,8.95587917495
22.418960331,11.3709113694
21.9103661026,13.3300157364
21.741641428,12.2994733675
22.4263325514,11.5243636583
22.7439440725,8.87833414581
22.2094306393,12.591086079
21.7533730343,9.45606551323
22.4483752436,9.71563121355
21.9326770408,11.7080400265
21.9622495717,12.9098467655
21.7768831408,10.1264100244
22.7492201595,11.8512621647
21.9742047953,11.1744612713
22.706154655,10.8836269842
21.8507744102,9.72330318897
22.6161667879,9.64408962789
22.105225635,11.5878186943
22.1381502006,12.6510215753
22.2630800873,11.7515099313
22.7557257409,11.2582103141
22.2692447922,9.71649381365
22.2934756834,13.3599186095
22.5533626273,12.8970939696
21.6083896343,11.3665542882
21.7425772319,9.20838459494
21.9930656183,10.4713228027
22.6352799299,12.7974179025
22.2330715817,12.0053545669
22.7051998201,8.57197269967
22.6125268823,11.362317091
21.8670375302,11.0254488707
21.7967233988,10.8594225533
22.4782699161,8.59508048042
22.2784782699,10.2837322808
22.6576187196,12.4353225523
22.6743728369,11.885763868
22.8310205164,13.2302447956
22.6807614613,11.7847471105
22.7464418587,10.9580312465
22.0297182549,10.1594954812
22.1986112587,11.8244844141
21.985156845,9.98778769392
21.8145977453,9.25580918449
22.8857680289,13.1760609
22.6289965466,11.6913124911
22.7259083367,11.3357523637
21.9278201978,13.2220944255
22.8086473365,9.65555181755
21.6212599299,12.1710511964
22.1053289937,8.79940600589
21.9071013464,12.4471674
21.6634294327,12.3324302133
22.821801192,13.3211988075
21.5230063057,11.3639395624
22.1841267431,12.4219404961
22.8660765941,9.20738447241
21.9949612056,10.256257351
22.5757520957,12.1744264691
22.3477391494,13.2875954081
22.4678277024,13.0410058031
21.5176020261,11.8916628833
22.3298876144,11.2274550475
22.2012979138,13.3162004129
22.34624898,10.6619175661
22.8628410209,9.75047237385
21.8952109313,11.3420039891
23.0572352691,10.0273297727
21.7435505584,10.0679979748
22.2482358456,12.4859838067
21.660449943,9.68006714514
22.3640852641,11.4670511162
22.9111563843,10.9506399682
22.5475591099,10.5125311388
22.7466235497,12.7493089381
21.6097845788,12.0605749932
21.6898475345,11.8498339239
22.6622935071,12.6924877863
22.6004158644,12.2580533906
22.1182698747,9.46529609022
22.3092692229,11.6083310693
22.8671934674,10.5680493817
22.2250429729,12.7664036374
22.2058386911,12.1672391096
22.4637136738,9.23096367531
21.5518154351,11.2999297956
21.7084709994,9.05114264743
22.3885934358,9.37371823155
22.4351140483,11.4485550041
22.3734291484,12.0028871562
24.1890763282,10.8031351514
23.1586265718,11.7893070158
23.934520941,10.5767310897
23.5837379723,11.5097120339
24.1472936576,11.7999952964
23.3991912968,10.0239695251
24.2963107849,9.60300832664
23.6087628869,10.1683983739
23.8286460881,12.3606478859
24.0439270972,10.3934350628
24.1591414145,10.0306913672
23.4067876807,9.61278085909
23.7569758191,13.4424062673
23.7318242878,11.7076286301
23.1940190494,10.8442380341
24.1728325009,9.58745809203
24.0004093391,10.6622907206
23.6864424817,9.95916668881
24.0247395797,13.1994556162
22.9885078015,11.0084973479
24.0615485979,12.7474011354
23.0699137365,11.1134307884
23.7921263678,12.6913312496
23.0084156054,9.65081203343
23.870379306,11.0014320688
23.7014283355,9.18698542665
23.193636251,8.60359687103
23.4606220135,13.1783265658
23.1702198921,9.12095606604
23.131468038,13.4378756117
23.0400438851,12.9905452431
23.3560078626,11.8290304502
24.094403944,11.4556836829
23.1402103376,10.7564306709
23.707682103,12.621523269
23.9680816334,9.48615692868
23.4635668458,11.0486520568
23.8212980076,10.7468443473
23.6356503191,11.0143442105
22.9161169505,12.2608397256
23.7006797112,8.75836645584
23.3868698414,12.308984487
23.5642878408,9.69104176785
23.3525686137,11.9278618718
23.7641345728,11.2765336768
23.221121928,12.0996382961
23.2733736709,12.3090800143
23.0538012611,8.96462097006
23.3790690072,10.9994515884
23.9364054654,8.61764942262
23.611611206,11.6616110475
23.4615848915,9.00159329761
23.4451560492,11.2717692628
23.5814931333,11.265794095
22.9640257925,9.26391417621
23.4052905073,10.2407223793
23.3108417072,12.6866638493
23.5610461029,12.7789861164
23.9390801445,9.40490061122
23.7960230296,11.4212898713
23.2395585144,10.7662049014
23.6941341244,10.5379051865
24.1526106534,12.4629146244
23.4345913878,12.5984059861
23.5478092397,10.9979887967
23.3621801116,10.3229295122
23.8934119176,10.2050417993
23.896783235,13.4114786358
23.2335277118,13.4153578333
22.8411295491,11.8657058879
23.3282296298,11.6853718228
24.0831650517,12.380926646
23.2734873805,8.75266766873
23.647190951,9.10623023747
23.4016979684,10.6923958699
23.4059675976,10.4430654781
23.8969715797,11.5939958855
24.1725383754,13.2025838346
23.6726163393,11.2713353667
23.1955576204,12.2888607098
23.1487177521,13.3488298777
23.7100288765,12.2780968461
23.2129836618,11.22605462
23.6144303468,12.0752058107
24.1255622187,11.8859468489
23.6334934193,8.93360007052
23.4726718227,8.6718225908
23.0636378402,12.4542271283
24.1145680848,8.61745371136
24.1452159842,10.3036245704
23.6955008505,11.9059263293
23.86283366,8.48973231588
23.9683118925,11.0742761162
23.7961467718,13.0038044064
24.2594173383,12.7847019572
23.006467148,8.52074411862
23.2381341014,9.99841180542
23.959284196,11.1793830649
23.2323479034,9.39840120556
23.5159954423,9.23716308994
23.2866124859,9.78048296177
23.8693810209,10.0370778285
23.5988502647,10.5486314612
24.0401436508,10.1225588063
23.962274233,9.57613781752
23.5018099202,10.523196886
23.7705259188,9.12252420818
23.1244146474,11.8977746539
23.194830639,9.78526356684
23.130097755,10.6467206931
23.6495168074,11.7455051586
23.6452130023,8.49048418691
22.9171843389,12.6187111541
23.8676675094,8.82708023757
24.219976144,9.75995967684
24.0467369056,9.83187313887
23.2257643012,9.85425204872
23.7167826948,10.9817476898
24.0351257051,10.468630065
23.7938344655,8.75282955534
23.3130961919,10.7400620007
23.2462303479,11.714233827
23.8250987694,11.2097850734
23.307519185,9.88020079683
23.0452073489,11.6461811826
24.0510968756,13.3030075254
23.1168158835,13.2067886428
23.9293694827,8.86986817072
24.1528692405,11.3246592682
23.7612933025,9.86567461068
23.8570273313,12.5556613723
23.4091708337,8.58635023363
23.1575123274,9.83924183952
24.1529618686,10.5033306671
23.5485025618,9.49376044168
23.8802875889,12.8262580689
23.4134621808,11.6202131002
22.968284004,11.3339151593
22.9426037442,12.7672442309
24.1070594785,13.2319684568
23.45372869,11.9704049398
23.2577897973,8.83981573938
24.1118100533,12.5315708254
23.1293797088,11.1827963921
23.4231234469,11.4821142074
23.5880506834,8.64124751938
24.0819887909,8.93686220342
23.1973620596,12.8866730661
24.009070158,12.8313277366
23.7364540358,9.55868699126
24.0359347537,10.9125746082
23.7652674652,11.9197330718
23.6804849775,10.4503311207
23.409219997,12.7802888615
23.3153256774,13.2473172993
23.1839853013,12.0532366801
22.9685389316,13.196914308
23.2082685786,12.5591185679
23.9755072345,13.2655321232
23.6418518926,9.27387288084
23.8726950116,11.7887355709
23.3132119559,9.95983813273
24.1391639361,11.0351154272
23.4140320666,12.8785015954
23.6712964215,12.7351968314
24.2195781943,9.98334598601
23.8100672973,9.50091127148
23.8472200589,9.41915745841
23.2740090576,9.68914908568
24.1038494236,9.38369303318
23.1239685489,8.62907049555
23.050617454,13.3728881108
24.1811368497,8.57169788523
23.7437748221,8.83576287178
23.5133679435,9.78028704351
23.0749665387,9.51274597682
22.9145938282,9.37054951582
24.2098562515,10.4302238278
23.9420717509,10.8942377372
22.9208422357,12.9744358278
23.2764311823,9.1949258286
23.012752269,12.3864783196
23.2527007302,8.52563707286
22.8283129296,12.2368151998
23.8307377931,9.20850485068
23.2458377262,9.30332214243
23.610622808,13.2552807787
23.1337772633,13.1341402499
23.7938410383,8.96742277768
22.8709013308,11.7767658852
24.0858641461,11.7173351694
23.6407255824,8.72256500148
24.1418903698,11.9533353263
23.3834836928,13.0423179238
23.5703778884,11.105275819
23.4585040934,11.8068160565
24.0104658155,13.4031164412
24.0871312987,9.75249775548
24.1402083165,8.50506879531
23.5551116772,8.85977438605
23.0590941465,9.58151531885
23.6484483318,13.1543699781
24.0734517222,11.6408256418
23.1496591033,11.0921388556
23.2068111802,9.03688400646
23.4151920345,13.2611269025
23.2012569199,9.71384341975
24.1592044462,10.1679459833
23.3856304735,11.4334448321
23.7220091104,9.03242458654
23.0185279757,9.78159516825
23.5024576843,8.8385086305
23.2689184153,9.4803756768
23.0560872307,9.09276198054
23.95789312,12.5590696973
23.7096110849,9.77871139003
23.8614508552,12.7422746863
23.0834340635,11.0238830512
23.9295708477,12.0571958956
23.4349394481,12.4751963461
24.2064302608,12.0013885396
23.9442014708,13.0816034632
23.306753924,9.59447480281
24.0964960726,10.2223261732
23.4477243564,13.3534657202
23.5411156588,12.4084614631
22.8914078871,12.1525956866
24.0572136843,10.3168460915
23.5545123121,10.8152372108
23.2361867749,8.91775679546
23.6394930101,9.36824762135
23.0659899911,10.1221960476
23.1642343021,9.92206596624
23.9904994724,8.92236894619
23.4513135445,8.78864994327
22.9245785228,11.7202717608
23.3200588632,12.4796685259
23.0310960683,11.7677820743
22.968127394,10.8444530619
23.2582481835,12.5075199382
24.1392895187,13.3837479104
23.6277136248,12.5692841862
23.3013026753,8.63953532062
23.8595827069,12.9245734733
23.9323966643,11.9372229957
23.9731745607,11.7051181568
23.5690363816,9.07500721542
23.6401454091,10.6372546196
24.0068733731,11.5909545199
23.0686669116,10.3443458797
23.8953851696,11.4604433939
22.9967084484,10.7811732541
23.5883216963,9.95508744201
23.9058530246,12.3402301837
23.9605085702,10.4981063844
24.0143041781,11.9040112819
23.4996795619,11.604550327
23.5001875576,9.07948264861
23.2391671481,12.4199132322
23.1511276047,11.6731538181
23.3421202589,9.12941497558
23.6340087783,9.58094843122
23.7852362838,11.1575482921
23.266506763,9.10108754669
23.6106877428,9.75378405891
23.1798326095,12.4919308901
23.0703837532,9.28911491446
23.7244291609,11.9733815994
23.4074027746,10.0935506379
24.0450681073,9.32065126212
22.9475536499,8.60748460344
23.8256688956,11.2829121679
23.6439428276,9.68438393969
23.2953058148,13.0188960997
23.4917949659,9.93517188769
23.3439294518,9.02884942911
23.4618597718,9.30119336936
23.0003844647,12.5738199176
23.9495491021,9.98225951492
24.0378077641,8.53508675034
24.1485094934,12.1938640616
23.9633668431,11.5168479942
23.4215226352,12.1281524414
22.9936072893,10.3107030889
23.5082235373,13.242406679
24.130875303,11.6377847973
23.5672612876,8.98333527828
23.6286280377,9.03376749843
23.2937518423,10.4171989294
22.9441821216,8.73817065236
23.9827221006,10.2203818853
22.8297564022,12.3347296353
23.2158391123,10.0817719589
23.4166400928,8.49994976902
23.956792841,9.28617658037
23.4005727646,10.9035471832
24.22253658,11.5396714886
23.7810685147,9.95725554125
23.8271354238,10.3751281012
23.9339262701,9.09269722615
24.0111974857,9.74793958897
23.3083557651,12.118944134
23.1507015672,10.9387070534
23.1046120633,8.80043703739
22.8402100963,8.94462386591
23.383629016,11.342261353
24.0226745551,9.99300992377
22.9360278236,12.3548551723
23.2731251882,11.1689763736
23.6135277721,9.84506740342
23.5106593225,8.91341034525
23.7642311996,10.6504150913
23.0534961584,11.2605822815
23.9267325956,12.1638924948
23.5772634262,11.7866578444
23.3986595193,10.5478554642
23.1407187933,12.2644219299
23.1011802073,12.8431086862
24.0013651862,12.3396028276
23.8337215381,9.84090832316
24.0425805465,12.4634459984
23.9900409718,9.91212586743
23.0238237422,8.76043154583
23.6157559104,10.0525431458
23.7820150962,10.9782352217
23.6501468828,9.46390196758
24.2274879857,12.0708712202
23.4317690159,11.8947663251
23.0420640953,13.2173947896
23.5409329539,13.402185326
24.0357337924,12.1224833622
23.7278915605,12.1849463992
23.8569502015,12.2048066549
22.9681530218,12.1997756964
23.5785095568,8.90816336027
24.2150710356,9.42412131667
23.1750093095,9.44880686715
23.753837526,13.2372700217
23.6910212104,13.2180390208
23.378052573,8.72644235379
23.5489483161,8.75838181719
23.3973501796,9.92823820663
23.2827536418,13.1823389519
23.1601852765,10.1155175168
23.1767590791,9.55235548806
23.8466850684,9.60755381816
24.1845237705,12.5800380548
23.1636426182,12.6286945162
23.0237964043,11.5476920699
23.8002600719,11.5270294345
24.052015467,10.9931475906
23.0098997888,11.8962073088
23.5603293078,12.9714568841
23.88973178,13.0275480568
22.9511763939,9.04563705308
23.8901574777,8.71733760292
23.3239078184,9.25719057304
23.9690982633,10.9870794633
23.9734884563,12.9614497352
23.5385798371,11.9611195762
23.1804793328,11.479929172
23.4298164903,10.1668448548
23.3410141406,10.4932698002
23.9013961643,9.49208809623
24.0729781598,10.5350453126
22.9765240628,11.4486124745
24.1582349048,12.9468616082
23.6261431084,13.370558595
24.0894227496,10.0352326256
24.1398361022,10.0999121318
24.15690578,12.7697980389
23.4634057082,12.2171627132
23.3387744118,11.0940825487
23.4841838424,12.8401996302
23.7045587207,13.3038762554
23.5430515812,9.62043138255
23.4539786367,9.48158352223
22.9856313809,8.68214957537
23.4612983022,10.1088797774
23.1074011334,9.77460319602
23.6110726897,10.3893884861
23.8201881491,11.999791751
23.8865897619,9.91974830231
23.2824639616,11.7974348577
23.402525088,12.6977971792
23.5051956941,10.4224968363
23.1395639419,8.89287083085
23.4146215774,11.6992360499
23.3336655972,10.6087964431
24.2156438785,12.6904410804
24.1437400182,9.81399393342
23.1800887957,12.8214740516
24.0636217336,11.1834894989
23.547364493,12.1597164897
23.7551695188,11.8283970006
23.8528226025,12.2909366868
24.1365973642,9.12854081533
23.5311940687,13.323530164
23.5204053783,10.1546128541
23.6960090693,11.5772686422
24.1301347326,8.85228440935
23.0020009743,9.50574468024
22.912331385,11.0406356179
23.2782556564,11.628895419
24.1076252851,10.7282828523
24.0562697003,8.80887861482
24.2344995937,9.67175902242
24.1842934556,11.6978842181
23.1450736373,12.4354807929
24.2181778194,10.7176944958
23.1435284887,10.4890091561
23.363483981,13.1516883622
22.7498989021,12.5046124751
24.2278315361,10.3450703565
23.8208960748,13.081866624
24.0626005188,9.65417781997
23.8007123076,10.9280459317
23.586995152,11.8845875531
23.1700849876,11.3194998629
24.0746029076,11.3214900915
24.2684995412,10.0373715516
22.8678834777,8.77430962996
23.3375875918,8.55947090746
24.095326766,11.2616119157
23.3456940618,8.49927280213
23.1771132267,8.96934469054
23.6013657539,11.2047245723
23.5082292377,11.2093687857
22.9928597731,13.2843079795
24.050296502,11.798670367
23.4840934485,8.49589885828
23.0760015827,10.2439070475
23.7294367777,10.7696486259
23.0149588027,12.2793526012
23.2703718215,11.5367917748
23.7169657019,8.920606083
22.9190269109,11.8892609334
23.6100495957,11.3804510252
23.1552459677,13.2712446155
23.2213891385,10.4860230326
23.6278265412,10.4863457175
23.6681728267,10.7277853717
23.1554897714,9.28326449428
23.3145954259,10.082570859
24.1113834698,11.5548914375
22.9312593449,11.8176705979
23.1242716906,13.0021444303
23.8531449084,10.9096405217
24.1036179883,8.7270544023
23.0391073077,9.40641620467
22.8888701258,9.1116937583
23.642317769,8.83697783302
23.868798717,11.3547606783
24.2308498959,12.2435589243
22.9247583167,13.3579077361
23.6273585083,12.2350578966
23.2350371771,12.6268469012
22.982555156,12.0111918217
24.0471086726,8.86651772193
24.0040961715,11.2791627039
23.4292399452,12.2762347132
22.8888969583,11.9620365772
24.2859983773,9.78896410408
23.1169148451,12.9188038124
24.1776722751,11.6085786777
23.9309175388,8.50848087967
23.0699320028,11.3755310627
23.3451885514,9.51255428642
23.580622567,9.18294108244
23.9493884807,10.3974146856
23.9932199838,12.214754048
23.7157097161,10.0516591856
23.2058329471,12.9906930187
23.4796929572,12.703078472
24.1451631321,13.0382631975
24.0388789306,9.45466983704
24.1103450969,13.1452814886
22.9446681145,9.46167551017
23.5685158901,8.52235456784
23.4792317785,9.19612771497
23.4495887647,12.3455645259
23.5517262104,10.596462257
23.09952087,13.0695440442
23.4759970678,10.2257482071
23.0509444423,11.1754216462
23.7828744959,10.5507471602
22.8263353078,12.052044032
24.1366961443,12.3919853925
23.3329623034,10.6758111655
24.0471137224,11.9914690501
23.1419145405,10.3094750648
23.6297305147,11.9793529588
23.9497247807,11.3439656551
24.1366853928,9.4782538335
22.9530544714,8.83544288502
23.7213074775,10.3720155481
23.2445458115,9.91969565861
23.8537382433,13.2942194093
23.3635574021,10.1579228504
23.8670673354,12.4716590911
24.1502948054,12.0945045356
23.5555613973,12.89234374
23.4700634243,12.9687013593
23.9655817918,13.1368531385
24.0155713049,10.7498361059
22.9989684285,10.7044304714
23.0456963735,9.72026932334
24.0100694866,10.5442771759
23.2170220915,9.64212647418
23.3996170645,9.53026064271
23.7865424225,10.261724548
23.4800004127,10.9556100727
23.3085277178,10.9486139548
23.7631512591,11.0727253505
23.5332619702,12.2865115399
24.0220037629,9.37810828373
23.4791869416,13.0856150044
23.9828510694,8.82083417337
23.7995017296,13.3868867439
23.9541891805,9.01613905016
23.7772280184,8.54443275375
23.7276844361,9.49049009244
23.0526613275,12.7591963045
23.2048700889,13.1758776541
24.1194384878,10.8279435321
23.1270303798,8.52833758949
24.2255866538,12.1532227956
23.3541587695,11.4971310064
23.5005299112,10.88194586
23.4260627178,9.10557001326
23.6443249706,12.1461796071
24.071373167,12.6221043656
23.4967424663,8.58236606683
23.7817403795,11.6216936921
23.4815497956,13.414846773
22.8919421366,8.6814825429
23.2606101439,12.0123046232
23.6994829272,8.49207370251
23.4695027553,10.625236063
23.3215006249,12.8460870255
23.8887196415,12.4019165619
23.4983890922,10.0326938272
23.7196535366,13.3868032361
22.9643078233,9.15971219167
23.8892865642,13.1238545109
23.8044556134,8.89069227633
23.4376033275,11.1422169835
22.9304045858,11.6037849375
24.1106229545,9.29893901103
24.1287768794,12.6936639808
23.7696122138,12.5152591196
24.1642088786,9.69241242935
22.8506734434,13.419850622
23.8208808651,13.1849975487
24.0601172738,9.21506987852
23.3691576531,12.0339611636
23.2789717019,11.2999264587
23.2961795163,12.5746143065
23.4753713988,10.8182726185
23.7419547688,12.9189511857
23.8034623232,12.6016249838
23.0385754848,9.20348200921
22.8499824871,12.4809820172
23.3658797732,12.5353632147
24.0358330131,8.64842937331
22.8958869923,12.5468064708
23.6402502886,12.9510371727
23.1818602626,10.5647537297
23.5502615369,13.1627139836
23.237180175,11.8896361102
23.2693544172,13.1015584168
24.127229562,10.3965505213
23.1210248486,11.5676271162
22.9768160946,11.1068258403
24.0675754046,12.2217908884
23.3551506783,12.22618812
23.7043903611,13.0290923061
23.8503008039,10.5871645444
24.1343366897,10.9173774467
23.7233443605,10.8780796953
24.0354902238,8.99821087793
23.4716328411,9.86629434146
24.1134878535,9.92201864919
23.6676607794,10.280699732
24.1366241706,12.0163444735
24.1880952016,9.33626858999
23.4123430293,13.4398765884
24.0628384354,11.8705338835
23.0075945302,10.4849456875
23.9567649976,9.17207215126
23.8667160195,10.4915138472
23.1444216624,10.1804494835
22.9524373254,12.4634937794
23.4799769948,9.56805933447
23.501516445,9.1391725633
23.265481959,12.9206749418
23.7689440517,12.3156058656
24.0317233719,11.5048533185
22.9815051858,12.6762688845
23.8701803125,11.1241215532
23.2943470501,10.8465744069
23.9511666169,12.7620120523
23.1620918653,10.2455171212
23.4416989573,8.87016990026
23.191232735,12.3434021409
22.8531458278,12.694268947
23.8713550991,8.55052875228
23.2662104614,12.7755593605
23.6641818907,8.56064437396
23.0691871038,10.5536531083
23.5235376947,11.3105117051
24.0314063069,13.0660610053
23.0545572569,8.65636621923
23.3503570153,8.83493282719
23.8473523208,9.05119567636
23.7429778686,9.28319090073
24.181415605,13.2629963954
23.1166455232,8.72163575801
23.3249557795,10.2190095748
23.5550983068,9.28566980104
23.2347052724,13.3050943902
23.51185963,11.7103968559
23.8286735443,9.74056719807
24.0639085634,11.084519243
23.3821171579,9.46877913281
23.823034436,12.1212285484
23.4432312284,9.3987461029
23.5353177441,9.8775558647
23.6522087465,12.4763939758
23.1393779924,10.0341089594
23.9446804679,12.4331188794
23.4823851883,11.5103784455
24.1298347872,12.3023208525
23.7304230626,12.3870690046
23.5058919218,11.8978154873
23.0715657252,10.4392056609
23.7503709122,11.2117529689
23.9291496513,10.7723570745
22.8769756076,12.4077335802
22.8917375602,8.88619323333
23.2374034954,10.9162373229
23.3937864974,9.20842431894
23.9215252589,12.2604982362
23.1103504018,9.18963630084
23.3934384152,10.7903094602
24.134558427,13.2913832982
23.8371483313,11.8920248867
23.1090127916,9.46506245256
23.4550930581,10.2880296409
23.6449135384,10.1130017051
23.5260454196,12.0484778884
23.1562498533,11.9877467359
23.1304355937,12.1135663186
23.7151465134,8.65916924292
23.7085974785,10.1694813901
23.0805357186,11.47798277
23.5603286723,10.0909949363
23.9255547617,13.2069937814
23.4908368825,10.7332741591
23.89635564,10.2885949183
23.1117989008,12.5482832303
23.6584054001,12.8452640035
23.7804643504,11.3419192244
23.2206188141,11.1209236212
23.0609202634,10.7140446969
24.1056737807,12.861312825
23.7725615362,12.8013460469
23.2407293448,10.6621014983
23.1837639954,13.0828209771
24.0393468028,10.8279601627
23.9720761589,11.8378011445
23.205365621,11.6005165651
23.3639634348,11.2182987598
23.0769714822,9.9592400947
23.4439103059,12.0476757006
23.7130574367,11.3711893205
23.9524238519,13.330691926
23.3965434873,9.81345583984
23.2588294982,8.99199865099
23.0828450438,12.2054826701
23.1743774075,10.400107599
23.7142847525,12.0706634189
23.8784427354,12.6446183011
22.7630572242,11.9432622336
23.9781581613,10.3048832818
23.3398636205,13.3553337802
23.4464260406,10.3612991099
23.0776118233,12.0299898122
23.6917663371,9.88463483637
23.7873268373,10.8156857055
23.7595660384,10.4621010102
22.9143939883,12.061475344
23.0570325285,8.58957050408
23.346952862,11.7529079043
23.5605377919,10.2482419798
23.1314775023,9.02349648009
23.8885525022,10.6674373558
23.5210699539,10.3344494437
23.3545461005,12.3880855565
24.2074318222,10.6174424697
23.8515710809,10.8393690255
23.3713567652,9.29530907092
23.6992800661,11.4654870218
23.8869580439,9.13483324583
23.2382427854,12.8335699527
23.1813705974,8.79939388022
23.0490325826,10.6514731282
23.4129201506,11.5524881552
24.1933874788,8.68997892912
23.2363392791,10.1712245058
23.9853696565,8.71843022935
23.4742510091,9.67233734081
23.5831802017,12.6544904275
23.6357164981,12.3378680516
23.9703395834,10.0513706256
23.3857772134,8.93200841724
22.9957396916,11.1905511494
23.4852439283,11.4121568209
23.5470202822,10.6639369235
23.1189083725,9.66081550258
23.283105676,11.418447135
24.2789858657,9.05506989728
24.0753930723,12.9657256016
23.0706280164,10.8537977996
23.2177191011,12.1997842584
23.7392525257,9.65843276929
23.1292879112,12.7953322712
23.972091123,12.6689164985
22.9753031182,13.434814834
23.646194411,10.8007110628
24.0302673014,9.09143656884
23.839817761,11.6813574499
23.2044410816,8.68305314854
23.3510703091,11.6011905924
23.185588626,9.21676761904
23.6564997447,11.8379166143
23.5405929958,12.5354899305
23.8238402102,10.148670568
23.0164863198,12.8725494207
23.8274887378,8.64834429214
23.8872609344,8.93988289688
23.3675941808,9.70022420848
23.6036217573,10.9112867797
24.1755789941,9.23219201317
23.9341064056,9.68957850044
23.7484358405,9.39864939246
24.2150942274,8.86948340968
24.0010386914,11.4143971061
23.7428853082,13.1229059654
23.9461839033,12.8734707772
23.1019029154,12.3511086696
23.930152653,10.1320085801
23.2439945669,10.2958616947
23.9299055546,9.81049529562
23.1453269192,9.3617752209
23.0531303382,9.86550247679
23.0411514431,10.945975194
23.8005185149,12.4324352758
24.0654593582,9.5436488813
24.2473476543,12.4934298938
23.7963419748,12.2510266207
23.150272232,11.4035721084
24.0989513408,10.6123581813
23.540851515,9.38431310867
22.9743079277,13.0910416778
23.9008078518,11.257194628
23.9244609796,8.78018738672
23.3132374932,8.91569175468
23.6795076783,11.1556941996
22.9452973184,8.9420038817
22.906736712,12.8623180372
23.5902824773,10.7320474871
23.1840849744,12.7266581552
24.3029177125,9.71415583159
23.0115755658,12.1222147723
23.6760642457,11.0745216412
23.5938828083,13.0566122597
23.0638942746,13.144741072
23.3502962854,12.9469281345
24.2213096157,12.8741710218
23.8459975925,9.32781875918
22.9835846787,10.902832617
24.1579301106,9.01106837985
23.0761110849,12.6528651487
23.5654614798,10.4703596748
23.340279028,9.38535828282
24.0866369862,11.3794949804
23.2849514827,10.541075139
23.2327438912,11.0259377027
23.0817353272,13.2804934299
23.0514275864,8.84973670773
25.1077016925,12.5659867376
25.0509596078,9.85904875853
24.5942883418,13.3724115633
24.6270995665,12.3220387995
24.4554917287,12.9439299537
25.21333271,8.91741861435
24.8655786527,8.74828935993
24.6268670837,12.6802597608
24.2769653349,10.7830703528
24.3299134048,10.9360821657
24.9611950293,9.44894403466
24.8204519176,10.2563518801
24.6051627244,12.4457623409
25.5203883561,9.30473730627
24.2256217308,11.2777486331
24.3770980991,9.88906976311
25.0226092018,11.3427064376
24.3244018231,11.1352391786
25.3099440084,8.88063697798
25.4613789249,12.6532561718
25.4383129374,8.5274449489
25.0123633062,13.059709285
25.3867248953,10.4696878166
24.5798545661,9.73055134795
24.5973752649,8.95575972016
25.1733571325,11.139935919
25.3918843362,9.32440737604
24.3543217702,11.7671544562
24.3571071967,10.0598529544
24.9640563401,9.2775546931
25.1154446838,10.6565389219
24.8746166007,9.17367847313
24.8699924018,13.0996783616
25.2868712028,13.3132908586
24.6881235446,8.51559673768
24.9070237964,9.08156913261
24.284670574,8.85697808168
25.3592898702,10.6489297457
24.8681937313,11.6665513211
24.2339500109,10.9869626421
24.5753306699,11.3710254379
25.4751014839,10.8683264765
25.2842453181,10.2156629701
24.4934365722,12.2041886219
25.1578300179,8.4988223594
24.5600702587,9.14228166453
24.9798330989,11.1672533744
24.238382447,13.4015652977
24.6288926796,11.1938093273
25.177700012,10.3507570589
25.3787110532,11.38348484
24.4925312963,12.7131827727
25.3742848006,13.2889486231
24.2238682359,9.88077809848
25.3269507452,13.4422106446
25.3630941424,12.1768786831
24.4766433758,9.06577091746
24.8028352955,8.52481059591
25.5223390155,9.07730840052
25.2907938685,13.2339241295
24.5513602484,10.3035094494
24.4349730877,12.3613439528
24.8791425285,12.8055630859
25.1319177769,10.2445082709
25.369785273,9.71062978097
25.3732165462,8.67931707901
25.3630146258,11.1588784528
25.4763770054,12.29772501
24.7965485664,10.1634298885
24.6632762189,9.65806674089
25.2152001469,13.2376479974
24.963363302,12.4453656448
25.1266110625,12.3877428347
25.2568050168,8.83624967926
24.684311205,9.73439626623
25.4604850117,11.5767400887
24.2150039741,10.2410885821
24.5299855734,9.55852802483
25.3914454872,11.6054599826
25.2751828251,12.5902842097
25.3814290434,11.4994973389
24.7324869838,8.60519218251
24.9641874222,9.89533108951
25.4167608032,10.1308267274
25.3866017998,12.9337672185
24.6868422464,9.98371359884
24.8142300706,8.98165298647
24.8251993225,11.0015616769
25.4242429368,13.3724602796
24.6034901858,13.2153453103
24.69362768,10.7661190676
25.3255687804,10.429050462
24.3135998394,11.4991382357
24.509852649,9.90479154906
25.0812495137,12.2949440765
24.9004034091,11.746444435
24.4458330322,8.95183242766
25.4380245147,12.5257760013
25.3833079965,13.1711108403
24.3869871298,11.4348158997
24.3528502235,11.2464429657
25.2100273475,11.748542567
25.1961527793,12.6459109227
24.4717969661,11.6204431588
24.9012093695,8.50401646626
24.9288918224,9.64600961893
25.0699773689,11.9062799765
24.2343427729,11.628750949
24.2813281113,13.1613953679
25.0623482242,13.2944124277
25.2305477495,13.1842092195
24.2742689968,12.1041100086
25.1118045355,10.7576921107
24.2466220706,9.50745263405
24.2440602776,10.1259552711
25.1413741532,10.5780819291
25.1932055275,11.6020071788
24.9368035126,10.8343426208
25.1543576096,10.8845723742
24.862069271,12.9442316178
24.3631475059,8.88642073817
24.3454333277,8.80477549419
25.4423740217,11.2159944717
25.0454404872,12.2165310601
24.5528939969,10.9686644418
25.3750807751,8.89271852681
24.8949234782,9.48445267252
24.223578831,11.8934805145
25.3448334614,13.3775669197
24.8862485557,11.2501842974
24.5187814423,11.1673434434
24.8372634237,13.0217671818
24.2555946458,8.62595509253
25.1204050478,8.90329048888
25.2809036397,9.98774347909
25.3139916156,10.7176591209
25.1437616757,8.65864125535
25.0800207953,9.42063646757
25.4599761759,11.3491280285
24.4970275387,11.9271171957
25.4372125232,9.52413243993
25.3277791349,11.6691141066
25.3663865356,11.063535
24.7695222958,12.3968880673
24.3995732991,10.4400077793
24.7823046537,10.8168917844
24.4070352757,10.5149474701
25.5066597125,11.6542639835
24.5499209905,12.7621698711
25.1275162686,9.5790497437
25.2457760571,8.51987301679
25.2584622811,8.63953214239
24.8113941749,11.7763229693
24.3930084267,13.2412108338
24.7117864733,11.2175661983
24.8795038185,9.38959778164
24.6490215129,10.320239045
25.5006589164,9.62034556223
24.2296027225,13.3186436827
25.2387993821,12.1119290902
24.9848939535,10.5169492379
25.311159758,8.98384674478
25.5163144351,8.595729977
25.2345570854,10.6384692447
24.4294694401,11.8371226278
25.3263043312,12.0434073739
25.4427059873,9.84149717443
25.6586416802,8.52891385798
24.3601482879,9.50722671748
25.3275576096,9.59548569488
24.37019729,9.79641095266
25.4402837521,12.4410295822
25.040733909,8.79181655799
25.1662443571,8.80991806037
25.2229482879,12.0313483389
25.4565256689,11.43094045
24.3131539618,9.9506077336
25.481955424,11.5069214261
24.5496368616,9.83382063449
25.4612919257,12.9873109509
25.1211488355,9.50103561621
24.9536907337,8.69877827172
25.410631129,11.8618699537
24.8348805593,10.9141521887
24.7900467389,9.33480498249
25.2673872898,8.75504283249
24.8553058952,10.8402816661
24.8123109844,12.2961500459
25.1858059694,11.4650204915
24.6338182134,12.1467340813
24.3679976004,8.64350093437
24.9802094789,9.36936305265
25.0002994339,12.1487341649
25.2342634504,9.21138267262
25.0119578122,10.9038406732
24.4846716882,9.31069172578
25.2620173786,10.8960918146
25.0189466947,9.6184430645
25.44199429,10.6094994095
24.9953539971,12.653488893
24.3802927377,12.8552188996
24.8217617049,11.8910875997
24.5934923937,12.8956276544
25.3323991313,13.0533133177
25.4360434809,10.7064369169
24.5842682512,11.8924183205
24.3705631099,13.1609454283
24.7920022906,12.4994113884
25.5784990825,11.4919606504
25.5478527889,8.51150709155
25.2854044335,13.1527353881
25.0362069158,13.1393609346
24.3382601867,10.5080195154
24.6027464022,11.489638911
24.223544242,8.50653878618
24.6449293276,11.9474880149
24.9367139433,13.4592767931
25.2985230639,12.1208760373
25.2673398693,12.3711980855
25.4303429762,9.11407812869
24.6932587592,9.32205139424
25.2273043831,11.5165835663
24.3852504021,10.5940308334
25.3711902562,11.2812169321
24.5363108928,11.2653567439
24.7252379828,12.6546570109
25.2179114381,9.01199782894
25.3478676895,9.50705959476
25.0853020917,12.3579521599
25.2167317302,9.93196239541
25.2702139684,11.227655082
24.843709599,9.78094297363
25.1413608445,13.2361811431
25.1939727062,10.8115897467
24.9379580911,13.3875610486
24.6845307255,12.4147293214
24.9024646863,10.1666400674
24.6497465011,10.123599297
24.6222891263,8.69163452236
24.6519026774,8.89256824486
24.4807606299,13.0646876414
25.0643089886,8.66358236412
24.6940922297,13.12718588
24.9974439593,11.9670595447
24.5315395166,11.8328533466
25.4766065704,9.6859367433
24.8431776455,9.88998636859
24.8945030049,12.1714225708
24.5310640045,11.6493805159
24.3158497472,11.9669481588
24.9590908053,13.3078010598
25.2571522176,9.09198273651
24.2895822468,11.2837564354
24.3965555311,10.2531941763
24.2968188174,12.9079772537
25.1993895293,11.9342711917
24.3734821399,10.6809231644
24.5855506309,10.2150424911
25.269943676,10.3713012654
25.3974392742,9.98267373961
24.4931390927,10.2578757651
25.2832269873,10.3000587429
24.2976375863,9.44323942164
25.2627022086,13.400420619
25.4294064166,12.3706814708
25.2135636967,11.8203064137
24.2584262377,9.16582613448
25.3575970292,12.4113456376
25.381579016,10.2750316436
25.170271722,9.72853741523
24.9203886956,8.83286883615
24.5559294001,10.1048165439
24.5855409881,8.51264957778
24.6699505475,9.23645457432
25.2808513511,9.51082109788
25.02911322,13.4035442024
24.6831152345,11.427113021
24.8895563291,9.96230342006
24.5763453179,11.7370958387
25.2756829127,11.9607585001
24.3532635358,11.047583901
24.8906226021,11.4580013167
25.4169941204,10.3907210249
24.4889085869,13.3831574022
24.5128535483,10.4546420893
25.4202842033,12.0318962797
24.4389078138,9.21992037049
25.287482942,11.3394235006
25.4678886919,9.36877504635
25.4558863376,10.4778271609
24.4868677055,10.5384504734
24.4696092043,9.48365960094
24.7342999468,13.4405138945
24.8504577265,10.3581818036
24.4133034427,13.0826630254
25.3389613228,8.50308037499
25.1081638225,10.134131624
25.0727374739,8.52513029317
24.415636955,11.994411009
25.1843630306,11.3146305591
24.59849145,10.4947379844
24.2549095889,9.28162073421
25.2550350053,12.1812158596
25.543755677,11.1998127136
25.2844405661,10.132598995
25.4368388838,10.9826408836
24.8617342027,11.0831152626
24.9881302679,12.5410911877
25.2230766859,10.996906598
24.7333273323,8.8584270907
24.7553315713,12.8172067867
25.4562201703,13.0730679635
24.2194836218,8.77870683347
24.2434649023,11.3516071386
24.5104299941,12.6213952357
24.7494729482,10.3190588959
25.0054404084,9.6938022408
24.6130821632,10.7103792106
24.5745238977,10.6187539661
24.4332697107,10.9578223629
24.6441916332,12.0568640546
24.5729278982,11.9647467575
24.8777207958,11.9796006332
25.3694389994,10.7277925332
25.4150885273,10.0709596192
25.0280100021,11.1884836416
24.475854722,11.0644612087
24.6852852997,12.9210960991
24.8399237809,11.5519032771
24.3117325818,9.86477851415
25.5086940327,9.84727419879
24.8982105816,12.28188945
24.4317911221,9.59964244875
25.1154318786,11.6032904304
25.1413513644,9.22137135574
24.2512737859,12.9878429136
24.5384195572,12.5066794498
24.4940310307,9.68291049472
24.4252770397,12.5264550078
24.359174149,12.9253092786
25.1358848923,11.6891596926
24.4557882757,12.780651093
24.3122692919,12.8391735092
24.2939832921,9.23243753999
24.7656915737,11.3574734709
25.1226710614,10.4875888334
24.417377679,9.71085948651
24.467813397,10.0664904612
24.3993439322,11.5336213299
24.7660487729,9.84684767404
25.159416217,8.58294659369
25.3210974442,9.42294640878
25.1312589778,11.0581825491
25.0487416556,9.76806263656
25.172352717,12.3309069829
24.7756367507,9.13306673647
25.0463696114,11.7568652896
24.7493318188,11.9831926085
24.5814007147,9.24698672995
24.7303478355,10.8611942926
24.4943903986,10.8566317535
25.1286170124,12.7991366025
25.2110180874,12.8569893513
25.3972137153,9.79951365833
24.2961767366,11.4151029279
24.6278542777,8.75548057422
25.18811973,10.9282353789
24.8707420011,12.3989811121
24.8933944985,9.84491624419
24.4562265483,9.85035832905
25.2505782143,10.7378367251
24.4157528627,8.74290693961
24.3892942309,10.8867337939
25.1994050558,9.53020568323
24.8669824266,9.28353896378
25.1447735776,12.0409501934
24.9353652958,13.029262443
24.9272861572,12.9549790509
24.7242518224,10.0583386901
24.9657737107,9.54296055817
24.2662521321,11.1967070706
24.5873158776,10.7936891134
24.3147862362,11.5981002343
24.9843533643,12.256450418
25.0337220058,10.0715604661
24.8645524584,9.56310903494
24.5413940499,12.3900958153
24.5353069294,8.98487368825
25.309651289,10.8037109903
24.8478517048,13.4008242164
24.280289953,9.36214101219
24.7663260964,9.23209324991
24.9137154398,11.353330196
24.8322423344,11.3831332992
24.8977627589,13.1835193712
25.3923950258,12.7097159571
25.4983170101,12.7026610628
24.3474102588,11.33995446
25.1095639978,10.9520094432
25.1650902972,11.217993739
25.3490732809,8.58344894199
24.2726658829,12.03608862
24.4459337806,8.8423818098
25.339077395,10.0722971729
24.9366044869,8.56103334237
25.1636488174,12.1119764691
25.3524968195,11.851241637
24.9475459725,13.1214792498
25.3491312154,9.14950489995
24.8318871075,9.07949799694
25.0284405563,10.9953273753
25.4981059222,8.80200111192
24.787422037,12.9419810276
24.370180265,9.14837192159
24.9826368983,13.2086726524
24.6672263742,11.0007632925
24.9439012616,9.75917178466
24.8240557623,12.0827335497
24.4811898093,9.76497498049
24.6825719027,11.7520876575
24.32149947,12.4240730039
24.7872138096,13.0829213073
24.9427521549,12.0723228381
24.8014902611,9.47926651944
24.7554078355,11.2718471729
25.4240465166,9.6277057683
24.9712125999,9.12738665847
24.7805717638,11.0722960547
24.7690846942,10.6099360377
25.1882387377,12.444275873
24.5242100243,12.032371246
25.2225136921,12.9809554781
24.8629137825,10.7810431778
25.0605096244,9.31681379392
24.5433688538,8.58402780021
24.4269562573,12.17047574
24.5232042247,13.0085750439
24.7382586425,9.40402276251
24.6794253013,10.6627395222
24.833258675,8.65190668537
24.9914605943,11.4365175717
25.2945019804,11.4319216086
25.1801622512,10.721232489
25.2616538006,12.7287704828
24.6602679959,9.40465411258
25.0460768322,10.4311433287
24.7151660182,8.71267526983
25.1640965329,10.0807485637
25.1173193605,8.72802677756
25.3203001076,10.981579141
25.3313209433,9.24081251711
24.3326946177,12.5046718357
24.2761591948,11.6872159639
24.9406710229,10.0667049752
24.9002958362,12.4981620476
24.6917749646,12.5670777411
25.0489753826,10.3290593908
24.7112722749,11.8604363412
24.3657364814,11.9030518824
24.2512741742,11.4643914671
25.0187490407,10.7925086887
24.750655592,11.0116614325
25.1504986458,12.221469439
25.4800254674,9.77735141676
24.6110668784,11.2824635136
24.3459307177,12.6860593724
24.2981937249,13.0867797921
24.8586327025,10.4795580098
24.2999426756,10.4207281736
25.0629050559,12.0712443562
24.8100063048,12.1719826531
24.9772225044,9.99150027394
24.2941659521,10.2852520169
25.4453545092,9.21166785431
25.2035737606,12.5424250495
24.3588032493,10.7825187402
24.7200119363,13.2395653882
25.1201094903,13.0653216367
24.7871255124,11.1724272959
24.221861251,12.3830597408
24.2373098025,11.0950032236
24.2082175763,13.122986273
25.0170906607,8.91656542304
24.7822041082,9.96062149196
25.4196571347,12.8304904583
25.4315752449,12.1327990507
24.6528209623,13.3212925845
25.0585761905,9.54228261443
25.1375747441,11.5223512595
24.9384115789,11.0126199644
25.2760888977,11.8758898577
25.1218179727,9.00702781292
24.7796716853,12.602904266
24.7515554636,13.3364925649
25.5072499838,10.6585214981
24.8756200412,9.71098971781
25.4951363532,10.549380197
25.4777554535,12.8707473953
24.6714168296,10.5740586251
25.1463670853,9.1283184563
24.4170884292,11.9183968528
24.584687902,9.45608609329
24.9980351964,12.3488323527
24.3227420908,12.3109296183
25.1599220692,9.92239900644
25.251374874,12.2735276137
24.3592050843,12.7724825795
24.6141656589,11.8273332453
25.3165789514,10.5384368514
25.0477950678,9.20194336324
25.4745170736,12.7790976514
24.3546915656,11.6820447295
24.5915536816,9.35032108809
25.0644974101,11.4946405597
24.8295924083,12.8792061517
24.4222872516,12.6934130263
25.3128691237,11.7658022322
24.5986467911,12.9853187401
25.509629236,8.94943227527
24.2987634598,12.7243887361
24.3646051112,13.014211082
24.8230201418,9.65122934625
25.3646426843,12.296261065
24.4238629829,12.2571550701
24.4708392237,10.1672590762
24.7254536254,12.3339134285
25.0950969905,12.706522256
24.5139823213,9.40284775701
25.1935770536,12.7479295951
24.2978910675,10.2133011309
24.313107251,13.365886958
24.653726508,13.0427023671
24.7304626354,8.93136379184
25.2884209671,12.9068647529
25.2146619928,11.4067835374
24.3026538642,12.5986148693
25.5274610636,11.5685958581
24.9356288352,11.5198652577
24.6960420456,11.103428204
24.7421868652,9.58043866114
25.2932216494,9.89205400459
25.1084731112,11.411362795
25.3848298521,9.87910391429
24.4957830693,11.4714527154
25.5548852122,12.7420291146
24.694731334,9.48386751837
24.5310447079,10.7169249446
25.1540394472,13.4345847395
24.3165207552,13.2637586937
25.060905617,12.849541643
24.4159219765,10.3513091157
24.4702132707,9.16292870026
25.4109444081,8.94176995392
24.4739100305,10.4013351328
24.2421118195,13.2142796147
24.3323852208,10.8465850134
25.2925267289,12.497864289
24.744088582,12.2356800976
25.2923097969,11.5022009162
25.2098261923,9.85056380418
24.9974224458,12.7695491118
24.9010515908,11.1701650174
25.0849031868,11.8282382901
25.4063307432,10.7905770559
24.4419458069,11.2635742725
24.6146449583,13.0876818698
25.4466887147,11.2889521048
24.5357375157,13.1268468568
25.5191399444,9.43581434736
24.6474609411,10.886920747
24.6388244503,12.2166169925
25.0689426517,11.5639322035
24.715360526,12.7242267498
24.4048458349,11.6215900008
24.9121896803,12.7101106573
24.6169433202,12.5081662784
25.0047667298,11.531059779
25.065939454,13.2089983377
25.5391550865,12.9980360298
24.2531319003,8.94337237041
24.4390119546,9.96393046807
24.9809222187,8.50395755117
25.0934096719,10.8440424238
24.9610257369,11.7067530113
25.1976180673,9.41958462936
24.6222148933,9.55882219389
24.4343017773,10.7439182757
25.1956486132,13.3211877118
25.0135948973,11.8543517893
24.4445004213,12.8555455685
25.4196495731,9.02639898793
24.8806744016,8.57029083126
24.544193518,8.88501102065
25.2992721616,12.6655236006
24.8918141067,10.604455288
25.0349075945,11.6425123749
24.6764900262,9.13823284402
24.5390588099,13.3150925627
25.4137219691,10.5358585278
24.6665825654,12.4879269442
24.24823612,10.8786966117
25.2494107382,11.6754147607
25.0964950255,9.67214124805
24.3538607291,10.1647772504
24.5596404308,10.3862301064
24.7462431301,10.9338333718
25.3862480726,12.4912073818
25.1166651281,13.3491283767
24.9339508416,10.2798854678
24.8415054828,13.2798989249
24.7379238777,10.4983129445
25.2749455596,9.31921541323
25.3948748171,13.4475213389
25.0264978778,9.48334940493
25.5353579121,11.3902097187
25.2276073202,13.0928577084
25.5263547661,11.0310713085
24.5356799743,10.0106907331
24.7568358162,9.7452326862
24.6070175464,9.04302978169
24.5644881874,13.056565352
25.1394532457,11.7880360014
25.1374681843,11.8720687128
24.9544750597,11.7926176486
24.6753025604,10.4199781648
24.3300940432,10.7282418456
25.2619475028,9.75155999889
25.1702782355,13.1570363176
24.5176931331,12.2947722976
24.4410140169,12.0881987786
24.3005260019,10.6579534849
25.3915929884,11.8132708743
24.7166198205,10.2298180671
25.084386146,11.2664119993
24.4907095923,10.3318704354
25.3865903412,12.0966510929
24.4767103834,12.4425170373
24.3397242997,10.3421657016
25.0753798585,9.95711338239
25.1844195766,8.71013142113
25.3507057668,9.06848406159
24.4032194425,10.8271767255
25.0672684955,12.4523843088
24.4706077282,10.6487620837
25.369870756,11.9398248254
24.9340923449,11.0958179715
24.2523064761,10.5043889413
24.3643628104,9.66394709257
24.8338477482,12.2241859189
24.9739841119,11.2522892508
24.5615087867,12.2228742585
25.2206171329,10.268398197
24.9703182519,12.8785505415
25.1106931585,10.405850714
24.482611258,8.65373427337
24.4587198942,8.53013675538
24.93033397,10.7244175325
24.9158892359,13.2399465785
25.112319557,10.0443817513
24.6940538419,12.1433498485
25.4371874425,8.87741862478
24.569280928,8.66586350256
24.6305845555,8.60672070264
25.0837517713,12.1587669218
25.4855234009,12.9403974316
24.7454060155,9.66900864709
24.6355233034,13.4266833643
25.2377565502,10.0738179788
24.162652569,11.2220510019
24.6627436089,8.97527199952
24.8071150113,13.1680155734
24.8184443494,8.89912325906
25.4466860486,12.2139021808
24.9525520699,10.3989077819
25.0454962372,10.716689335
24.9590588073,9.20160549733
25.3283026645,12.8166458489
24.8393957122,10.0681759204
24.7902490414,11.4514152106
25.4078796994,11.695647313
24.3802083935,9.0468452191
24.407548218,11.1602629344
25.3270334298,9.82237388616
24.9177498824,10.920486378
25.3669843683,10.8906926798
25.1964847963,10.5436344947
25.1062508098,12.9457927959
25.4853858737,8.68652076131
25.469885054,11.7855861391
25.0229345366,11.0924557131
24.8838295567,12.6040220188
24.1841823603,11.4244353284
24.3209984723,11.8486812941
25.1253030821,9.870134125
24.8081367802,12.7042080573
24.4269615206,13.4423919084
25.3512162355,10.1526431577
25.4205571664,9.42333049027
24.3450028277,8.97163947678
24.4542615103,13.1285714355
24.7580250837,12.1451555241
24.3262430755,12.1817878127
25.0063975995,10.634560701
24.6094720086,8.82005238779
24.9072382959,8.98257696
24.5497977214,11.5663723025
24.2549297495,11.7784782912
25.4648778918,11.108886668
24.8336456328,11.2950300237
24.994241381,9.8216874405
25.0954347258,11.1674937016
24.691969636,9.91103061505
25.5704393017,9.19441671742
25.373605571,12.5887080371
25.5850574473,8.58697196201
25.2281331562,10.4540160942
24.5548693335,12.1358838087
24.452829763,11.7166279259
24.4590435913,11.3606696485
24.6788832533,8.80708986295
24.8082385709,10.7195684768
24.5303440904,8.76560257569
25.0100430922,9.03860372304
24.8895171133,12.890801934
24.6793137063,11.322223658
24.7404593475,9.03036560671
25.2129487474,9.63903460739
24.1485413718,11.1274895533
25.1147420333,11.974597783
24.6574413199,9.81618782462
25.4953754494,11.2674670351
24.9449882952,11.5954816881
24.3986821866,12.43817105
25.0006621603,8.59206601789
25.0242385686,10.195958363
25.4025449547,10.1854753146
25.1022465008,13.1564608549
25.1269888281,12.8669704328
24.7657728759,10.4023697297
25.2009706725,10.1589684175
24.7481992299,11.6650669739
25.4689012109,9.90592589895
24.2932938128,10.5753180602
25.3332653853,10.356527252
24.5894853146,11.0835084234
25.4646219622,12.0876043628
24.7923556428,8.79477304317
24.4722176161,11.5618503765
24.5207310293,12.8540571848
25.0072522914,12.9703852217
24.6005832928,12.5699313203
24.399734769,12.618497195
24.6245760791,10.0324616736
25.1761501766,9.99860186746
24.4767562305,13.217925522
24.5444028461,12.9338206117
25.1669730872,9.30465078886
24.9230779633,11.8823237294
24.5597216397,9.63269461897
24.9729423408,10.1247342219
24.7350848346,13.0217535196
24.632126491,11.6320749474
24.7331032157,12.0911536533
25.0754396871,10.5690782428
25.2655482717,11.100243892
25.2969504615,11.5853085
24.3693650898,9.27044821711
25.3734148179,8.80008261653
24.7243664428,10.1442093047
24.310540484,8.72727638887
24.3456122734,12.0679743246
24.4155681931,13.3257603948
24.7164110595,11.5425936189
24.594145527,9.93080158312
25.1346172892,9.79548204419
24.6358947201,12.8170203768
24.5486422201,13.4164220846
24.3281725389,8.52870080079
24.3872376417,9.3926026992
26.0017473793,9.2286802669
26.7420365805,11.9566885897
25.9826778847,9.31901488055
26.3280913108,8.95714694563
25.9197277323,11.4574767845
26.6527570213,7.67925535782
25.8375465231,9.39617662147
26.4448661984,8.85828505235
25.705900158,10.7984690822
25.8284426231,9.55710294777
26.6808527998,8.82139684136
26.2350109396,9.99445551431
25.6680192793,12.879233614
26.1759188515,9.28572464039
26.0084758224,11.4083820728
26.9542384125,11.7725502521
26.3615103108,9.74973479649
27.0556925014,10.9273456197
25.8578769631,10.8592439296
26.5052455716,11.0653037035
27.0661304241,11.3181251277
25.6727358717,11.2367682522
26.1404183051,9.04367869838
26.7444769497,9.95835122842
27.3039875173,11.3399057153
25.8863253558,12.707189914
25.601794454,10.1931592306
26.7924804385,9.99351291912
26.3168256178,10.6444631914
26.1014478392,8.88658536964
25.7685185842,9.34205879848
26.6727822181,9.36854919913
25.8300524772,10.7686507495
26.3966755483,9.94992109385
25.7102264687,13.1270663624
25.7198569997,11.1891713295
27.7935479081,11.8011204874
26.4326317326,10.3830760935
25.8328853954,13.2707347366
25.5604712462,12.3149509676
26.5065466469,9.71253459969
26.4965211761,9.29938184476
27.2426884937,11.4012203763
25.5941615492,8.72776521729
26.7150931137,11.4494663678
25.6995266941,9.04706824343
26.2767313352,10.7425604987
26.2853755024,8.51200864836
27.550756828,11.6048637575
26.6285184184,10.090422444
25.7423053369,10.4642813076
26.802211207,8.72248350965
26.2868223998,8.92187223477
26.7586465993,10.8169687191
25.4938365741,13.4172980613
26.8241203459,8.52176189504
25.573536393,9.81195357
27.2320128241,11.577828872
26.0744065431,9.00111833702
25.4736237557,10.0984621965
26.7700065456,11.2072635534
26.6972763455,9.26261824998
25.6086836504,11.7418793392
25.6671554326,11.0531432444
25.7607029233,11.0600333698
25.7693771825,10.0425250562
26.227266891,11.4289224888
26.6363289079,9.91615370603
27.3317133112,11.4451595624
25.7690277496,11.2439589476
25.7890605586,12.8904946433
25.6980677807,10.1246076951
26.7809958375,9.37637851553
27.4136248157,12.3986648928
27.4216650122,11.983441768
26.1511626624,8.60395176221
27.1925407698,12.1314910366
25.6545983865,11.1532957599
26.0102727215,8.57734459996
26.4333384925,11.5357528912
25.5855129908,11.6883101145
26.8498613441,11.8766740183
27.0653064391,12.2106846556
26.1553050886,8.83564009209
26.1519940917,10.4938790036
27.717198668,11.8319759617
27.4979337536,12.3718824782
26.0177424032,8.66830654135
25.5536567288,9.54625048281
25.6171512628,10.9170506047
25.6707535017,9.89689776533
25.5622600051,9.65947831769
26.0409032729,11.0229483079
26.1394938875,9.74859397323
26.7903418162,9.65122381244
26.8343325259,8.85551569774
27.1325585132,10.6894963127
25.9191727154,10.1109882834
25.5449427281,12.6376801349
26.6324350391,9.14908197101
26.9186725297,10.7791947335
26.3233335276,11.6842400347
25.7885590847,8.53019624392
26.3980407843,8.94348471316
25.6882798803,9.33345673102
26.499285691,8.95221299634
26.8762542085,10.4143691507
25.7701762525,13.0518924044
25.752527188,10.7703211309
26.7778852281,8.80964538232
25.7223970371,8.61744855316
25.6300465947,12.1780319701
27.3569773117,10.9822575744
25.7008885358,11.554094701
26.8188759243,9.11652145616
25.9924789887,8.50256498596
25.8824889151,12.3688404104
25.6143387253,9.28688386272
26.5620506097,10.4491568119
26.7556042298,11.5673425732
25.7815342893,13.440532069
26.0237563789,10.6624482499
25.729224776,12.2785470931
25.5590508757,9.90397094435
26.5612679891,11.5840731108
27.1576683751,11.6712853051
27.0302089628,10.4190658178
25.9071387606,10.5849445165
25.9345193067,11.210036017
26.7966414757,11.4788407877
26.1978562968,11.4987696747
26.1770238399,9.48101327903
27.636658847,11.7772026064
26.5417102946,11.8593496948
26.0488401037,9.77226843427
25.8689490361,12.0801567561
25.8693275784,10.3005359782
26.3051147589,9.89831156508
27.3496435524,11.8115459236
25.9132274411,9.00564333671
26.1949915096,10.8091643719
25.8185348466,13.3622641029
25.7738753437,9.8940927483
25.9635524221,11.0392075126
27.050439764,8.58969638986
26.8197952983,11.2888895738
26.3641301994,8.87665576054
25.5405217932,12.2346510447
25.8563459908,10.1842605557
26.8624954236,10.9663985604
26.7299006985,9.5620347152
26.1769665133,9.14540605494
27.5829446355,12.0762581931
27.3391033378,11.7222163264
25.9001336467,9.19880431591
25.6183943546,11.4065922178
25.8670296312,13.0880173649
25.6801111958,9.49652121745
27.2494110139,11.0820615397
25.7941748393,12.3901086769
26.9364102551,11.2611292099
26.4891097565,11.7163334506
25.5940566896,11.9337365227
26.1773897706,10.7204633418
26.4466306106,11.8338690379
25.8507378045,12.1639913601
27.2506836424,12.2001023796
25.4874669795,11.9033700343
25.6278223727,10.8247121331
26.7735579355,9.29434053351
27.07129695,10.6533647955
25.8079825093,11.8338955311
26.6614694472,11.3769788941
26.1950637841,10.0908983004
25.898816562,9.29864939259
25.8077982768,10.1230019709
25.7937239956,9.78571000684
27.8478466343,11.7425707141
26.8811743489,11.1745234623
26.4321839859,9.770312727
26.6293163765,8.61433641372
26.7090645719,11.5112245793
26.9289787673,8.81596040542
25.7161322232,11.649234262
25.7976449513,12.1262162215
26.9630522531,8.61425901326
25.7384420505,9.41046421725
27.363407293,11.5546070967
26.6771461048,11.2160784577
26.5183429299,11.1791185082
25.9004633711,10.7944724216
27.1672619694,11.331763069
26.6496159521,10.7062159379
26.9788262209,10.6145660868
25.4897556983,10.2957494866
26.8561152148,11.7725223386
26.4863658228,11.7829505607
27.1313102074,11.8395099631
26.0341600648,10.4636813519
26.1848989353,9.90916621113
26.3149854026,10.05528775
26.4335890821,9.55253899219
25.6102380421,8.94509997616
25.6897563311,13.3710535578
25.6524390948,8.80012859922
26.8052602519,10.3114466158
25.6064061044,9.01931724838
26.0852316645,8.52003555586
26.716887956,7.9006344018
26.3225018763,9.24589521925
25.913193889,11.6294386924
26.3016249843,10.3449833236
25.5905559127,11.0218511075
27.4880466035,11.6499534717
26.5452926361,10.6446657843
25.9788732244,12.3094706689
26.7950764748,9.47483587369
27.6410517615,11.6176607644
25.6534965907,13.3112803941
26.2554531367,10.4764564992
25.5642295875,10.4778570623
26.127885284,10.9922359052
27.7636820513,11.9019773996
25.804582197,12.288439491
26.8431702479,9.01591703355
26.4267662853,10.6181138552
27.0545388353,10.040283098
25.9277628557,13.2900018735
25.9234861059,11.3939653564
26.8259422342,12.0679591563
26.3250764392,9.33997075931
25.9112408125,10.2229643688
27.4305993057,11.4584151913
27.0569017702,10.5104743735
26.4500174935,11.2686316942
27.3705020147,12.137127884
26.5417206744,10.5442828863
27.0145424015,8.12591559456
27.0685105197,12.0414236437
26.4090413084,9.66970051512
26.2744613963,9.14500118607
26.5267933148,10.2284353478
26.447750972,10.4929780309
26.6532718378,8.96094174423
25.4922335829,13.1578224705
25.8017011367,9.27847157643
25.7432422491,12.2004458612
26.8047667176,9.55517390451
26.5283912097,8.64317844857
25.9429642228,10.8613689825
26.6465007578,9.7901908896
27.0979703607,10.4491275161
25.8964833822,12.2539570659
26.425131117,10.7927847883
25.7767639541,8.93070291629
26.9620724007,11.4689051192
25.7391611131,13.4050133827
26.8776056648,11.4878098328
25.7583449415,10.5232212144
26.4946031989,9.94356402061
25.5863407207,10.5932909303
26.6844829393,10.0260196381
26.7346456432,9.00344905963
26.1003785448,8.66649630404
26.976248839,11.688668359
27.7806613857,12.0055881459
26.5110020706,7.50420854176
25.9691570413,10.1918811222
26.2945370286,11.1574280466
26.3410285775,11.5664988412
27.4747825673,11.567483496
25.6752693244,9.22814005238
25.9285840186,8.6145429582
27.1494820043,11.2265328137
26.6633326124,10.8296135297
26.9726215421,8.2634194576
26.1041129149,9.81516793164
26.6279757859,11.4856093096
26.9060376457,8.23472978612
25.5102092862,12.3876878928
27.9087947271,11.6740815059
27.2870235169,12.0891113466
27.5529459725,12.4256894555
25.7569196768,13.2239344755
25.927398039,13.415043604
26.1673554324,8.68522378833
26.6292825321,8.88016338266
26.3399747722,10.5427015048
26.0161218686,10.1182170846
25.6777878177,10.6471093541
25.863726174,9.89282105688
26.8334691555,10.7781099627
26.6792076706,10.6192254088
26.6955052984,9.47474109784
26.9788194756,10.3362613054
27.5044193096,12.1692984174
25.7637243231,9.20095297123
26.2378353121,8.5717535126
26.3542057311,10.1569679468
26.8958249287,10.5817375193
26.690402032,10.1621838945
25.9816849545,12.3996984771
26.7327055618,9.87169570838
26.7262705524,8.75473045048
26.2043408176,10.8942361025
26.5060432291,11.4733259568
26.239973552,10.9852707381
27.3359669879,11.8894613956
27.0201901069,11.1032425784
26.4919807161,10.3100112985
25.8606132335,9.71725230858
27.5690636509,11.9808238797
25.5409213583,10.9492085575
26.8044114678,10.3786930008
26.1111548689,10.1247781147
25.6061852693,11.3364941195
25.6256456491,10.9795006161
25.956874555,10.3681939455
25.5453117692,11.3049364125
26.1334493642,10.033935791
26.7549631364,11.7261015979
26.9937449501,10.7095451308
26.0581255415,11.2412008841
26.6454801036,10.4978240958
27.2879113159,10.8916797597
26.5793672259,8.52614609058
26.0963399914,10.7673756687
26.8808192915,9.35900681446
25.5940612391,8.86016018194
25.7200544158,12.6930455948
27.0657997969,10.2601145691
26.8676737152,11.3972707944
26.5718828575,11.6939265575
26.7114019838,11.0232804356
27.6314627733,12.1883252071
26.3117974548,11.7797927958
26.5492826912,9.37474347242
26.1354997625,10.2273059747
25.524489775,12.0206232989
26.7753805395,10.0829590832
27.8599288951,12.0698593879
26.5853312473,7.6631188028
25.5024437852,10.7673130218
25.6995879708,11.3730938254
26.018704215,11.1214084784
27.0355470696,8.69582644563
26.2171616078,9.74415271411
27.486815975,12.4581971559
26.9570053238,11.5834981251
25.8577146111,13.1952693372
26.864351342,8.68102158486
26.2534566951,9.81062078335
27.4329762408,12.0726001261
26.2865928091,10.8623779724
26.5032537769,9.55247314665
25.8373353157,11.4047871264
27.6782647366,12.3037225593
25.4770189004,13.3273824376
26.8888554635,10.6751386106
25.7313763109,12.3500137076
26.313622144,11.4157139138
26.0676073376,9.67310759735
26.9222470531,10.8845789952
25.8641772561,11.2978067403
26.1775657726,11.3709411657
26.8857518684,11.0402513731
26.3351220164,9.98451144522
26.2447190234,9.58553108683
27.1228907276,10.3889775746
26.5624827224,11.3806888114
26.3876023174,10.3204634155
25.52409214,13.3559557136
26.2233763632,8.88843049888
26.6656633931,11.5817354244
27.0622495692,10.1185371122
25.5501980995,10.1111802661
25.6110088483,12.38936686
27.2304390049,10.5731424096
27.6486736154,11.8627554579
25.8346595091,8.87288096203
26.8050371146,9.9298483773
27.165083333,11.7615885161
26.5072783967,8.76596919211
25.9840133873,11.708914775
25.6822299831,10.2151975412
26.3767765164,8.50770831486
27.6630286791,12.4020545589
27.0874595268,11.0368512186
27.2773231345,11.9634456442
27.010300755,8.50295166753
25.9572022565,12.7962557598
26.5021452014,11.6521374509
25.7310586509,13.3158519851
27.5249995398,11.924005072
26.6756587989,9.68848060973
26.7466836526,9.08444803463
26.1394972785,8.75284855396
26.7535504055,10.8777470363
25.8471241198,10.0407687965
25.8347604946,9.13940137477
27.4929923391,11.9933426618
26.5396948049,10.0588933135
25.6516034847,12.0072496264
26.8498834356,9.73643749288
25.8030226982,11.9396742277
26.3168931798,8.69665184082
26.5898701919,9.28282377979
27.1471013616,12.2376351304
26.5802351902,10.1614398451
25.7004522232,12.0890703257
27.5589996471,11.7061089472
26.8716343763,9.86767679257
27.1474500803,10.9214965148
26.2383005111,8.64934517881
27.1842726475,11.9223253463
27.4338303845,11.8825336239
26.4060756957,9.47328503457
25.7132849065,11.2914801934
26.9528236229,10.41971936
25.5629946115,10.3642037719
25.6123195884,12.9582389068
26.4075743872,9.86299599872
26.9216836679,9.63657963622
27.3014939226,11.6379374411
26.7766173857,10.6215368474
25.7106689542,9.80595033592
26.7578580213,10.7333825314
25.9080308624,8.69995423302
27.4475305392,11.7590501994
26.7305673814,10.4728165705
26.7912605235,11.6403189644
26.0743193955,9.33682691754
26.4299467398,9.03319254064
27.1330980039,11.4164690313
25.6397767654,13.2124483299
25.6978038545,9.14439905721
26.902493983,12.1129176672
26.8238420925,8.92473102554
26.9215767386,12.0292201013
26.9886765396,10.0742312636
25.9932966047,9.01240251003
25.6021194446,13.3974937101
26.9670234819,10.9932044137
26.3971294868,10.8907614409
27.1290567922,10.318562567
25.787200701,9.48373872474
26.5080955829,9.4761331572
26.3714237416,9.14338297234
26.4858963478,9.62126022128
27.368263369,11.9518424004
26.9591824224,10.2206120944
26.2379888449,9.36935261593
26.1870931016,10.1603407275
25.665132734,13.0292215972
25.7606800627,9.10186855202
25.7599109556,12.5764266226
26.2539798338,10.1893866695
25.6036271775,9.96233917391
25.9860284359,10.0469332043
25.7340428364,9.66252310387
26.5708416166,10.3558390292
26.8799155514,10.3251431166
26.1499849975,10.3208205702
26.3524405226,11.2335302769
25.8537787002,11.0638706263
25.7028970416,11.9036711589
25.8418189652,10.4003257287
25.6722922762,10.515576553
26.0058129403,10.9356606528
25.9466892206,10.2790735871
27.3571877519,12.0170668673
27.0685983671,11.6188322369
26.6207893543,10.5765293616
25.7421273392,10.3866906569
26.2426066834,8.77272526911
26.884243668,9.5270722328
27.1553683841,10.5088647936
25.9237635586,11.1140454691
27.0970744717,12.1321835493
26.9486398214,9.75622013032
25.6102118461,11.6068445288
25.8223207485,8.65227592661
25.4972969363,10.42042891
25.7834099385,10.829787474
26.2174081991,9.06410984711
26.7280869362,8.64892676691
25.860109413,12.5898578496
26.4726247814,10.1544154426
26.601744656,10.971047715
25.9271093396,9.91343528232
26.0703444531,8.73350390105
26.2412704733,9.28258537059
26.5398579475,9.2372470164
27.2407808415,11.724790998
25.9671869311,12.2336330363
27.1538670622,10.6215231787
25.9210187255,10.4813033621
26.8340584445,10.5102937257
26.7719397537,9.19638730816
25.6817955249,10.012676527
25.9174218518,9.99991568261
25.5943960001,10.7128728159
25.6905699034,10.7301740114
25.7951853605,11.7218590741
25.8408990633,11.218422646
26.6220867014,9.2148714537
25.7343753566,9.27234620028
27.031132022,11.2212609009
25.9340569165,8.94336603706
25.9038384736,8.51522153681
27.0732565056,11.5055346496
27.2671661258,10.6576128075
26.8167059149,11.1867226114
25.8961676629,11.7455118671
26.6427955891,11.7822936834
26.1291236029,9.57552785327
26.5529613554,10.8160094677
26.2989981867,11.2948083689
25.7105872844,12.522490004
26.8771313528,11.662936139
25.605038887,11.2672101661
25.7984784286,10.9805000157
26.7914649854,7.78152899359
26.3900803047,11.4535164315
26.1149498336,9.22202096312
26.7641580316,11.3823898292
27.5481205053,11.830008191
25.7773401516,10.6848285372
25.6284282461,9.725762907
25.8497555798,12.8093594437
27.173875578,11.1120640405
25.7520354586,11.4431172053
27.3513670232,12.2164843274
26.5876143921,9.97085932705
27.3310471316,12.3275147388
26.4624189264,9.12147750163
25.7294136274,8.77947163074
26.4215696846,11.6499503987
25.807580485,9.63667691718
26.6493451572,9.06534699166
25.6671007252,10.3061927173
25.8624222064,8.94197976751
25.7194618028,9.73648502251
26.4191424123,10.2421765823
25.9667428997,8.77122360867
27.875425843,11.9905767114
26.8815485032,9.99621170827
26.0432232916,10.1894368017
26.2241693536,11.6213274974
26.5709762863,11.2775404018
25.928663296,12.4871392882
26.1086661155,10.3950528859
25.5458369759,10.8249379485
26.2084156363,10.3919538475
26.586462966,8.81931205721
26.4043789891,11.0634381286
25.9950812386,10.5577876392
25.9007394977,9.81670130433
27.2255325014,11.6439562011
25.7294276698,10.5854869805
26.2374466009,10.572760009
26.0740086298,9.98400240471
26.3663790003,11.3463923954
26.1525873574,8.95251499022
25.5462916915,11.7348085593
26.3928900765,11.1506312217
25.6789728727,11.4677881202
27.0358769955,8.41483631239
26.4728441119,9.426967679
26.2654127372,11.233812278
26.6261479104,11.6401356755
26.8449898642,11.9700677717
26.4751444886,8.50701609492
26.7003825788,10.5540910869
26.0157019342,8.91320445756
26.2232438061,9.22130409276
25.9624122384,9.71602005988
26.112811667,11.4551810584
27.0953410584,10.1795856673
26.3430194352,10.4388569235
26.2969352396,8.85796551024
25.9171316927,8.86523110281
25.569125559,12.1046620074
27.5574855907,12.2687513712
26.8272302564,8.61787452003
27.5132374545,11.4925558475
25.5038781231,12.1515242815
26.5806981671,9.63011949256
27.0425679172,11.4148739827
25.6923125757,8.864481061
26.9548698266,10.5120059175
25.5220322513,12.4981261459
26.0811763371,11.3561858782
26.7531489692,10.2511367647
25.8878302487,11.9890533003
26.2421424143,11.7172611548
26.0148943228,10.0009158875
25.7890542901,9.70355761404
26.0658608373,9.11582559552
26.7026044085,10.3618649541
27.7556902945,12.2012030465
25.7473341997,9.5780753426
27.7743757729,11.6868792705
26.7862106749,10.1717890441
26.4655904425,11.3712748436
25.773323908,10.9013859943
25.7788195091,11.3260027241
25.5738549852,13.1080331633
26.4259866508,10.7084578258
25.5423172766,9.72666100748
26.9397738798,11.1037629405
26.427123977,8.58685012331
25.6909327614,8.95438461952
25.6572993118,11.3029096139
25.6376986964,8.63460967094
25.6076848319,10.0572649358
26.3622533531,10.7189467942
25.7005535904,10.9503791392
27.6679909605,11.9688968543
26.5824820491,9.72840146287
25.6521270865,10.4149588747
25.9798228257,11.8024455178
25.5600709519,12.9032131035
26.616264086,10.2679313925
25.7446558714,12.8136108099
26.4469898362,9.22625458432
25.9390836124,9.10288220262
25.7100139066,12.6309303638
25.6231274718,12.7865990104
25.5200571301,10.007226674
26.6750954329,9.61251464471
26.1843374727,9.6655062683
25.6201192532,12.4786176885
25.5756596536,11.1005003635
26.226944045,10.2784459814
25.9019300485,10.9684120759
25.956096299,9.40625294045
26.1478748092,9.40546293615
26.7016585528,9.14491013436
25.8018054711,12.484069625
25.7483305195,9.96066611357
26.496121779,10.7390753655
26.7411358903,9.74601659334
26.760504397,11.1216539153
25.5530024815,12.8188023636
25.6355024868,12.6924402273
27.3655300498,11.3710555217
26.189175364,8.51241381886
26.2293203066,10.6646030161
27.7135926996,11.7658785913
26.2781244917,11.4759022322
26.3527397746,9.56907114585
26.4207495915,9.35172046337
26.3496049384,10.7904457678
25.8128231064,10.5812741542
25.7710584034,8.85206470496
26.5316061482,8.86437280214
25.7944402703,10.3289835555
26.7226654305,11.3082734118
26.6259867628,8.72757003235
25.6491111088,9.61314653752
26.5779249092,8.92180265106
26.1395375106,10.6309789014
26.8875491616,8.57913065553
26.1738066099,11.1915807759
27.178784747,11.5058291156
26.264999777,11.3588853458
26.0087395588,9.57509143755
27.9125863359,11.8071695103
25.8420410276,8.77731170736
25.7915593707,13.1413994751
25.7793841863,12.7397564345
26.0933824843,9.89589085938
26.8910948056,10.1140308572
25.8316362784,12.9855252274
26.7498095417,11.8396088796
27.1709077564,12.0304979781
25.4760086678,13.2442763346
26.8386489493,8.78278481429
25.8307970467,9.95876152136
25.8233097378,9.03442055978
26.6935144317,9.95036113275
26.4708391756,11.5857276021
27.6717329871,11.7068194234
25.6983807754,12.4388426524
25.9070070737,13.0012924614
26.6531933148,11.8945324141
27.0659102153,10.3496038014
25.6497773729,9.80547816747
26.5071194631,10.9045430059
26.5805237432,8.97639099916
25.5799932458,11.8250397008
25.8062943388,11.524199247
25.8352002881,9.21977850598
25.7743955825,10.2354531785
26.3180849712,9.04503349406
27.6057789513,12.4279520226
25.8968980349,11.516866974
26.2734968499,9.48291453387
27.0484923807,10.5831360637
27.4471328038,12.2809198329
25.7213478874,11.9925835898
27.0023410746,8.90359037906
26.3117376691,10.244583279
26.9160175883,8.13925655688
27.0435282794,8.31555111846
27.5839956548,12.3588091857
25.8217298095,10.4921784265
25.7448529886,12.9746024161
25.6262387868,9.10003876531
27.8361409642,11.9442390495
26.8484855206,10.2062944562
26.5284040612,9.05458913173
26.1471357213,9.96237217491
27.8469948135,11.8826495598
26.7023076297,8.52498252689
26.2689188052,10.1107518638
26.224663086,11.2947306498
26.9939973585,12.0997373535
26.6639721944,11.6880719153
27.7920878238,12.1147590466
26.3509391014,10.9919310697
25.6007817724,9.37019399892
26.6252513476,11.0975475673
26.8243529103,10.8609205509
26.4068106486,11.7548775202
25.6175187208,12.068926602
26.3317097526,9.4112036722
26.5720328046,9.89495236903
26.5945400125,9.48658242287
25.8954051219,9.49995664964
26.3173352427,11.0761534745
25.968086157,11.3234080784
25.7839101169,12.6508096806
25.7899286202,12.0348945615
27.5912837615,11.9128421932
26.0008986295,9.8485148585
26.1294044539,11.0882611811
25.6940147793,12.7661840382
25.6874501585,13.4507202999
26.9336904228,11.9285405739
27.0911935444,11.9419400644
26.4411904688,10.9839861743
25.4751873314,12.5864098499
27.0221804938,12.1743748116
26.0553445293,10.3063876877
26.1090271167,10.8835406655
25.5610692023,10.8742967106
26.3356885069,9.81088857046
26.9685098029,11.3638871892
25.9440210066,11.9001254932
25.8685130029,11.9053799934
26.2433189754,8.97469732696
25.6064283352,9.44490325147
25.8243980892,12.2123727169
27.01743978,11.851297758
25.5674232869,13.2937427702
25.6945101589,11.7762025312
27.113433364,10.8477023084
26.1097002581,11.5627767863
27.0060228458,11.9893957189
26.0008336614,11.5019781225
26.8531904478,11.0984452482
27.7037603922,12.0883390091
25.904452361,11.8324225795
25.4879362431,10.1919986602
25.6923979488,8.6981782736
25.6505065024,12.2920368201
26.7197627583,11.6425814348
26.7030477953,10.9293956069
27.2462464071,11.8404460855
25.7146487991,10.8607122254
25.5652558336,10.2739266917
25.63236554,12.5755976787
26.4160893549,10.0464416501
26.326183062,8.60307216191
26.2269751994,11.0968209311
27.2371351466,12.2904358301
25.9721434899,9.4954793981
25.9952548912,10.2446889714
25.9100993241,12.9027765844
27.1588024697,11.5902844956
27.924212107,11.5850439208
26.540385472,11.7657858779
27.4155509813,12.1734839067
26.9376497602,8.7080768141
26.0531324365,10.0561446148
26.5248465663,9.81876748032
26.1681679291,9.83457053098
27.1364793908,10.2229605055
27.2746479083,11.5061909637
26.8512074825,11.5629444613
26.8012878067,9.7984352622
25.9013478342,9.61844895061
26.0056763413,9.93449640984
27.0747890215,11.7398641359
26.0784489325,10.5585582725
26.4991174062,10.39211362
26.4162529431,8.69373311121
27.1002967083,10.563903836
25.5494543891,13.1987830486
26.289259427,9.69243907947
25.7909617539,11.1482619082
26.0637245352,8.81468292299
26.9212439895,11.837551063
25.6444949037,11.6924468782
25.825651596,9.85756404574
26.0214964383,10.85288358
26.0682914513,9.46615625874
26.8018975646,11.0286902656
27.4080390261,11.6537098706
26.5528415026,9.1544616355
25.9592306695,13.1729010999
26.3605833142,8.79135987358
25.9017353155,10.6943499
25.9878986924,10.7754103543
26.781037003,10.9535218939
26.7375620673,8.90070987013
27.0228301169,10.8196482056
26.1522767677,11.289764445
25.8071515833,11.6303195538
27.1692650658,8.9676796038
25.825274511,5.85852181754
28.5530844535,10.6298937168
27.5466060607,10.0400432066
28.8045361831,11.4544080932
27.5757011911,11.0937860938
27.9814623301,10.8049530981
27.9988501876,9.07882568335
27.8867351202,9.87022677
27.6068265906,9.14640181612
27.0426822302,10.1859516286
27.6811947627,8.52423370413
26.9551637396,9.93009447265
27.4218536158,9.7943553979
27.2940822752,8.69293149593
27.4724413259,8.62209916936
27.6949671226,11.4566375571
28.1978634474,9.27540472897
26.14060137,5.04920470091
28.3609358109,11.17672571
25.8995999148,5.95606811846
28.1085089148,11.4147611564
27.7779851577,9.34100608907
27.1400361517,9.1360354996
27.6674945949,9.16756168946
25.4344335237,5.73300294872
27.0522290368,8.96441800578
27.6609409651,11.5317792221
26.0905033154,6.3207755742
27.5360717727,9.30249466746
28.2854844375,11.4268571603
27.1977839039,10.6763282087
28.249348145,10.2159106661
27.7343452406,10.0923410227
28.1778111719,9.50835159986
25.3119638634,5.50801492407
27.7890531348,10.0007412438
28.1771088418,11.1139363874
26.1670032842,5.81972229908
28.5431189292,11.6954871888
28.3291403939,10.3934070509
27.6341672193,11.4705158211
25.6741491192,5.16063380826
25.3674995196,5.59661440797
26.3459820312,6.6685041645
27.8141675824,8.98786481059
27.3456654058,9.84737741786
27.0702202569,9.20043580252
27.1388179097,8.2557933154
27.2687306065,9.73427815737
27.437536029,11.0544661989
26.3510893374,7.07427454556
27.2876187018,8.77684810353
27.9445233687,11.2150551941
26.7476875493,7.19886106944
27.4926189452,9.99595163616
28.6610861438,11.3140004208
25.7602841535,5.16335911976
27.0410435625,7.92070887924
27.8346712189,10.399624151
28.3919036623,11.0867539762
27.6111649236,9.85829335225
27.6485930165,11.0795125263
26.9057790727,7.59301208364
26.2286107538,6.48273151687
25.644994323,5.61936372411
27.8340858974,9.08548183838
27.291252848,9.60322466163
27.5446443636,10.5391034643
27.9061725001,9.04436950543
28.2978703439,11.6015960685
28.3850548407,10.4738659076
27.3202560277,9.39227211495
27.1144788552,8.06084055065
26.1685945054,5.97227584034
28.7465323137,11.7848181069
27.3841079383,8.38664538873
27.7480568923,10.5663848146
28.4082045394,10.9710183671
27.9903906503,10.6815389366
28.5295304323,10.4568179389
27.9647356993,10.9886276364
27.7669757759,9.42780950585
27.0556636188,9.46085480035
26.1178275194,6.61190213594
27.8367917262,9.40570375708
27.150968312,9.85713065052
26.1780297646,5.18104261334
27.7703786486,10.4790537195
28.7242187847,11.4815064768
27.3386838273,9.96075859033
27.2666414576,10.4056264247
27.8755801321,9.34091293529
28.4863102123,11.3001271164
26.9800761676,9.51983709114
28.7533598804,10.9633876919
27.2038060565,9.20741869104
26.3740013489,6.60334075267
27.8620010379,10.9400622375
26.1907393184,6.81364729989
27.9676926382,10.4204743272
27.4757667178,11.2133389853
27.4571354994,10.8731876328
25.2517364099,5.4081836355
27.2768449876,9.32882840914
27.4988794348,10.6167823619
27.9116984852,10.8051589744
27.2025352572,9.4160090362
26.473817319,7.28562512919
28.545827751,10.3567256357
27.0370511123,9.84621951958
28.386312851,11.8095030476
25.9301267735,5.40959329917
28.673368052,11.7958467036
28.4862310864,11.4034440657
27.8303644636,9.92192855694
28.0124293949,10.2186673354
25.6677969447,6.10470330025
28.638398693,11.6496585155
28.613098664,11.0346516767
25.3876631029,5.42169601861
27.9853979047,10.5721153218
28.4350111478,10.6426578017
25.727627858,5.92637144409
27.5466522668,9.40105449491
26.0737615801,5.79356939092
26.6939194576,7.52405480344
27.6533471629,10.7344958459
28.8067300384,11.5368165519
26.4525495149,7.0035514893
29.0057932258,11.4389005548
28.2932197528,11.5157246328
28.3775909479,11.4060989191
25.5211020798,5.80055899096
27.0479484622,9.73831504086
28.7875310869,11.3778151561
27.8315200809,9.25244081729
28.0435951787,11.7234213705
25.7042072667,5.06429056529
28.1259161449,9.22331132822
27.0963225653,8.92200941857
27.4386415229,10.696263647
29.0444861423,11.5491826722
27.2299215707,10.7489563003
28.2308428387,11.8154452552
27.5569653652,8.58723410694
27.2471897209,10.2167682042
26.971689746,7.65863268688
27.8284368725,10.3031942265
27.711177873,8.70358060864
26.8505955162,7.69037515673
28.1723356088,11.7414089734
27.4184397382,10.5858224851
26.9620205753,9.42438556914
27.7778947165,10.2007903314
27.3613676836,11.263403485
28.5231286791,10.817543694
27.6171259569,9.32466805983
28.330640271,10.8856001071
28.1416807192,10.2260354512
27.9848073461,11.4456605877
25.4121950573,5.11410277563
27.5776609793,11.5331414803
25.958199611,5.7718050844
27.4475530436,9.37491960491
28.4453581814,10.1048938575
27.2622577112,9.88873778725
28.9371523712,11.5839534051
27.8971983119,9.65001382298
28.136252672,9.73111579816
26.1291037368,6.88736191763
27.6019688017,8.91779186969
27.62208487,10.079669129
27.3165881595,8.57020556583
26.8369386886,7.33767198214
28.2829756672,10.5776891229
28.3395279081,11.7342196523
28.2189914272,11.5534818687
26.2129480862,6.61813326706
27.9467730856,11.5280089096
26.5973626747,7.15257167174
28.7213448345,10.9182555173
28.2768824518,10.1227820039
27.3653041505,10.4913782091
28.0316397351,10.8422227739
27.8621801118,11.5283019285
28.1480077893,10.0596408407
28.1037602927,11.3327973797
28.3112569926,11.8783969034
27.9633735016,11.094966043
27.5322363131,8.66579154689
27.8186198778,8.7576639386
28.4008209647,10.7311771618
26.1551512941,6.50956149719
26.3411144549,6.80307126214
27.2483366704,11.2872153332
25.1832098399,5.02699593004
27.2202969921,10.9986646107
27.3282298494,8.29819029236
27.6077773567,10.6925564078
25.7748176539,6.23109807088
28.7291939714,11.0517983947
27.2041282824,8.85347791859
27.5690174252,9.62843451429
28.0625789771,9.37668698205
28.9600685496,11.2369384835
28.1088371044,10.8023628277
28.342318285,9.94291799517
28.3588488766,10.1795151854
28.6893795188,11.7310534231
27.5624454614,9.23359637858
26.6251502866,7.54915819187
26.9032593901,8.92495646129
26.2822782248,6.70971400484
27.7230239276,10.8698208737
27.0043490145,9.07629928099
27.0914870554,7.8888943297
28.0040901581,9.44088673472
25.7941420091,5.24375322864
26.0760463968,6.73421482975
27.51651551,8.82365062747
25.972647723,5.93781190078
27.5060179809,8.93213717131
27.902842838,9.15605892101
27.4708541275,10.5396922183
27.1242490609,9.43494958643
28.4605147051,10.5034344825
27.3733286929,8.08863841343
27.8218073386,11.0433042782
25.5702533813,5.14646815712
27.7258489064,9.22052652263
26.2942272439,6.8774518022
26.6905568091,7.807322043
27.3534884656,8.46866955395
27.7270829654,9.66784411358
26.2820053553,6.77438109901
25.6143252597,5.96625935297
27.2289521763,8.519238589
25.8540368677,5.78556047763
26.0546162929,5.53208922475
25.261483413,5.05681940401
28.4517981278,11.9016528544
28.8268668448,11.1037651099
26.4147484119,7.24433906192
26.5577187138,6.96449370663
28.0288139569,10.7558299849
27.149508622,9.51724949854
26.0939634701,6.433204658
27.3133682214,7.94998091379
28.096029095,9.11199608605
28.2126822925,10.399938324
27.3749955084,10.2908925625
26.1807141077,6.44825945544
28.1832129273,9.13827073861
28.2096923679,12.0556440357
27.978823898,9.37649350358
28.0396998097,11.0381336977
27.9813720807,10.4806984179
27.4589459965,9.93879586446
27.7069259348,8.98672354271
25.5078527825,5.431250124
28.0743420913,10.6430051863
25.1281363945,5.02809020928
26.8197532904,8.03200234321
27.6351701157,10.7999385705
27.4716132726,9.8765488933
27.2001514155,8.18904949652
25.8092623444,5.67894661273
27.9137197325,9.4200924897
26.0866305921,6.51736873909
26.5218284038,7.35109336159
26.3792088086,6.91696761671
26.9692272661,9.00147572452
27.4978670705,9.54929274154
25.8577537183,6.39379775265
27.327257752,10.567687338
28.2063788035,11.3739435743
26.2957369591,6.54632210505
27.7119642447,10.0017288179
28.8411633557,11.6174047408
28.3349079564,10.6570482546
27.3824142445,10.8933926623
28.3680640646,11.949571403
27.5376448544,10.6944830888
25.5840964957,5.34735537704
27.6077754192,9.74790805004
28.5045863516,10.9426140596
28.0074104493,10.334241916
28.2402543511,9.39379475968
27.4691124477,11.3370335552
25.6281180989,5.2196564561
27.2947432919,8.12652322188
27.7515449012,11.5218843707
27.5853711975,10.4626426761
27.8097645254,9.71750306764
27.3964841163,9.89910528779
25.7405148905,6.11980613721
27.782730879,10.9783812215
26.0363764653,6.22256089007
28.5699160491,11.3443124463
27.538219474,10.1302126072
28.890475613,11.4763898604
26.0112104834,6.52748388808
28.0309002518,9.28251538434
27.2593492733,9.24606687308
27.971878804,9.59532397983
28.2252672775,11.0686466677
28.4774030716,10.5746362147
28.2127741673,10.8473468937
28.6142624018,10.9159432972
28.3102239126,10.4957328851
26.6166439693,7.46656984986
27.5152674372,11.0629841138
28.1863015093,10.718357906
27.7760289897,8.88214942851
27.9577598568,10.8862206116
25.6573898872,5.38601205902
26.9558488674,7.87272558152
26.9783317832,9.21631457556
25.9564015051,6.23556487906
25.6760836725,5.54831725787
27.468777145,8.20705079009
27.120805028,10.0618974666
25.7047885605,5.21757169194
28.6539552709,11.2095519264
28.6291589811,11.8439311209
27.5771801678,10.7662075333
26.966864786,8.34208030488
25.7448952498,6.25098014697
25.8671247316,5.18061650677
28.4445932537,10.4089671253
27.3803285788,9.6768455151
27.2668937179,11.1745398352
25.7572315991,6.12882665786
27.085625138,9.04523612184
27.5864422783,10.6182367916
27.1668214681,8.45008959599
27.8255452602,11.2234610119
25.8922616972,5.71931275097
26.2721332718,6.64641709768
27.4227701719,8.14686893591
27.7219943768,9.90428730022
26.3834501877,6.74401810946
26.8686582814,9.42825992785
27.3799039323,11.057090436
27.1468214449,9.74914121027
27.4639169386,8.44621570775
27.5801284153,11.3221633831
28.1153872553,11.807383108
25.223700701,5.29954854753
28.1805728641,9.61476106979
27.7551756017,9.52909104831
27.3941201026,8.62699844387
28.0038878712,11.5011981518
27.0457839107,8.21964137596
27.1283438423,10.7679445132
27.3841518195,9.44390900721
27.3609548628,9.08366485029
28.251714846,10.6497775639
25.5462719764,5.80811236049
27.8984570382,11.0367713643
27.359707997,8.00593009462
27.4221656198,8.54677552057
27.5680963082,8.44583589005
27.0423240235,9.13362881235
27.8946958804,9.56669642562
28.2545085161,10.4444859737
26.5083396379,7.19105256703
28.591622172,10.7432843615
27.9194752174,9.25005473493
27.8371312002,9.49668591852
27.3663452489,10.3922602716
26.8091407098,7.24760286031
27.14777337,10.136887096
26.9560130933,9.32249819512
28.0740859392,11.1431624958
27.0426656926,9.96076410057
26.0151358793,5.99448795525
28.1755638414,9.95438012543
28.0411559296,10.4253017977
27.5888094161,8.34395515684
29.1178432058,11.5946295291
28.1274868964,10.4798135995
25.3868481911,5.66352414293
27.0139307851,9.66529284702
27.5855191106,10.9920461718
27.0248571762,7.8569864661
27.5552187755,9.7155777193
27.3343320876,9.79502807289
28.3086573269,11.7940360245
27.472259003,8.09064002959
25.429948181,5.52137826584
28.1424000411,9.41882340951
27.9064887182,9.73979951168
27.797978568,9.60304477562
28.2334672478,11.2860867313
27.5719306394,10.2422107719
25.9496094441,5.53470910515
26.5515441019,7.06613997442
27.1897870533,10.2713040604
27.0877579762,9.38805173022
27.361355536,8.7232989477
27.6308729733,9.42141470005
27.7318997222,11.4051755942
28.4131336065,11.4658216959
28.1919845696,10.1325641108
28.0292618545,10.0581584978
27.672985875,8.82102280557
27.2205070101,10.151249848
26.0985954655,6.23821382435
25.9057806017,5.87395143277
27.4736083619,10.3189422512
25.6718724472,5.72247525893
27.3570721613,8.18736775787
28.0468698835,9.78644981459
26.5542566561,7.58874013034
28.6523662046,11.122817046
27.8058582062,9.82772200932
26.4437689019,6.68189393001
28.2774460445,11.3378490058
27.2687737038,8.19501000344
28.5044815624,11.0459742751
26.3226595485,6.96854521894
27.3045611727,11.0514087118
28.7396369483,11.1655149922
26.0573560338,5.62129801794
27.5285231385,11.1365269225
25.3908103769,5.66175642131
28.1362062466,11.0379744582
25.695504623,6.03951860055
26.1289178795,5.33343699517
25.1333530161,5.13005636824
27.6760733455,10.4288146259
26.12641951,5.50935835234
25.4658564444,5.63337965181
26.0446581161,5.33901325406
26.8077723303,7.53954708715
28.4486601037,10.7914165924
27.337370774,10.7198512342
27.8962073071,10.2092154441
25.7704328567,5.55902172544
27.1698889409,8.01440240528
26.0053762036,5.43948695081
27.3838739869,11.14319111
28.0424011169,9.85107881504
27.4654038021,8.3203664089
26.0756959039,5.92058687957
28.0413219423,11.2358300815
28.1955157762,11.9812078577
25.780910974,6.01169036689
27.681137231,9.58553763806
27.9660314818,10.1146449215
25.4452162932,5.32094419822
27.4936252331,10.782181948
27.2121154489,9.80861916122
27.0876728874,8.51188430894
28.1931385383,11.4636868443
28.8330453823,11.7390031301
25.7191300773,5.63751979152
28.1461617807,11.6400264703
25.5409846209,5.2524318546
26.998603917,7.39368238573
26.0979897582,6.09328468069
27.8226628445,11.4291211514
28.1666604149,11.3035834548
25.9256279245,5.46353036411
25.3312046856,5.12216964489
28.3006680591,10.763014091
28.4913646315,10.7236647303
25.6162242434,5.96281965549
27.6391088191,9.07358855196
28.0019375888,9.69766885791
26.2299134744,5.41617487278
28.37355354,11.6577742735
28.1411578857,12.0142187188
27.2714461352,8.03423510345
27.5286598633,8.24981218157
27.0551839239,9.57887592925
28.4405855432,10.8710140495
28.2427485264,9.56534344226
28.0351789051,10.4918900812
26.1401385011,5.58504039328
28.0089253332,11.3268055674
27.2314678199,8.2593012896
27.3806342793,8.99780592973
28.2397949942,9.77649478569
27.5910441335,8.73421922678
27.3369334005,8.65450866171
27.465952265,9.62069265166
28.3239256029,10.9751071623
28.2863356515,11.9890760057
27.4015917698,9.27205950762
27.1428497492,7.92923234011
25.9519605178,5.65713438448
28.693083402,10.966732469
26.0045675243,6.63524083089
27.4556466736,10.2006940103
26.9206216045,8.03806695473
27.2849768959,9.49545980383
27.072919671,7.99290283208
27.6528546936,10.1662664235
27.7502135794,10.371510726
27.1769894696,9.05597764375
26.8925823964,9.15872417357
27.8758068318,10.7151525263
27.6435438982,11.1773479222
27.0227686457,8.78364106712
27.2928741523,8.91855916496
26.1886843294,6.9030047241
27.1580997538,9.96820345449
27.9505635654,12.0248823391
27.703110646,10.8031823276
26.3306590003,7.18565286863
28.173429048,10.5967081933
25.8799196001,6.15789608473
28.4528762826,11.2029699628
25.8527926536,5.39512712544
28.6199648269,11.426717133
26.0312606517,5.04486584466
27.9121661902,10.3409775332
28.4108504789,11.3005098019
26.7422717841,7.42759745463
28.6831157141,10.7354377112
28.6266649544,11.5389380433
27.4778183161,9.46908954639
28.244380217,9.95069456252
28.4643615174,11.5080470838
25.5359056049,5.5348397701
27.4088273923,9.16712034045
27.3691469556,9.34050925973
27.6132111495,8.51714539038
27.8962341444,10.0131761717
27.7358701963,11.2106139332
28.0574341549,12.0221890587
28.3847322208,10.8057581765
28.7059225319,11.3939557862
26.223668985,6.98886329041
27.3015509368,10.4661431104
25.8258841367,5.92914828605
28.0791354794,10.5596289896
27.1980717805,10.3619920088
26.5795587765,7.29390380184
28.3753960564,10.5591952902
27.5282461737,9.92706333503
25.5642369513,5.61244506062
25.8729266817,5.58712957229
27.4820681944,10.4482198395
25.9653824293,6.38933252136
27.9129937351,11.8960521293
25.933083811,6.03941227798
28.3537905748,11.4783584402
28.4383177274,11.6195575779
26.1639786396,6.37784749779
27.0173784189,7.56280474221
25.6054996678,5.55810333368
25.3293483371,5.332442541
27.76001213,10.7209707
26.2413924485,5.08466670537
26.5040407674,6.90143477405
28.2418463568,10.3211924887
27.8457002088,10.5998172222
27.7791952996,11.3188799641
28.7101700227,11.5781001503
27.5288529793,9.86094333522
27.6975797505,9.38125790996
27.2193635557,8.35501693257
26.1062491403,6.01312316468
27.9958619144,10.0065271906
28.2797868916,9.62887045258
27.7713951918,11.0970392861
26.0013462807,5.58666504355
26.0654363775,6.16452840923
25.376847335,5.04818020147
27.3686423373,10.6312048814
27.9501573949,9.31211719739
27.4140380986,8.89066208545
27.9253996548,10.6424962524
28.1078823995,9.82506705115
27.9226138916,11.3972285717
27.2913509288,9.15783288635
28.0299252148,11.4127639455
28.0752113513,10.2761332825
27.8108968169,11.5895338896
28.9018743192,11.3510370476
27.8805027321,11.3056018506
27.7035373251,9.30170112134
28.5310591134,10.5346970077
27.1894776617,10.8425013315
27.4665991133,10.9695168862
27.2135705038,9.10862365434
26.8435329662,7.42165682106
25.9948133852,5.85748999025
25.7422192096,5.43660329501
28.4096941211,11.731186667
27.6180411017,9.97726638591
26.9977404739,8.04927007515
28.4115405936,10.2961572793
28.3037900231,9.83743356943
26.7364387542,7.70817962739
26.1985862963,6.55911270225
25.4860966166,5.06462580143
26.4166698625,6.8367668789
27.2082985839,8.58657391666
25.7768867846,5.32846540582
28.1052694041,11.2628245908
27.4086095842,10.098219863
27.1164986114,8.77098159536
25.6294702685,5.84073690045
25.9274666997,6.34400560438
28.1502794866,9.33178812225
28.5440371919,11.4943014037
28.1078549101,11.5233979775
28.1912521442,9.86004599827
27.4616884814,8.72084010317
27.69307233,9.47903133982
27.3112475432,8.39620727799
27.6557129261,10.8634641971
27.2482052702,8.64094149214
27.3923977868,10.8079578945
27.8861915344,9.8084720869
27.7023470727,9.77881355668
27.3889999819,9.55556353222
27.9658393786,9.80377060342
27.586080336,9.50626216327
27.0780768826,11.1642397286
26.1974278227,6.69864934504
27.793963755,9.158083119
27.6151743399,8.64159707303
25.7375041566,6.13617719869
28.7085986574,11.8641493791
27.9296557116,11.4705174584
28.494469357,11.7811919013
28.2221271863,11.9041216596
25.6773624832,5.2993529632
27.938203318,10.2844794702
27.5467037948,9.02320130533
27.651962474,11.3924565657
26.8682010609,7.96891220022
28.0907937238,9.63756705361
28.0851649156,9.44926545273
25.9933606086,6.31830995166
28.8406696353,11.2095294195
27.4215459605,10.5165000507
28.2632657397,9.89888579926
28.0859960692,9.99622587725
26.4302070486,7.11458830331
26.7344887249,7.30223932172
28.2556356053,11.6954795652
28.0898480669,10.7206446796
26.5280582622,7.27175362732
28.0842132173,10.1265069957
27.4840931026,9.70579520125
27.7534826323,10.6280175656
27.0609149658,8.07843604741
27.1975318188,10.4375539044
25.9719475214,5.14054420977
28.2354980295,10.0355776141
26.6349133767,7.60955862963
28.819057557,11.2991071781
28.7514642461,11.6634430699
27.0896902348,9.66665434541
27.6587836714,10.5379151751
28.0600048819,9.53506660214
28.0143724102,11.600723451
27.5310001162,8.50866778082
25.9494331143,5.34393641
26.9728841313,9.12578736041
28.0170064719,9.18146219223
27.1905931276,9.64164436283
28.6051768958,11.7538803462
25.5941353033,5.04711348083
25.7504746512,5.81522619188
27.1192585413,8.36831232003
27.7208771073,9.13276387212
27.9750454668,9.91290243745
25.466452044,5.17093688235
25.8604963257,6.28611752156
27.3035868906,10.7946602621
28.9472943736,11.7027443609
26.715572287,7.6133986287
26.9194792705,9.08138859538
27.46681044,11.1134015573
27.2717706916,9.02828554458
28.0215425462,11.8306875057
27.9991628196,11.9312470673
28.2968565664,11.0481694812
28.129626511,10.3513902982
26.8639702138,7.85869448964
26.0755069861,5.2377111616
28.526892807,11.5981491794
28.5572616108,11.1422047873
25.8570422337,5.49516390206
26.0786200584,5.1311341742
26.2678889471,7.09556918661
25.1453819429,5.22503400306
26.9705284287,7.95931599592
25.8543879492,5.99559499779
27.4457046054,9.07235944855
28.1854634873,11.2052105415
28.2348380216,10.9688444671
25.9683337128,5.24864114656
28.3469307494,11.3370910236
27.2908091034,10.0974096173
26.6406853792,7.24275019082
26.3661672933,7.01361856925
25.7615348971,6.11766033183
28.2286886761,10.5102599274
28.5545455396,11.8698272832
28.6170649006,10.8230400855
26.7705869651,7.96782672081
27.5931560503,10.3611471217
27.5567582052,11.4211826868
28.0682913335,10.9351456804
27.1724882583,9.30882488803
29.010652618,11.6314974901
27.2080973993,8.71987239115
27.2562128713,8.4436673263
27.8808386541,8.92328516545
27.3296708252,9.25424156139
27.518787862,9.14218224093
27.6518823008,8.58489519159
28.3251886082,9.72312381008
27.4052864018,8.24599852417
27.9582467549,10.7497123645
25.9902314282,6.13484849035
26.5376691937,7.43373552598
27.8420379484,10.1144166094
25.832056445,5.06354896841
27.8934760674,10.4839540885
28.3469754786,10.0604420158
27.4136356592,9.9943263287
27.132412374,9.22621933239
27.3265416125,8.84817210398
27.7699653121,9.08747122703
25.8703908337,5.29152650587
27.1192722303,8.14528814102
26.9320530584,8.51464954436
26.412578922,7.34044265577
27.2269169513,7.93357614575
27.0753749607,8.85495516332
26.033427377,6.38153926422
26.4580960074,7.43028447593
28.1185689845,11.9209805365
27.262064799,9.99967670078
26.8635897658,9.26214845608
28.159647854,10.9167561345
27.214815345,8.1153681279
28.7510299596,11.2608963729
26.9226246404,7.48463646625
27.9504227039,9.50702535121
25.9474776332,6.56995228927
26.0245357344,6.05829984053
27.4895879945,10.0602684458
27.6529147875,9.68735639964
27.1608231171,8.54645811126
28.1079210981,9.90211369043
26.1844398835,5.36064986621
26.1600267174,6.03893524315
26.9547874899,7.76890927397
27.0782980214,7.77477610268
26.9080989637,7.38528689959
27.5562640119,10.8718999923
27.7750153007,11.1558845699
27.9570481037,8.97860716641
25.3668621885,5.21972835691
25.4444701,5.73855517723
26.1574356861,5.2722922582
25.9581730995,6.43737881961
27.1860622899,10.1982454219
28.2316750537,9.69130553484
27.812044884,10.8313750911
27.5331602445,9.78697401154
27.1670829817,7.84682215712
25.6234557272,5.47145624831
25.4343931681,5.62654956419
27.863823004,11.1280167721
28.0466730814,11.4639416249
27.3430728086,10.1999819023
27.7668605881,10.9160669296
27.4628589291,8.98662683683
25.9403024257,5.04608874513
27.7297813115,11.0345043696
27.6737662804,10.6520695995
27.6390407399,9.23413623573
27.6869962274,10.945709329
25.0446788747,5.05969608414
27.1352834696,8.6373647357
27.4784066172,9.24601228061
27.2002560216,10.0629341711
28.4649201956,11.6816547151
28.3869841095,11.5580760864
27.225968632,9.56286780364
27.6872997159,10.2807529215
28.5633269061,11.2527475305
25.8407525337,6.06705686103
26.6334541168,7.35901927202
28.3166092163,10.2695499023
28.2838250376,11.1401008399
27.2822446239,10.3048245336
28.3158007751,11.2518970893
27.6756040608,11.2825240014
25.2427119062,5.17802059805
27.0587526536,9.30245615538
25.5491222025,5.72172445586
27.5317078293,5.202519023
26.891749847,5.30818692969
29.4529151464,11.5237743413
26.6126267277,5.32733585687
28.50466604,9.73235256334
27.1550670303,6.04863861304
29.5299319702,10.6331353953
29.5083024798,11.4179791243
26.698353384,6.03428212491
27.290959096,6.96437890026
29.5216005872,10.8820743038
28.9322359207,11.0776120456
27.1924364311,5.82205391034
26.1985875116,6.21455501966
28.5248429033,10.027000528
27.4036465845,5.62347849889
28.7473475053,10.749900951
27.3651283965,6.64475437685
27.862100537,8.83702102463
27.09656449,7.13928440114
26.981824151,5.2836029717
28.6466553589,10.3644644942
26.7750578656,5.46430434274
27.5437453126,8.07136644698
29.4218355357,9.87168407364
27.5138657909,6.054987275
27.3490725223,7.32276771818
28.5695769725,10.1273069986
28.2315172137,9.2160340223
26.6359401142,6.82449114089
28.5908553266,9.21152038656
28.7564203978,9.73418222363
26.2176031547,5.25550998874
29.6202863128,10.1043519768
30.0518939803,11.2909830906
29.8868283309,10.3071237772
29.3896320695,11.5269036945
26.9040665632,6.84381902349
26.7716293809,5.67117161297
29.3163609791,10.4412214843
29.6124285359,10.9381297012
26.3637851586,5.53115908433
26.5668172617,6.06694896021
26.6753392087,7.16160666223
29.3337515873,10.5547862043
29.2617298694,9.86314055862
29.0808901706,9.21670286124
26.822097545,7.1850960018
29.0102094315,11.3339172191
26.3279106262,5.99463229237
26.3491224801,5.88733890538
29.3717173779,9.94029086778
29.5905989004,10.8877963281
29.7686939475,11.5772231469
27.4216767715,6.09212575972
27.1270681383,7.53897959478
26.702235114,6.28167411804
26.1967911474,5.49758828662
29.615861965,10.262571208
29.4930364941,9.853222145
29.6796147667,10.790413439
27.6594814978,8.24865283329
27.2547971065,5.54340554761
28.6812471959,10.635131185
29.7668845464,10.9514337778
27.5550287363,5.93237724028
27.4677943305,6.61059834019
29.2314561616,10.5932232029
30.1950686466,11.4143681004
29.0416894667,11.1405007963
27.0202817758,6.08714535421
29.8277564046,11.0352281214
29.0921601939,10.4932160827
28.8083803575,9.85622834744
26.2161224584,5.74424188678
27.4702517297,5.14623605102
29.0186417636,10.5947277854
27.5937377064,6.2534709055
26.679599834,6.19860190205
27.2187982255,6.46339069707
29.4380697671,11.6091520483
27.2855052637,5.44243160832
26.8491669359,5.74177246427
29.0411341003,9.7793769822
28.782295927,9.95129565595
29.5474755126,10.8027420338
27.0124288057,6.50417405557
28.5376759443,8.78408461287
29.2977462032,10.6530149334
28.9107812578,11.1616966482
26.2871520414,5.45364866026
29.7023133304,11.3071943765
29.2475912288,11.2362608456
27.0615096353,6.43315044138
26.9644517787,5.74875441481
28.4526903624,8.79018411428
29.9303947754,11.1049598669
29.2788073569,9.41034141304
29.0166151772,10.4242421698
28.464763989,9.92185051796
29.9158150992,10.9868241905
28.7593301925,9.23738395433
29.1112031478,9.77283534173
29.1636570428,10.3545376575
26.9588391233,6.76096346076
29.0699126517,9.83429221455
29.7890832467,11.4882487583
29.6105398859,11.5435465227
26.8381233202,5.38551761959
28.6108752321,9.73711538664
27.0107135498,5.14338975733
28.8108828276,9.28347395226
29.0223206613,10.2891920151
27.2751536616,7.83091958832
26.3765902186,6.45263786124
29.329201053,11.5898521611
29.1085299026,11.4633086843
29.2129598849,10.2939286117
26.9632840747,5.19962313891
29.3913119275,10.6486017031
26.8970892124,6.35803510223
27.1412041899,7.06450763544
28.5285994851,9.81795967512
28.4235593026,9.32569909464
27.0361971789,5.70449420107
27.1644329489,7.22398711363
27.3064351331,5.5243307885
29.0694348366,10.9018300269
29.6922490987,11.7546381811
27.4589139821,7.37244148083
26.7122941572,5.62141976889
27.0945373466,5.55510329874
29.2256569307,10.6965064594
26.8001727682,5.20156307913
26.5550867188,5.1661301418
29.6656578672,10.6981687471
28.8286664483,9.7632251267
29.570746578,11.3900209844
29.6320910491,11.2551501614
26.7703436647,6.70309334726
27.235404835,5.72450113953
27.0435884785,5.77066983779
27.0393147472,6.95029887448
28.9597920181,10.297180109
29.5146131237,10.5413768108
26.7267637965,6.78426192411
28.4190859256,8.89900388743
29.7813066155,11.1453013806
27.4537692712,6.32606687659
28.7244168223,10.0644356578
28.4902819255,8.96424892308
29.2399784872,10.2189096061
28.7859798655,9.57864985148
29.1328677895,9.36909302121
26.7383519943,5.38212854548
26.8662547853,5.99921897368
27.1243184482,6.88512765435
27.5877035762,7.8616344365
29.5129996944,10.312989359
29.0578702588,9.71269240733
27.1127594697,7.63707817324
27.424857596,5.82211437754
29.0821990208,9.64109476727
27.0751318239,6.64917128774
28.8518231776,9.03185151004
27.0829620567,7.06623751491
26.3504484023,6.07055265005
26.423903821,5.80177619281
30.0420174689,11.2337150245
29.866032762,10.7120685206
27.3743509033,6.91198200114
27.4170442907,7.2568956577
27.510303645,5.62232289711
29.2931195523,10.1894518494
26.9806806583,5.97715516929
29.6853737978,11.4983857542
30.1130108001,11.0788759074
27.2667621336,6.38598153677
29.9512482257,11.6886279822
28.6564289248,9.15415657501
29.9892484749,11.5681692571
27.1927150813,7.73346379902
27.4301269321,5.24986222225
26.6238751305,5.87508183583
27.153014541,6.46600158883
27.3065865008,6.49778019916
29.5843553552,9.88622415741
26.9371196712,5.37460179171
27.2827251244,7.39874861484
27.3746646797,5.52065229944
29.7931892173,11.243338668
26.7343611496,6.9835207967
29.5113446428,9.71361493048
27.6266509576,7.57288030656
27.2862116824,7.1505951726
26.8675203042,7.26659528676
29.9808363356,11.3610277539
30.0734632581,11.1572929962
27.3027858052,5.02633826318
27.8945374829,8.70713313391
27.1258883707,5.7385158959
29.1437634509,11.0702920105
27.4358456673,6.98350484529
27.1627263103,5.93422125573
27.0808847533,6.00382447544
29.6002772671,10.5461322813
27.3586944247,5.91190502442
28.8322982512,10.4732459568
27.5227130332,6.27040622921
26.5291415498,5.58951809588
26.9694374413,5.05385823894
29.5796256577,11.4709070736
27.3192113133,6.09732893862
28.7692145822,10.1990414104
28.336197831,9.34143465208
29.1439455811,9.02747472219
29.6113922109,10.8345336163
27.0924001804,5.45921358059
27.7451807535,8.527665765
30.1529521371,11.5102253913
28.3096084406,9.56136509785
27.3606894219,7.21737827333
26.7691998762,6.18124673084
27.0879619886,5.06519560399
28.7293931943,10.4207988987
26.1194948301,5.42459576026
28.5688697224,8.95621471989
26.8063666047,7.03805172561
26.6366475368,5.03015606261
28.9903844941,9.37637432742
28.2744117939,9.4908904292
27.726629496,8.60018997763
26.8907526448,5.0287374325
29.3377952309,11.0106261116
29.6843301678,10.8953493503
26.6410150634,5.09520492371
26.7562901919,6.36916045842
28.9732467654,10.9008460859
28.7204172084,9.00265069273
27.5499093597,5.99994672878
29.2971271647,9.70323055279
26.4455184123,6.30492525404
27.5895079985,5.69525450373
29.8541595553,10.9229895288
29.4274693276,11.7806435338
29.3399185596,10.0145424874
27.1771848044,5.51314922415
27.2032834971,6.79935893219
28.700325694,9.65436249627
29.7689378081,10.3145197595
28.6274767917,10.0376499941
27.4351598289,6.4782294162
29.2055593882,9.39732187474
26.5437662361,6.14375613876
29.2307630062,9.91609837671
26.3649254151,5.38179296664
27.0243554637,6.84949453495
28.814910281,10.3949185719
29.1239407888,10.4027055032
28.4913014891,9.14930287975
29.295242162,10.2596146949
29.1559010607,9.86039979285
27.4978559406,7.87729572862
26.2193610922,5.57028605269
29.7849359302,10.8390908413
28.4041577251,9.52079217435
27.6634062276,7.82928771383
28.988390871,10.0558973804
26.6240707957,6.99525333108
27.6737577327,8.43406151796
30.2722194876,11.4042148343
29.2881354937,9.62012656214
27.217815169,5.06465504443
27.5011548305,5.5389305027
29.1648154376,9.48940171207
29.9905610833,10.7839864221
27.0733610445,7.42604656128
29.9883353983,11.2697545366
26.7188582535,5.27997817481
29.2212096086,10.4130204819
26.6976871149,5.95100896554
27.5426728975,5.39854757069
27.5711188601,5.48392795358
26.9268450172,6.1261309552
28.8166787571,9.36770316342
29.3401427687,10.7526427556
29.1986908946,10.0300008974
29.6344997577,9.79774954917
27.3696902717,5.3573525922
28.6032270852,10.5382985164
28.3785646728,9.13557940792
26.9652171307,7.00937327162
29.4270839165,9.77586352419
29.4427244176,11.0300736343
27.2659663531,5.91649877748
28.9773176111,9.46603962041
28.6295797806,9.28813778533
29.897714055,11.2882168925
29.4845527301,9.95279049522
26.9432783878,6.46312249954
27.2919334174,5.27083339997
26.8370732518,5.54128437998
27.29906392,7.24371783814
29.049132283,10.1310010233
26.2774650656,5.68360520961
28.9914428191,9.19019202601
29.1675863587,11.5359242739
29.4221900383,11.443370611
26.8437248381,6.81150101322
28.6148766173,9.82555700416
26.9595865111,5.64020397046
26.8459500356,5.63102581274
27.610241521,8.01216820234
29.3496510402,9.56468726737
29.1327954087,10.0958438228
29.4107463261,10.0273853861
28.8255710465,10.7960830268
29.1944505929,11.6299817423
28.4242448307,8.99741759409
26.8524065534,6.1282644898
28.8752890782,10.3207390986
28.4246955706,9.41186365951
29.136164375,9.69474364532
26.5161218564,5.85246040099
26.1740198721,5.89326883868
27.0185073887,5.48035893428
29.0588033323,10.3779713254
29.2432734948,10.7684615734
26.7673887304,6.58906570628
26.5228182232,6.72607354289
28.8853507061,10.7181950301
27.5151192877,7.78282892141
27.1316245289,6.69774243309
29.9391555354,10.9161322309
28.3636199009,9.62660379949
28.9441497179,10.9720271139
29.1702224978,9.21849823144
29.5929026922,10.0020713495
28.7495551735,9.11882349162
27.0570209014,6.7301254937
26.8959715549,5.14120528768
26.4977348104,6.20133101261
27.1837234073,7.12332065172
28.5928718663,9.92238797026
30.1041467632,11.3145384244
27.4599923805,5.96951656893
27.4841359147,6.42437095269
29.1142643275,10.0333826908
27.5697615909,6.35456207204
26.9639681384,6.56271661427
27.3993388191,6.54268020986
28.6969823531,9.74537838763
27.5110071052,8.01576141658
29.6086230008,11.3256215872
26.4671524157,6.52111747552
26.7138019161,5.8536032982
27.4057119739,7.92043169793
26.8963914236,6.6520788805
26.7314102688,5.75401943148
28.9586380761,9.54623108869
29.7070357634,10.03020412
28.428534985,10.0150736899
26.3827090647,5.20443185772
27.4625183377,5.71357124463
28.6162844259,9.38775722843
26.7788068034,6.06044893448
26.4479992049,6.07704035898
29.5339772317,10.4403065807
29.1098654673,10.9821939477
29.3617486665,10.1220303271
29.9977957679,11.4614589539
26.2352396266,6.03071158116
27.3532090773,6.3207918475
26.665724675,5.8044860186
28.8103570291,10.2546886521
28.7678536466,10.484698856
28.9066982638,9.8273318291
26.5003614403,6.27051850855
29.1648485471,9.60216114377
29.3657431619,10.9323898902
27.7955333997,8.44579886351
30.1438178561,11.2421315994
26.2527564477,6.21504521107
27.4742587234,7.09283039485
26.4999163433,6.02917045542
28.7897037475,9.46759322438
29.2442281865,11.0333593749
27.6554857989,7.74872303148
28.8863047723,10.218306721
26.7923409513,6.87798962923
27.5345813455,5.79138772398
26.2683857549,5.61620445037
29.6747941635,10.3077600726
28.902293447,10.5283896717
30.075755582,10.994557329
28.8396549467,10.9951807686
26.1807980884,6.09573365112
28.72062961,9.32878165278
26.6172612201,5.15478851022
29.3263431098,11.4691883989
26.9943648981,6.20912508474
28.6949682672,10.5181544391
26.653303873,6.37394820082
26.8367670741,6.74013751807
29.3698376772,10.2885530189
29.2402522043,9.78424828552
26.5896439157,5.76672334521
28.7075495095,10.3369595629
28.8067370077,10.0290800409
29.8808076721,10.4964701499
30.0139147975,10.8675729668
27.2145649305,6.13995032569
26.634486572,6.0161915173
26.6505062775,6.5958878297
26.4347988361,5.3262212009
28.7064441274,9.88196259366
29.9850806591,11.0205065257
27.4908109483,6.90929124283
27.255890431,6.01892840845
29.2702678354,10.9628140631
28.9143176853,10.7748303168
27.1999496375,7.38459026245
27.3202190397,6.81163344123
28.9005896272,9.18495078824
27.2189699552,7.48475177676
27.4702281932,7.60831790424
28.1025786726,8.87858005562
27.5837894731,5.57539245976
29.8413077607,11.5308858621
29.1651534239,10.7352016097
27.5049699886,7.1821897694
29.5938576751,11.6057601378
26.6701939689,5.45481462808
28.8961000167,10.0081596736
29.2798424189,9.97670824436
28.9171083805,9.29511962245
29.5457537625,10.9648882481
26.5598635868,5.49732349518
28.8081804706,9.67429867428
29.1005760544,11.3669191218
28.9863449285,10.3639162814
27.3502507902,6.17876013939
27.204657554,5.38947608828
26.3417366365,5.44124460864
27.4046978387,7.56813124767
27.3077388801,5.10727513713
29.3205044358,9.47679767603
27.4485284117,6.69417990032
26.586864403,5.39436844601
28.2945198359,8.69858729203
27.1471272789,6.39178463908
28.4301591178,9.69776013357
29.4536928831,10.1437167162
27.5339865167,7.57768119116
29.3292804468,9.76307747006
27.0990589417,7.34150857726
29.0530060153,10.6802842162
27.7274855651,8.05780887078
27.0627358172,5.62973501562
26.383552197,5.47940891115
29.3262494455,11.7921651526
29.2432812557,10.5071800658
26.9782738075,5.85803324094
26.8651437086,6.97172962452
29.6929085241,11.1869312211
26.8581638173,5.46891902477
28.404022686,9.23793861662
26.3004239622,5.39679356556
28.9988449572,9.74174749459
27.2296487416,6.64040728019
27.5168161635,6.13497838067
26.9051385301,7.07598340883
28.9978904846,9.88316833404
28.6856649324,9.97529794653
26.7993403015,5.91927471022
28.3161425196,9.2138709793
26.6558813973,5.68687368596
29.8342433927,10.6278024078
29.0803227758,10.7564962213
28.8912944659,9.60978523083
29.7179485175,11.6728682918
29.7958129234,11.7385986433
29.2755833795,11.5213769845
27.3633400099,5.1668725823
27.2806204936,6.71737235283
27.5687250074,8.17829519566
26.3167048216,5.03342456662
29.2508750456,9.54106897955
27.5966104214,6.06221803092
29.5122727745,11.8143834046
28.704784208,9.42328598056
27.0157449749,5.55583277593
27.1978800798,6.70561844953
29.5256475589,11.0313339056
26.3280737243,5.78301986969
28.486287892,9.56463229933
29.7438971436,11.0191742877
29.9149551824,11.201700567
29.6118222195,11.1018792814
26.3924927546,6.03910732945
26.9982166918,6.66952094709
27.5040555425,5.87776530304
27.1812600722,6.31576287688
29.8056581994,11.3604481571
27.2622235782,6.88871321128
26.5505075146,6.34774167761
27.1771562123,6.2345225932
26.3112903479,6.2069967888
27.2672554202,5.33769082627
29.4193310924,10.8525098535
27.3574529791,7.04068513322
26.6274169616,5.59060524026
27.1681617482,5.6297995684
28.6749150258,10.1746151721
29.4364530604,9.64515146239
27.1299391736,6.98709263937
27.0931923747,5.16614967478
29.2219854407,9.68486481244
28.8897035709,9.50438609181
26.4041690811,5.71644593727
26.4451589398,6.59879776747
26.4333770985,5.87647916204
27.5237749988,7.31269299425
28.9834821594,9.79701910985
29.1776992604,11.3778291602
27.1073218013,6.1025813825
29.893999835,11.5300627521
27.8223190067,8.64704864172
29.4067957264,10.3847210822
27.4394341186,5.54643790293
29.1804938093,11.3034090424
27.1265469054,5.37813775839
27.4308984377,7.18643282167
29.2269836121,11.4478265242
28.9057300551,10.6318094996
27.1222235088,6.7607592737
26.5420530292,6.80440422469
26.8071885134,6.65471127004
26.700286115,5.16260154749
29.8535535651,11.1711948608
27.5143181283,6.67297087414
27.557208748,6.8348993823
29.4670073997,10.9401868315
26.2586706186,5.32350125066
27.4526982475,6.21108224152
29.4809399226,11.2888953256
27.3925803418,7.1267534983
26.9160929001,7.18894334924
26.160003888,6.26205999991
26.8616823679,6.53685319199
29.173449145,9.94860156914
28.9192940017,9.72051925362
26.4794592104,6.14085703123
28.7821907748,10.3234905532
28.4457610612,9.61331726762
29.7841165865,10.5393580437
26.9347981143,6.05171879724
26.4316682304,6.236307357
27.2705704345,6.25417214193
29.1713493519,10.5420016568
27.043176525,5.21559138458
26.4639731561,5.65043079618
28.7072908793,10.8311907621
28.7437338276,9.80049411218
28.7917691901,10.8986454107
27.5451919896,7.93829016214
27.2036347234,6.545863172
29.3824114675,11.8558484572
27.3386115276,7.63160696895
27.4400285068,6.80273311045
29.2437521352,9.46027937393
28.2615110478,9.29377152179
29.8804237674,11.6119060189
29.0702295823,9.42564337557
29.7172531628,11.0868030417
29.8668871783,11.6970766924
27.1507873519,6.6258133943
26.8188459248,6.30072408757
29.6659095748,11.0018795021
27.1593264504,5.22043045928
29.4323656726,10.4976934916
29.7638556228,10.7226005653
26.5509566893,5.06085439301
29.1790188109,10.4831751207
27.3420345709,5.23926815016
29.2733095089,9.34203143502
26.1400638604,6.17600703079
30.0642193306,11.4964295734
27.0944388342,5.28962852744
28.8284854153,10.1232939758
27.4263598937,7.68388263674
27.3988735191,7.79771761872
27.4806389039,5.34536990661
29.2875217154,10.8717164816
29.9345977606,11.4980997628
29.7092827612,10.1364319926
26.6206755914,6.72210874939
29.4987872804,11.1272916193
26.5399715297,6.44758595149
29.1887817459,11.2274763361
26.5162587241,5.22397387434
30.0948117924,11.6098800642
30.0218518776,11.6537504103
26.9443196257,7.30128467566
29.7847970098,10.1031926325
27.2146101524,5.27857160367
28.7324453384,10.2626191559
27.6445428427,8.11254377434
27.1817676136,7.31145043168
27.0476165316,7.68675760346
28.9765221078,10.223949809
29.7232374683,11.3831519886
29.4560071644,11.6998112017
26.4485704549,5.54488019391
28.5821253766,10.2133700212
27.1610832485,5.14636655685
27.2961075673,5.82737805246
27.071290595,6.31162738907
29.6664911684,11.595753847
29.1030866087,10.3041808339
26.4604833754,6.45537858721
29.0095514681,9.28270244444
27.0905353161,5.84202469668
29.0545509678,10.2312587818
27.0389325035,7.23317248076
29.838661717,10.7674669719
29.2834992834,11.3109321897
26.880374837,6.07602862294
26.4485836308,5.02708947555
27.5335879419,6.74547317628
26.2661676954,6.13002302685
28.5079943324,9.36296532338
27.4804630011,7.4902178691
28.3077919263,8.89235698481
29.1363094619,10.6448442283
28.9876280018,9.97610314889
26.6342982119,6.47656043722
26.2491788382,5.84598732672
29.3522088788,10.2169685741
27.0871426985,6.54932873688
26.4808388659,6.40089746854
29.7155668377,10.2401578616
27.0341380278,7.46707930411
26.6080830207,5.24122178163
29.7218574797,10.6171505289
28.384599025,8.72590204667
29.2887860288,10.055163143
28.2721861934,9.13294502248
28.8996774456,9.40897278125
26.6585580773,7.07923264656
29.2444005206,11.1422045762
27.6207601198,5.21960860295
26.907276545,5.23346880943
29.994403185,10.9514690833
29.7491404196,11.436655685
28.9881362856,10.8218388177
29.3986986607,11.1598330023
28.6223425662,10.4409942644
27.7447472562,8.33252667865
26.4561890044,5.42204838008
29.0863972168,9.95138698341
26.9226102638,6.28768827049
29.3228894513,11.219683087
28.8902145895,10.8900860179
26.4370750359,5.96506591525
28.4907464957,10.2032711762
29.6195593063,11.7578325524
26.2480549978,5.94100506448
26.777609983,5.59225780145
27.684592404,7.63141653089
26.6941345874,6.8831870123
26.9087050462,5.92345112405
27.2256123337,7.03203937883
26.2669738393,6.40035599933
27.3757186961,6.24997682243
30.2209394341,11.5668556387
27.3122556256,7.53671549204
28.0000358217,8.79865623935
27.0346018277,5.38079306281
26.7750908951,5.12104078054
26.5605047549,5.66674630926
29.2397887951,10.1268006451
29.3353707484,11.098817255
26.463761311,6.75848848
29.6228349755,11.6757197586
27.5901644932,7.49314232527
29.5010249332,10.0691876492
28.8770194173,9.91301601096
26.2101402234,6.31586607653
26.5517243713,6.53785821206
26.9531185835,6.9109747082
29.5311684602,11.5597245351
26.7209131233,5.53986652321
26.5934013876,6.22910537739
26.8334813484,6.42487263355
28.6064668814,9.48244012817
27.2869158763,6.5878928789
26.4196450212,6.36729965202
27.1567809469,5.43413840318
27.4545587745,5.45424677175
27.6083005257,5.86407022283
28.6460690993,8.94230742789
29.9062727417,10.8279332113
29.0830192032,11.2567083489
29.9865019359,11.1935544974
27.0572786482,5.92634594
30.1683719983,11.3351265434
29.0581774277,9.54474302246
28.9964177412,9.64520804186
29.3634254019,9.7026586604
26.9771420266,6.36869004567
26.3348352221,5.70358423824
27.3647775731,6.73906796175
29.6202781292,10.3635584761
29.6436367385,10.1838818411
29.2477820878,9.17844894977
29.5388554854,11.7258494592
29.399551556,11.2591774568
28.6346656012,10.2841923541
30.0903594993,11.4029402917
27.5109182134,6.51971584207
29.3408867515,9.8454141787
27.9310202135,8.85475124557
29.1695387039,10.8269501364
26.823533052,5.06266008191
26.661565668,5.36605809642
29.1491738341,10.1973227666
28.5829695292,9.12904310854
28.9399821292,9.09220627308
26.5557543403,5.96171442008
26.7878407789,5.82748804218
27.0237335643,6.60787313015
27.1077369896,6.18606395745
27.567773254,6.61541325566
28.8534819731,9.12823731828
30.0286038648,11.0777378965
26.4637773129,5.1442991314
27.2204261428,7.60863803842
28.6887596919,9.23111239758
28.5660590434,9.30959367223
26.4933397555,5.73955074196
27.5684601052,7.67517997671
27.6069370888,5.32883336833
28.7990737205,10.6759710985
29.5788352973,10.7215517553
26.7206925153,6.41655262913
26.9747696696,5.43703234556
29.4520567109,10.586395582
27.2542701507,5.18721365247
28.9136518875,10.4242585479
28.5045459666,9.46404559647
26.8173520691,5.29267514676
29.4678311016,10.7338182199
26.3934580318,5.02791648034
26.3960753642,6.54203915865
29.5013385164,11.4840064903
26.7124221788,6.67230427531
29.0549784415,10.0318911602
29.3013778843,10.3466024904
26.605330866,6.90566813659
29.5404953463,10.1809181449
26.3509418199,5.11645931358
29.8675815491,11.4553553575
26.6622695347,6.11557947235
28.5355721868,9.64583710417
26.8710066929,5.8513061985
26.2887483802,5.21139553861
27.1977457602,6.9199424442
29.6349266111,10.6154944271
26.4446705899,5.2531673707
26.255838495,6.27079241749
29.086154122,9.29816931616
29.6522515849,11.4013501503
27.0359305911,7.03242715848
28.6187297889,9.59519605284
29.2948683171,9.90684552554
27.4854553949,7.95750220551
29.363600282,11.6950391352
28.9770938133,10.7165608255
27.2443604214,7.28570973651
26.93263526,5.50755896173
26.999892482,7.10902538033
26.7219870115,5.05524506225
27.1692987305,5.32704806025
29.5834617108,9.73892029491
29.1428860452,11.1732231942
28.4087032723,9.80927644946
29.464591515,11.2065932672
29.5593791418,11.2716161656
26.8417542047,7.12332332241
26.3441114606,6.2963001787
27.3692860564,7.4429173384
28.5460446212,10.2648188706
27.4366560915,8.01414925008
26.3600311489,5.29470375773
26.2015588726,5.6461784962
26.7571875353,7.1010136758
28.5550164733,9.54350061618
26.7481493149,6.49083325482
26.8806564301,6.20742140784
29.5799907469,11.1992879201
27.483878254,7.24864402389
29.0359642824,11.0200818524
27.3506475042,5.72705252161
28.3380776436,9.43329250849
26.3625410275,5.62105576719
27.2883939788,5.62335597116
26.5331772853,6.63956064965
26.3801107053,6.15080290235
28.9876409421,10.4904608723
28.6750293882,9.80113818676
29.5228104111,11.6420591649
27.5256703931,5.27214874851
29.8957935341,11.375250303
28.609745042,8.85061927875
28.7955899587,10.5600840378
26.2868533061,5.52952960694
28.5038127818,9.25868448724
29.4360130129,10.2250264133
28.5088619561,8.85830642598
29.6646969996,9.93931675943
28.9424833948,10.136381836
27.3593796981,6.00615976721
29.8070222965,11.6571012545
28.1887701054,8.5988707299
28.6882860494,9.52871602717
26.520901013,5.31741265061
29.1859206327,10.9453771298
26.1223225603,5.68803845928
27.3092677196,7.72660547307
27.3819239202,6.41682754264
26.8978019098,5.58040298973
27.5017041767,6.99832270919
29.9219049862,10.6676119478
27.6655978586,5.42754772983
28.6950118684,8.7915070015
30.4690676294,10.9193327879
30.4365921098,11.1282003561
30.4239812665,10.2386304627
28.1732411598,8.84976535302
28.3067744657,5.04367787279
27.9979916285,5.79220802793
30.8117560928,10.9171726713
29.7283898533,9.85238785462
27.7578011726,6.42269864721
30.1612956789,10.3235825343
28.6517176445,6.07922614876
30.4730362963,11.4139505716
28.3590123456,7.29571907863
27.9076264692,7.12528894217
27.8002914661,6.64305841337
30.9365602652,10.8241421658
28.7911085242,5.85017525151
28.4390441357,8.1762113194
28.2115682638,6.55623038856
28.7833239565,6.87537837964
28.9072036382,7.72383009613
28.2566791435,6.16099891758
28.1695097719,7.72373689474
31.113706664,10.9093891036
29.9447451129,10.0185782175
28.1170982159,5.62161208222
27.8728992952,5.24316326763
28.3197976701,5.64088386387
28.1949413804,7.19922723218
31.8793188501,10.5476048582
27.5690524886,7.40647241503
28.0087530392,7.32150145609
28.0488610163,5.58448633342
28.4432046855,6.72371376593
28.73537189,5.7844008341
30.6598837754,11.3304876342
30.8862493578,11.0483631379
28.3285035573,7.81771005856
30.2939151475,11.0619235923
28.7903137569,5.21580234357
27.8483570418,8.32953157541
30.2651123087,10.4370282976
30.8728868449,10.5554611922
28.5603555532,6.57253639966
27.7487158624,6.01790017914
28.1187165241,8.20581210799
27.6473896082,5.96667671694
27.6613213003,7.03152317952
28.6404638727,6.61023416966
28.7647573532,7.04446372792
27.8466434046,5.90126971844
27.7530864688,7.81532065834
28.2224072754,7.83950373603
30.9912174332,11.008238098
27.9659023385,7.22087205841
28.5193715542,8.21223963296
27.9435582553,7.36190474191
28.1381033917,7.41105059626
30.9316835888,11.3206407063
28.3292176695,6.83569371225
31.189705575,10.5538659049
30.7741721709,11.1407105145
30.3197245361,10.9245430683
28.7264058505,5.69230288869
28.2931618516,6.46390333206
28.4803455625,6.35541049571
28.1855685402,6.46148441802
29.4113556374,9.50319722292
28.5292446835,6.43863876396
28.4029129321,7.89623168011
29.9396782737,9.90475020702
30.2073748315,10.3973885447
28.7061391456,6.80698337563
28.5250739249,6.78771023537
30.0587014981,10.2291051377
28.1194917404,7.80455608959
27.8215792736,5.66425928061
28.3394471757,5.82448880317
30.8772227065,11.1516743231
28.4437336905,6.6444632893
28.280729303,7.73200537206
28.6479333527,7.48582342577
30.2187192935,10.9141721085
28.300749132,6.37207907075
27.8510149514,6.47410739299
28.3524493046,7.49567946521
30.0985009451,9.97876367332
28.6825610416,7.40320973803
30.6922515761,11.4143797617
27.9058290164,7.71031606303
27.9505410508,7.78882528945
28.4666744133,5.9487955778
30.9085682578,10.4976897412
28.6918249683,5.87378471552
28.7266770218,6.27476758444
30.27296447,10.1244145972
29.8505230545,10.1026147724
27.737117579,6.95522024239
30.3496017902,10.8674680004
27.9905794065,6.22035025868
27.8046761203,6.55803438934
30.6355973222,10.3659047369
28.6405945177,7.93250094904
27.5775086911,7.24305262493
27.9138091558,6.38810052407
27.9115470435,7.91344247626
29.6384582872,9.46945661248
30.1457655997,10.3901336655
28.625877598,6.40336259143
30.9067456257,10.7365103265
28.0012720623,7.57173015696
27.7688648433,6.8609802166
30.1651179521,10.7987261688
28.3705085057,6.14422709677
28.2793775378,8.59292194476
30.5293654043,10.7048417924
28.0658133422,5.26341544845
28.5027071252,5.05234046709
27.7477321811,6.58715997999
28.8680620944,8.39733743234
31.9203006059,10.2924691912
27.9154422892,8.35903872592
27.8811304427,7.2740617845
27.6223751119,6.7688620327
29.7651567973,9.64732419691
28.6657143976,6.52365040803
27.9614277134,5.55225999202
27.562919332,6.45156372163
28.2599657342,5.90102451332
28.68896791,6.35260939323
31.1865708088,10.878331828
28.4365048619,7.57484750298
30.7430541134,10.3326110974
28.397485184,5.90214268294
28.1918682461,8.69666896144
27.8895978352,8.01414177746
27.7183216165,6.13103149961
28.3559830547,5.35528234614
30.2932779697,10.5991955433
28.0652686217,8.04090473466
30.2430630205,11.104339714
28.613281901,5.935533211
28.0097774659,8.55230815307
28.7286481635,8.88109203393
28.7285508551,5.12850205657
27.5729624514,7.13957225747
27.8283316963,5.31248854249
30.4830825003,10.7985588728
28.6321347181,7.58630575221
28.1945473284,6.091273544
28.099744195,5.37806249026
30.1733635972,10.1735661723
28.0784295815,8.40034758653
29.881993392,10.227688527
27.9227045826,8.16729361465
30.6030303222,11.4893931269
28.552392331,5.14750750322
28.0098776694,8.46105200665
27.935729023,7.30901302576
28.0840504982,7.34833233776
30.2252685187,11.2704300439
28.5573489714,8.44473472444
28.6840517238,8.6092415679
29.2578461035,9.25979762541
28.4567617367,5.88762977614
28.5383669769,5.95868934553
30.4152163471,10.8721321214
28.6029824688,5.51098912542
30.1678846123,10.4786705032
28.5593786978,7.77163415844
28.1218301114,6.12208742302
28.6183310057,8.05146310416
28.8270025244,8.71896044409
28.1313842681,5.04901867079
30.4423072467,10.4676363872
28.4268848671,7.19893552314
28.4167252228,7.79586892647
30.7633008479,10.7434577361
28.6277255639,7.68945944993
28.7793057754,8.13334467461
28.1738809057,9.02478717284
28.5089990959,8.10521399792
28.3085752599,7.21794062953
28.7654179849,8.3576815836
28.5613503157,5.67041356864
27.9013478116,6.76152909006
30.7108704639,11.243618578
28.3423522653,5.23515337296
30.2738508994,11.498709192
30.2536129737,10.5178464092
30.334886569,10.7013840147
28.3551437493,8.80907097096
28.0871827844,7.21503762789
28.8788085889,7.61149748203
28.0364636259,6.12552310603
30.0829449789,10.3376017253
27.8844984528,5.36684905913
30.4459926735,10.5649730923
30.3526054959,10.3989427175
29.6371711241,9.31362402712
28.2127773521,5.60596545913
27.7943023792,6.30119299686
28.3734675847,8.62774909246
30.3974424452,10.6304557016
28.283357654,7.58117904249
28.5381320803,8.53044241282
27.7979290753,6.21907503911
30.3697102946,11.0486135957
28.3970076811,6.35292917153
27.7500526905,7.9800677499
28.2260915976,6.90188064523
30.1667993044,11.1314049885
28.5539224255,7.07865914104
28.5421045028,5.85374487757
28.1489973345,6.74248540282
27.9656155976,6.64190435718
27.6527769978,5.15073895562
28.510889428,8.59466063699
30.2107745923,10.2791478406
28.3709692107,7.96186241756
29.969968822,10.5803934818
29.3515261321,9.38225386115
30.0268773003,10.4083738656
30.3335275924,11.3671503046
29.8062658527,10.1879338752
28.3402106863,5.90912117853
28.313807554,7.6407992314
27.9963005366,7.72455099878
28.4334996736,5.77227908197
28.0204361266,6.5745310646
30.8304037442,10.8212882376
28.2144643228,8.92079699052
28.7599150087,7.31628976506
27.5744643054,5.12696816393
28.7237925327,8.44432174214
30.7068761998,10.5884142814
28.524375034,5.74519416578
30.6682670051,11.1372432198
27.9413472749,5.45369968863
30.5955939245,11.381157201
28.1310129611,8.01475781951
28.7167394696,6.45115613896
28.609522354,5.05448570121
28.4656730983,8.42067851681
27.970184706,8.65969833724
27.8414369723,7.19495506684
31.3068770727,11.1375068002
28.8405175451,7.24290605857
27.5048509248,5.04945450438
28.4136465349,5.56367536946
30.2846644327,10.9946706376
27.6593022577,6.33007075813
27.8880262429,5.61172154055
28.35219081,6.54260266319
28.2517486137,8.79864521808
30.1931355636,10.0706822815
31.0617207395,11.0778536721
29.8896255301,10.1557574957
29.8025900615,9.72673611259
28.3356191692,5.55822386801
30.0962322877,10.4320034496
29.8569697173,9.67833134323
28.5411808358,5.26235928914
27.993667113,7.88965807672
28.6024014325,8.27446769465
30.6119627786,11.1906290677
29.7538391137,9.48844783287
28.1566863682,5.94436296144
28.1639594445,8.3871624096
28.5715088825,7.38438892151
30.3219358265,11.2656125604
28.5751983479,6.96289433142
28.2422645612,5.69497236147
30.8501446087,11.4153927784
27.9885087742,5.34892435673
28.5127984276,7.1642543252
28.3494601919,8.97385600238
29.0449710947,8.94647745413
28.8309315836,8.85730847357
28.6074832672,7.86494121339
30.6005558607,10.2666299128
28.0093411518,5.88928110324
28.2463406025,5.27696399659
27.7987012231,8.00920819148
29.8960976238,10.0761860619
28.3272535357,6.3137250448
28.6153812118,5.42573601886
27.7346574725,5.78447960389
28.4163870259,8.23925421006
28.7544279594,7.19430984737
28.9339710135,8.88566827794
28.2440939754,8.4946469967
28.7167481829,7.88263684921
27.8868581244,6.28753347371
27.9778523188,5.97942739745
28.5650313145,6.13456623454
32.0350506789,10.282568209
28.1725650947,7.94423949554
28.7213098545,6.99277388017
27.7522484189,5.90378052238
28.4510101317,7.09914582411
28.0783353386,7.95782418622
28.0391730129,6.72130236534
28.8506464948,8.17712271197
28.4673526152,6.99958483908
28.1758615572,8.43983786918
31.4139366355,10.5804350566
27.9120085477,6.93432425202
30.3985037787,10.9564372649
27.8566880627,7.3666453949
27.6534569564,5.63161418633
31.1636792452,11.0754616214
30.3578095577,10.1961915716
28.3829994962,6.92079869985
30.9011286795,10.6148207229
28.1886933976,5.86835608216
28.9441112688,8.99591997812
28.0806467069,7.66394775425
29.9899891549,9.67993363756
28.346855805,6.40707689582
27.9254337571,8.27473127181
28.630564846,8.52794428459
29.4567638397,9.41040488598
30.7934498791,10.5197742958
28.7785247759,5.05949666664
28.0970819564,7.50600012695
27.6710834349,6.05175155061
28.1309042098,8.08570670444
30.9047048796,10.9245358896
27.8897028103,6.58018502768
27.7480271431,7.37676894637
27.9788086152,8.07793277451
27.7447685851,5.47451074886
29.923852812,9.67272724689
31.1563945823,10.775762906
28.5892207055,8.62724028712
28.0194802506,8.22297250896
28.7854243732,5.28981851154
31.1108816431,10.8500574784
32.4874209283,10.1675124291
29.8238774022,9.79856684647
31.2574673771,11.0626500836
31.3279436,11.066517824
28.6462735828,8.36592648104
29.5227338563,9.4652937574
30.019063695,10.6931366118
27.8660400234,8.39430215547
27.9676946078,6.07326514973
27.8229912543,7.74016611932
28.20288329,6.66507969223
27.7826306285,5.15458217228
29.0965856574,9.12203956947
30.5152741751,11.1915586355
28.0348072807,5.68686622622
29.6062031521,9.54996565629
29.830541413,10.0131124601
29.7323527669,9.73647096181
30.4311524727,11.2313911115
28.7817328538,5.14908277006
28.0445874186,7.07549614168
28.5162670145,7.55739476517
28.0504297434,6.29480924683
28.2921767794,8.13197638935
28.680358446,5.99528543488
27.8808490487,7.56466286228
30.1620173249,9.81986568558
28.2504969145,8.37135890626
28.2342972182,8.23209238457
28.6781905985,7.09985681789
30.3730849056,10.5626691792
28.1167577503,5.55264283507
28.803213105,6.028823545
28.5471032193,6.24301474061
28.076378053,7.87815173096
30.0940333503,9.90211362841
28.067476772,6.0338059232
28.3049339619,6.63778929519
30.1862856613,11.0288851622
30.2618404504,10.3447063632
28.0985765227,6.50214797047
27.9922130529,6.94300869903
30.2760802495,10.2243280937
28.8595954749,8.07561963068
30.4860334823,11.0215281738
28.7580415422,5.9943978028
30.1080606223,10.0573737314
28.6858407967,5.09248675828
27.9793018246,6.32810000907
29.7011949547,9.5442651706
28.5325018068,7.26125436734
28.4613339164,5.67353309059
28.6927952651,5.50474680723
30.2465157616,11.3362240909
30.8506345861,10.4052761846
28.5397561483,5.46290240683
30.7983717269,11.0438405662
32.0935413104,10.5246391643
29.938629083,10.4074102049
28.2262022755,6.39274507175
27.8096177881,7.91968487223
27.6095344927,6.68530622612
28.3577713659,6.7290962255
28.0229244027,7.48441469251
28.4995207204,5.20943197448
28.6853316051,5.33517231426
30.6931060683,10.5053229306
28.4637935181,6.54726463108
27.9930762458,7.98073824677
28.3058687544,5.73254894629
28.8204662725,8.28517293888
28.2662576208,6.99138299863
28.3392598859,8.2340798955
30.4400073577,10.7002553296
28.3359791101,5.13135251384
28.3670016726,7.02510064372
28.2556669292,7.41036646109
30.5301925636,10.5425057764
28.3875109517,6.67305000507
28.7888122249,8.5925065287
30.8118609965,11.3076808481
30.558018101,10.9608088046
27.9219636511,5.80737162524
27.6695332449,7.12395670074
29.224895411,9.09296294307
32.223367955,10.1335437704
27.719744211,5.62679621439
28.723553273,8.54407141379
28.4714949437,7.73641158397
28.537627785,6.66705215438
29.3137686293,9.20251141809
28.0328599792,6.89931448282
28.5946950675,6.51091242333
28.8477593563,7.03191776697
28.0508403256,5.47940987274
27.6206040709,6.52242548231
28.8044226746,5.67396517417
28.7119597489,8.29308503014
27.6056016339,6.16163998372
31.0606416788,10.8049742724
30.5159681866,11.350755354
30.5368107821,11.425533529
28.4103572553,6.09277859376
27.8857728394,6.68974526396
28.639658692,6.46770277639
29.9860291114,10.123686984
28.1001722988,7.29432258967
27.8211806199,5.96840103518
28.8295466214,5.18100890894
28.4003113447,5.05006786259
28.8601565593,8.6471350443
27.5722685919,7.04445281471
28.2592407592,5.10362250674
31.1217900642,11.176255214
30.9707575409,11.1162077038
28.2572031937,6.84718731386
30.5830118438,10.6283311166
28.1671821152,5.48262554932
27.8315962958,7.65087757368
28.5451436233,8.71792976346
30.2326159387,10.6512933408
27.5902010458,5.03681008863
28.753395951,8.20491640052
28.2682395809,5.50835146226
28.1084896943,6.62174155301
30.3764449747,10.1295511591
28.4899055656,6.03906463375
28.590915305,6.02134569017
30.3744247443,10.8181061763
27.8226375271,6.37060187333
29.9716570249,10.475996262
30.4911700496,10.628846841
28.7266310895,7.67348599154
27.7599181556,5.37504047089
30.1195047727,10.548925331
30.9877052866,10.6636731613
28.5682362668,6.3353373908
28.4752382952,7.46547481312
28.0057985852,8.31722338516
31.2195915845,11.1499041039
27.9051718208,5.29713121644
27.7435946576,7.06470243613
28.4375632799,8.52465107266
28.7928325289,7.61624766967
27.9125789472,5.71620942765
29.5697733931,9.63932620527
29.984590507,10.3211710214
28.3961919487,5.63242467344
27.828833243,6.80114254603
28.1090554149,5.82391386495
30.4079297003,10.018840855
30.2872374507,10.809164589
28.6159819352,6.83589585075
28.6861289244,7.97674729538
28.6460577254,5.6086146797
28.5761527035,7.16564701836
27.3938337739,5.06228838635
28.9053870233,8.72753655796
28.1900321307,5.11173190888
28.1581737374,6.0348067995
27.8065192446,5.2415049441
27.6877198193,6.84579562037
28.0654894615,8.29060401994
28.0302237549,5.05218905156
28.3474707763,8.44070051785
28.1551183754,6.37075002376
28.7155420083,8.04317481461
27.6723090771,5.54027368403
28.6402119792,5.1372153959
28.6227412282,6.74142632203
28.2990113466,8.00857516
30.3489428502,10.296282423
27.6883209349,5.06536979872
28.2997703885,5.43316408421
28.5189257607,7.65847914765
28.6510359072,7.31562088262
30.5385100416,10.8875675747
28.3906838109,6.60927067537
27.8581935185,6.05798573671
29.5043064696,9.549712596
27.9162154832,8.46956225518
27.7906314122,7.28161521239
28.3306234137,8.53031720727
28.1191187541,6.23125550146
28.4609998473,5.48721729112
27.761003711,7.1498380471
29.9323947898,10.7378966497
27.9799004063,8.39053209588
29.8196140999,10.2696112037
28.7009579385,5.21416274943
27.7308844531,6.50838819519
30.192346702,10.5826929191
28.0663627704,6.38416495724
30.3434840558,10.0631199549
28.9712509417,8.78313057658
28.0690415456,7.74960653458
28.1818421325,7.31042108305
28.2288804078,5.79499473074
30.7684293547,11.3805239751
28.7872443732,6.967600919
28.2644716594,6.75378997882
28.0858737782,6.82927556997
28.6093969151,8.16723931354
28.3536080822,7.59525848354
30.6261581369,10.5462114551
28.7018254731,8.12509976329
28.1533543732,5.19984080298
28.2574729382,7.64434329181
31.0699359835,10.724767103
30.5093887807,10.2489281057
28.1521335115,5.70844899466
27.9170253873,5.8798325116
28.4555095542,6.1703972144
28.0603042609,8.13050881994
27.6513738417,7.3270485019
32.5769310453,10.2773789391
28.0697159642,8.98553517944
28.7299302476,7.57843888692
27.928681666,7.63603084406
30.8309460026,10.9826361018
27.684909289,5.8397841319
28.4196728387,5.84952427705
28.3296413894,6.09016186554
30.9482258555,11.2111750472
28.7661587395,5.49377902746
28.3661010854,5.47995766992
28.7481275556,5.93583240579
28.8095887035,7.54123750433
30.2349410341,11.191513358
28.1167892045,5.12305796031
30.2363815565,10.7213395543
30.0521341103,10.5016717644
28.0499797955,5.16270861857
28.0332278609,8.71775649298
28.8511171002,8.78533851729
27.9689473501,5.14046515286
28.3719291731,8.16559851106
29.9484869466,10.2134184277
28.3659948512,8.01560616814
30.3830694078,11.4500571992
27.6675446204,6.41778487157
27.8443038524,7.03994914524
28.1845129156,6.82836311432
27.6729259541,6.62368644712
30.3982397277,10.7641652865
27.8365528536,5.45390344688
30.62082802,11.0336635502
28.4080685656,6.44820107995
27.808202462,7.47517203395
28.8811070572,5.1248817723
28.7408200475,8.69000652557
28.1559857634,5.30294864973
27.9483383519,6.73376490837
31.0271344402,11.186497003
28.6770180473,8.21689823128
27.6936020799,5.70305069022
28.7632569919,7.41251396176
28.888035453,7.9849833626
27.9573207356,5.63280689056
27.7019256585,5.18154850803
28.4749907466,7.3661004579
27.7445634092,7.57346599733
30.9942041465,10.7634826323
28.1678258259,6.99769847874
27.7926149543,5.56444140962
28.570535147,7.51113806748
28.1857783558,8.14488557409
28.2603244441,7.10877954399
27.9052459042,8.5799358421
31.2090563423,11.243264564
30.3657379449,11.5587309534
28.4700516842,8.31373071214
29.1993974242,9.31316187211
28.0802228876,5.91131954744
27.8174289558,8.22850999896
27.8362048846,6.89101226249
30.593272152,10.7749233684
27.916701392,5.06172352546
30.2678771696,10.0360065673
28.7749543226,8.78785552107
30.0843792579,10.1328487777
30.8833828379,11.2400600057
28.8220068226,8.50246108203
28.7874933971,5.40480678609
28.0472520433,5.95289549212
28.490849093,6.89297340314
31.100926478,10.9909720371
30.1101800681,10.894494671
28.4327788347,7.29985873113
30.8288031518,10.7294433978
31.0229545324,11.2651334068
27.8715814774,7.8246200628
30.2794482067,11.5975827114
30.5259601774,10.397667741
28.6921743629,5.03133004219
27.7159808,5.27042016559
31.1137098531,11.2852746427
30.4212988625,11.3362044111
28.3766089484,5.99454895409
28.728135726,6.69297180086
27.935491674,7.45968620822
28.3938990559,7.68138201393
27.7276690792,6.73228311545
28.4550843763,6.27242884056
29.0720592017,9.03457924565
29.9203911935,9.75850915576
28.8900824857,5.41410754473
27.7404998807,7.69107951796
28.6885356221,6.17278267823
27.9120945949,8.780565839
28.2517144585,6.01517492475
28.5623691656,7.9536166069
30.0633177264,10.7837226016
28.3904126661,7.38774367711
31.2645926983,10.5630570854
28.2234882882,5.38423306762
28.6318462334,8.72534109895
30.3280546872,11.1448973988
28.6444814529,7.21678581641
30.75961509,10.8846531992
27.8233642274,7.12234554007
28.3632075622,7.11707248318
27.8222582206,8.09852677366
28.1279094571,6.32152732794
27.6893761346,7.91789189732
28.7821646043,7.77571317907
31.207514446,10.9800312949
30.6454318366,10.9190345288
28.2211709533,5.04069927788
28.146532607,6.91273693701
28.455675408,7.99409054021
28.3562265458,8.33371097253
27.811115268,6.13760474686
28.0907525458,8.64397386372
28.562494159,8.35564277079
28.3548833951,6.2273943836
30.6742911291,10.6945713298
30.6969387878,10.8176001653
31.0244687043,10.8953297697
30.9938727069,10.5484220471
28.4803077251,5.38285312205
27.9926269281,7.12588278626
28.7742867084,5.58424210746
30.5808631667,11.2739171822
28.8155996279,7.67977134675
28.7953966602,6.77947090854
30.0712123895,10.6025959765
28.0272481428,7.80982486437
28.8596987438,6.846756323
28.3054219888,7.91650568407
28.2923802214,6.90171377715
30.7182785088,11.0647550374
28.7360252228,7.48666023325
28.5016027932,7.86686681227
28.5213668456,5.57600508627
30.5469085701,10.3167131826
30.1389029655,10.6787948845
27.9614771719,7.03504247802
28.4462222086,5.27145203861
28.2562603562,5.1822079112
28.3799517985,5.70286267728
28.124750581,8.51302894756
30.7298203826,10.429994745
30.0317582458,10.0272424558
28.2551502117,7.5121919063
29.7298119565,9.94555597189
28.058005382,7.13676010081
28.6320458598,5.75875970312
31.7593934583,10.5096224006
30.8025321641,10.6434029881
30.4480918719,10.1476187198
29.6666948688,9.63377827073
27.6071984394,6.93614867476
28.6659370361,7.78192417594
28.6918253299,5.42439813298
28.6354036375,6.26734381453
30.4463762621,10.3338773339
27.9657750865,5.2292885401
30.4849423966,11.5069738905
27.698957469,7.22601991283
30.7429027547,10.9720118238
27.9654245897,6.82685765982
27.8342270357,5.81323987098
28.440427771,5.14967448363
28.2127054509,8.04702209819
28.323266552,7.3438866691
27.6428238164,5.77884011794
28.2721789227,7.30446979169
28.1795570154,7.59114661321
28.0388543483,7.41315017113
28.3982280236,8.09419265594
30.5763073455,11.1303003167
28.7976835984,7.97585564488
29.5712416879,9.39381293355
27.7335259731,6.34385225681
28.7441494622,6.57165385398
27.7720856342,5.71682370416
29.6548764993,9.7171606896
28.8862036925,7.906786551
27.680298306,7.47004006888
27.8041501363,5.05130036005
28.6028835934,5.22041237873
27.7235511697,8.16208238796
28.4719874097,8.6742887053
27.8928254421,5.96068517668
27.8922241988,6.16443498358
28.6570269885,7.00270570481
28.8089881637,8.94699011357
30.7268647469,11.3374340304
29.8288211252,9.90182263689
28.778374802,8.07011211105
28.8223919088,6.25090111939
28.2357745664,6.28350009575
27.6910648513,6.24965247574
31.0349106051,11.3461716559
27.9752325986,6.47924995312
30.3323224904,10.493096608
28.8791610486,8.95830564577
30.0309912917,9.95127139293
30.6000565561,10.8530398038
27.8837530666,5.16591854315
28.9076161164,8.80087609458
28.1485068437,8.30450376116
28.7400769776,6.07280035901
28.6803898665,6.91471879633
31.1274038664,10.6123651159
28.009092592,8.903759617
28.4201097171,6.81748593368
30.8254257071,11.2175496074
27.8310868245,6.95284311133
28.0670835596,6.98416859582
28.1093299258,8.77570522289
28.1853469819,7.48747026134
30.5887801103,10.4667047916
28.1399428711,7.09608372878
30.5132200615,11.1048811005
28.580649042,5.34071546903
30.1087671976,9.07796151408
30.0500434574,6.20515872065
29.7008217269,8.42189237313
31.6490079801,10.5227071347
29.5414536699,8.09715378392
29.3837499021,7.55746846747
28.8664970506,5.3321485422
29.9730411703,6.47479748161
31.8532485188,10.0024985894
29.1973365451,8.78842350041
29.7862811304,6.00303387229
29.2468886246,8.38117909383
29.8848634519,8.51613253797
29.2437662625,6.97629044385
28.8336284261,5.94548562935
29.8847928876,8.03507662232
30.0945406084,6.09730982098
29.8604655025,7.76360049295
30.0118214241,7.57787088026
29.8072769003,8.85535223382
28.9644510713,5.15926332017
29.1996573636,7.37923402456
29.0114779008,6.69136898021
29.5325863207,5.63776340442
29.0485884945,8.83078425906
31.1059592026,10.5336560484
29.7086199424,6.94312855259
29.2543219499,6.28308741444
29.8024568284,9.40531447859
28.7967794943,6.15295170638
30.1839450458,8.80183453272
28.94119254,5.22340347465
30.0898009825,7.55068484973
32.4506549749,10.086179462
29.5793393405,7.06241960367
30.0945044105,6.98174999856
30.0198554788,7.24324581329
29.3184772829,7.75557517845
29.7005664355,6.04567714519
29.0858686694,5.66169355966
29.9251325986,7.72196287969
29.9776263749,5.48116481475
29.5746296119,7.95288355869
30.0207965914,6.99153375177
29.1585743782,8.09444759054
30.4579239099,10.0020430452
30.0003456891,7.94083536539
29.0872608815,7.45677566226
29.0984174232,5.33360703369
29.1402841653,7.29234047514
30.0762884363,7.18557928634
29.4397664022,8.2558906323
29.4264078662,6.19604910655
30.0527902813,5.0627692051
29.9311501251,5.56383628909
29.7565600568,9.08573092899
29.0843321915,8.39258355172
30.0302297434,6.90112023956
28.8166746943,6.08099537518
29.9875997886,5.77092980747
28.9281465398,6.29684937143
29.2934221711,5.73450916076
29.2348483466,5.80548338435
29.4967139873,7.76531170194
30.0255201579,9.30567665258
30.1219318904,5.67989031076
32.1275895786,10.1431475939
30.0659109396,8.53491227801
28.8572754889,6.61046752095
29.0471936838,6.79769788937
30.1509866166,8.08057188072
29.6057414909,7.84937647802
29.30012733,8.68489724418
29.746986845,7.95816938956
29.5090450715,6.41443308598
30.0933086975,8.44911128023
29.2594060355,6.56315055535
31.3768943958,10.0911927837
29.5982040472,7.50551581792
29.5978984481,6.3669768936
29.3313145651,5.36279729788
30.1392685816,6.83487615242
28.9593274502,6.92835346753
29.1860902449,5.46937593762
29.7656162125,5.06387816583
29.4890757889,5.42509285099
29.6124383537,5.95663789934
29.3525935058,6.98623247921
29.8634125462,9.06656720081
29.0197827519,7.16916498082
30.3833096052,9.70578197888
29.1207141371,8.76913805457
29.5109148736,7.66399507753
28.8749811451,6.9329169531
29.0353198723,7.3744387576
30.0795352121,5.46461911205
31.4015156025,10.3066664294
29.24166076,8.48783066343
30.0947637226,6.43037364125
30.0143583363,5.67417571465
30.1717140975,6.62851820749
32.2370600956,10.3570401276
29.7561955223,8.51242354087
29.7562379446,5.70935614396
29.121916139,7.38657337262
29.669418184,8.59575797437
30.0524643813,8.90487665996
30.1004886986,7.64003684963
29.5081180385,7.09235698123
29.294960237,7.65199441615
29.8537261787,5.5725062574
29.6200702358,8.48858263147
29.419482797,8.44044473643
29.559255907,9.03316650408
28.8696824179,6.0393829177
29.5563208677,8.69420958196
29.6199738763,8.67257164828
29.6823499018,5.65640353577
29.6227254707,7.3828980123
29.1982633819,6.6945328598
29.161553599,5.84808405544
29.6719793717,7.94095993707
29.9591145089,6.53586950727
30.2427396411,6.66429574641
30.4667527459,9.77130899497
29.8106495353,6.46414290378
30.6756203856,10.1078142157
29.3968311956,8.91917033854
29.1452274513,7.1648095925
29.4876106883,8.68198541854
29.9908437524,7.86462114238
30.0290120961,6.79237046062
29.9337394528,9.10698652898
29.9717049774,8.31926109303
29.84737761,8.20027243653
29.4502708393,6.31532115481
31.5843936237,10.3505300447
29.9120985432,6.40717558543
29.5026203011,7.42084460693
29.0272509931,6.89848213561
29.049425815,5.11722073598
29.5610380654,5.91775693701
29.4873268087,5.92400026016
29.7530034785,5.21054093536
28.9358620527,5.02522342457
29.8093175665,7.93144029591
30.1816152585,8.40692706081
30.1601100184,9.03126595645
29.5866020034,7.73962539593
29.1309712971,7.53389907669
28.8272738642,7.39375052303
30.0098622665,7.34613362392
28.9936825439,5.87357760414
30.7731246535,10.0596570084
29.3945725981,6.51567873126
29.6529295558,5.37758398473
29.6166891974,8.36537047481
29.2187671507,6.48572231883
28.9024260693,5.71283156945
31.3600000748,10.4919196277
29.3425738627,6.34714596364
31.1739746946,10.4521822875
29.375414534,6.07374730858
29.7409321233,8.89483045453
29.2432270433,7.23681773255
29.9827087181,6.14216782769
29.711134741,5.46444792032
31.2513087902,10.3497465205
29.1048763777,6.17033603506
29.9631364755,6.66953693295
29.6409131088,6.85468328942
30.0900735049,6.63703712054
29.3870771044,5.55242352037
29.6012095199,6.97329505657
29.8476676989,6.02383532882
29.1741245487,7.46175815943
29.3392037409,8.19033269174
31.1696459109,10.1616302262
29.1593799907,8.3935970179
29.7301800029,6.30972316041
29.924202749,6.74282174426
29.2461208728,5.62754265879
29.3250063936,5.65559211739
32.0145620097,10.107694293
31.2767293526,10.4833092343
29.0352454325,5.59382859076
29.2834771006,7.84665301314
29.337576528,9.28668053044
31.7822130308,10.1970246233
29.4424982184,9.16642730378
29.5667448572,7.13907137745
29.6198070473,9.09733023596
32.5068917688,10.0153960798
30.1238770708,7.28168092559
29.5174279922,8.31022718238
29.9307532234,8.24244072146
29.2692287651,6.74113426086
29.8830036407,7.85652992749
29.4418363396,6.81518506524
31.4538844539,10.4405688965
29.3694394263,6.71684263587
28.8288579424,6.48574685569
29.793541117,8.02098223836
29.1641886551,5.37879545083
29.1120786309,7.93503446892
30.1227111146,9.27521487348
32.4558249766,10.3368312161
30.5761195529,10.1716005376
30.1460795487,6.71147720727
29.7486005639,7.90443749226
29.235692489,6.08268235139
29.5890510459,9.16233809367
30.0372277776,8.2524341036
29.6623853069,7.16109147025
29.1238521851,8.48649234732
30.0067594613,7.66722375514
29.415908964,9.32187813255
29.3859995634,7.06978803201
29.0337229192,8.45032274068
32.0672347648,10.4376591283
29.9941660551,8.47386002561
29.5146192476,5.23244795253
32.0757392598,10.0994802331
30.2388315145,5.05442933423
29.9456985515,9.21645885462
29.114682118,6.94655422049
30.0475998269,8.12738946109
30.4380780719,9.90491591759
29.4412675826,8.83943195407
30.0857706604,7.92173441065
28.8992991694,6.40082365117
30.1116263396,5.88032709334
30.0741363853,6.3061618657
30.1733554716,7.14300324265
29.7909745033,5.53034760402
29.6834376166,7.76643483039
29.5924747341,8.85250857366
29.6869609655,7.31869511502
32.3959401246,10.2271852531
29.8237920986,5.92437952602
29.1444794254,6.11087387986
29.112052335,7.82319451727
29.5187013058,8.77037379929
29.0670813716,7.0548323069
30.1461328199,5.03946220075
31.9515020675,10.4598280782
29.4142392585,6.42719899501
30.1843028034,9.43145782416
31.5405510711,10.1699132305
28.9525694468,7.01603600212
29.3958643867,5.05348927333
30.1369639284,8.7130380208
30.0492634882,5.5303276288
29.6329191828,7.63888901074
29.4644815768,8.61503317467
29.0636889309,5.03244272025
29.0334311599,7.2746249276
31.8563875938,10.3310819161
29.9104374412,7.61110205738
29.6016741124,8.94768793379
31.9868243947,10.2265232366
31.0450367944,10.3336523616
29.6104538455,5.06319735523
29.4332664231,6.56276278749
29.0292284954,5.75374543209
29.9466255726,5.12785396397
29.9571709038,9.04634984039
29.3074013486,6.17774052723
31.6875045138,10.4237125445
29.5214638199,5.13706893936
29.5495046115,6.26800645818
29.1600040902,6.60269100044
29.70710984,6.63963992011
28.8302181187,5.75650584833
30.1068406057,5.38125364421
29.1555132731,8.88004351579
30.1798186894,6.46924225032
30.1736981034,7.02883334318
32.7044311623,10.2240630928
29.6985249988,6.51750830107
29.9990287504,7.7435105453
28.93909958,5.47059225304
29.6872926833,5.13147644214
29.6525569791,5.79262424331
28.9672629297,6.06248244916
29.2745680366,6.6553262485
29.6974626165,8.70595776588
32.1718702525,10.4517712557
29.2737596805,8.25855056448
32.8831276102,10.0504574171
32.7966336346,10.1435897525
29.2215312628,5.3848458684
29.9428185167,7.93435083902
29.9200613962,5.97584753409
29.4379529509,8.52730763865
28.9449488234,5.29282043167
29.0134323993,5.33358885097
30.0840007054,5.74486250683
29.478421343,7.54686102582
29.7512900476,8.60465878318
28.946195527,8.14647896532
29.5275572373,6.68705347405
29.7888487849,8.97115117353
29.173069217,6.00062476834
30.0948185867,9.69165244908
30.6882191568,10.2302931793
29.9956192925,7.16926128885
29.0364270894,5.23692690292
28.9652988007,8.03710043733
29.7659755619,6.83267778894
29.5164696789,6.59449863965
28.9350513259,5.96463690408
29.8674577805,6.67166765207
29.6309460267,5.49459799156
29.1388300722,6.48458614686
29.4309727786,8.18035131604
30.8769659988,10.0446522364
28.9573242831,6.49459164685
29.5949415727,5.65778095317
29.7653029576,9.28670964361
29.214735205,7.7495702778
31.5186503064,10.5487212791
29.484576509,7.88104325557
28.9010730869,5.88795561863
31.8855903412,10.2050357759
30.0541020498,9.43471775585
31.9649226508,10.1448911095
28.9966338258,6.38641380905
29.7086929851,5.55565502405
28.9954225162,5.04055187265
29.3370829772,8.43644852044
29.9024373305,6.50143678307
28.9441740343,7.53009496811
29.7587141356,7.02462672259
30.1287363426,7.4554938475
29.0227475664,5.96033408125
29.2480439889,6.39635540025
29.3628634553,7.20733663457
30.0691258724,5.59117250116
29.6642950778,9.21775162406
31.4866889341,10.346707512
29.4385255222,5.63148174984
29.4280321111,6.94226168454
29.3960005634,7.46686864339
30.1393221707,5.60309478975
28.9567589053,7.31697833824
29.5617979794,5.33035565778
28.9065555111,6.16921963026
29.9558030649,6.80048707339
29.6169938061,8.11502744274
29.4754624538,6.1053987747
29.2920332925,5.54308414025
29.7920060053,5.45139579586
30.5296536333,9.95684014601
31.9000197,10.1264072589
31.6702275239,10.3206302264
28.9528614059,8.46937736673
29.3701730252,5.25548733816
29.7773846969,6.22702824144
30.0372001025,9.03754826826
31.5473249567,10.4381509447
30.0272249737,9.1366106843
29.4214083236,5.16756773106
29.1503264592,5.18835201289
30.0498755128,6.58651033678
29.5201743624,5.73260888748
29.9121879494,5.72996100424
31.8128878779,10.4595003802
29.7053478316,8.81203449715
29.2133832651,6.79010849674
29.3300595126,8.5356477852
29.4180982171,7.99527554025
29.9828499786,8.57865648208
29.5989302621,8.26960213562
30.0695204369,7.71624659544
29.377003483,8.62672743835
29.2812405275,5.06139408312
29.0852183216,6.38008192715
29.9305528747,5.84430668303
29.6177799074,8.755064082
30.8658297745,10.1657083456
29.3917304463,9.21831169526
29.9087297134,8.97131167639
29.8170258585,6.34359908096
29.1504633853,6.31834017231
29.6764039378,6.75157491367
29.3177807059,7.32524443917
29.2175642074,5.29227825219
29.2820328476,7.44668935175
30.9704460092,10.2759681317
30.0519003062,5.17790558794
29.054505317,8.12937321069
29.0309677077,7.72402923491
29.8429742193,5.11375817931
28.964085398,7.93808762278
28.9658984223,5.66181818665
29.2059935806,8.70205830077
30.0597850234,7.80560390281
31.6955472387,10.1243917162
30.1765586512,6.02306649571
29.9990257933,8.9652817252
29.7831689963,7.58199818673
29.6949921388,5.74349894191
30.1145746562,8.87222325343
29.6202606568,6.58811773185
29.0917597157,6.86878112265
29.5040552053,7.96827695867
31.3603436235,10.3995199098
29.7085844437,5.95433869839
31.2582317826,10.0115191115
29.8223823658,5.266807927
29.2296770136,8.04104672641
29.3306970393,8.8526157615
29.4074262732,7.37554237474
29.753844295,9.18101007583
31.7407836256,10.1555607635
29.5584933242,6.77540468125
29.9573170587,8.86834574522
29.3751285102,7.89310692381
29.1628057233,6.85189488571
29.9301639901,7.09538399925
29.8527698074,6.759615397
29.5171030244,9.31878087742
29.922646489,8.77064863988
31.4253592906,10.5140752116
29.475593451,9.01014690077
30.3394618123,9.95846111568
29.0735631245,6.61768678319
29.4595921578,5.52802029651
30.1887513949,9.94686872468
29.1552481065,5.06462451748
31.6535364214,10.2048237903
29.9608371314,5.39024138235
30.193885425,7.36812298515
30.0241577214,6.63532377358
31.5979344689,10.616120282
29.9138637804,9.59891839877
28.8777287636,5.58244512544
32.3516486381,10.0110358162
29.5319285968,6.1732618178
29.1188374907,6.23825570165
28.8738346842,5.03814598967
28.9512879002,5.08956558138
30.1821872981,8.91574587836
29.1286856182,8.61129295757
29.0207672796,8.55002485194
30.3656881353,9.60306984138
32.4861758388,10.2495160706
29.2946045465,5.97845391049
31.7408486863,10.0817093346
31.190842237,10.2931545042
29.2208441472,5.70087949182
30.1499466977,5.8060552699
29.6593368011,8.20524746737
29.9807802646,6.59361437442
29.3032578995,6.93766369803
29.6559000881,5.27526853797
29.0938811678,5.83158973534
29.5101345257,8.42656267795
29.4080268824,8.11581047262
29.2289519942,7.31650610948
29.0221019257,6.15631007103
32.1162766093,10.3445360923
29.9710918482,5.23018166892
30.0036536467,9.60688129544
29.7889107345,8.67228819233
29.3483668945,9.10307541028
29.8786788448,6.25634633387
29.6721675841,9.0129842103
29.1095201566,8.33224513257
29.4159667714,7.29601618126
29.6380706303,6.02234025353
29.0639666242,7.99294921239
29.7023037269,9.36677437876
29.36819677,8.81236126339
29.8028500928,6.57904856918
28.816378326,7.46411232619
31.3772135202,10.658081636
29.1075939467,7.62903140634
29.2820806235,5.89019150026
29.2962714229,7.01951163265
29.9404004855,8.11168745344
29.4542043593,7.15158443009
30.2532340093,9.57628319692
30.2699942879,9.74664281671
29.0999136593,8.05219007879
28.8698920765,5.24364806572
29.7838034497,7.79122166779
29.8178383205,8.42057993613
28.9885121987,8.36755987038
29.1557256728,6.40745447906
29.9173065969,8.39536737716
29.4455256877,5.31637319483
28.9402602374,5.75792571146
29.2962220486,5.18482314907
29.8390657778,5.83448571839
29.9672956153,7.80005857307
31.9051457994,10.3758832125
30.0023409728,6.39908204143
29.4546331949,7.2233834509
29.3189170974,6.80002952503
31.4472010051,10.2164145818
29.7320935205,5.39202890829
29.4718237825,6.02325826876
30.1986135355,6.38651042066
29.40425726,7.79691940123
29.2648142039,8.87739935036
29.8413809322,7.03633386056
30.0379304463,5.3062026939
29.7062524099,8.01994078259
29.5508643124,5.55569512344
29.9848111456,9.52773445172
32.2956647822,10.1964578694
28.8300788988,6.70702617362
29.53260197,6.89085812543
31.4626810137,10.1031065866
30.1044844035,8.9759729095
29.7578268445,8.22421618485
29.4074923601,7.63506130004
29.630796972,5.58846071901
31.2501195021,10.2307932907
30.1348791569,5.12357364635
29.534892582,9.11676589882
29.6233761531,5.7253480318
29.9944008575,5.92006801286
32.3199203269,10.4393926472
28.9091671104,8.56093358523
29.9196977239,6.31810333756
28.9451702185,6.6486473518
29.9854976454,8.70184463388
29.4078692236,8.73631365998
29.8197055717,5.75737930152
29.5179148853,7.19241295081
30.0809237521,8.63656591611
29.8653041353,5.20487073412
29.3058237513,5.45129258206
29.1398187957,5.55660014085
32.6112550557,10.1568935676
30.051780252,5.8136651413
29.7553103863,8.35794883743
29.2038977996,6.92500459658
29.19345637,7.90845639732
28.834262033,7.17383870126
29.2617043619,5.42114872067
29.6546372623,6.0918204269
31.6204321094,10.4065498707
31.552974998,10.2629823805
31.0288133233,10.2221833414
30.7696006449,10.1610300215
29.6732589917,8.90981574114
29.8641268345,7.15481027092
29.2486377605,8.60098245205
29.3283433298,5.83899712217
31.7701259044,10.3636173662
29.7794560883,6.0965309556
29.0418752064,7.54079384354
31.9999556022,10.3603377839
30.1606419037,9.60167879163
29.0116493858,7.46345023021
29.1929542841,6.18833640267
29.8356957091,8.75871773309
29.7134861229,6.39659606045
30.1758401366,8.61563315407
29.6280571825,8.02382873676
29.2290143576,8.9766954022
30.0534145852,7.08019655492
28.956136245,5.55340701569
28.9378753882,8.25523179112
29.0460398165,6.29178528989
31.0559264684,10.4441630161
29.5330927885,8.02844569297
30.0300081507,5.40082311107
29.0385888443,7.90655159657
29.8429533093,8.30702326126
29.5056357488,8.92922126379
29.6728045194,7.0513767004
29.8385005952,8.10984180408
29.4604865456,9.08390459724
30.0124657736,8.38337292799
29.7759759412,7.12564454293
29.9210720826,7.19218083931
29.3476156577,5.90460511394
29.3160932965,6.47967110456
29.8834204158,5.42498859303
29.469107322,9.2531914336
31.4085946737,10.0219136428
29.257984263,6.85816843515
29.8641821393,7.52666795054
29.3722531595,7.70698777875
29.8185599565,9.54487030206
28.860308313,5.50081749517
30.1183895552,9.35190993815
29.4743621781,7.03076727336
30.191314604,8.98822432786
28.8766193123,7.81822451165
31.3433369422,10.2582594574
29.8860937182,9.31832462822
29.1112874115,5.41291495053
29.1818302272,8.29828015269
29.4357012587,7.71594410022
29.2412062501,8.14478690219
29.3180055043,8.32214787253
29.3905150681,5.75296808184
29.9343926047,7.27074017173
29.8137295308,8.59245434068
30.1485286291,7.74336566481
30.0866135117,9.21024085634
30.1816597202,7.84840293401
29.9027359743,5.31166295339
29.7608118887,8.74630653242
29.6934373589,6.1597021451
29.8716380707,8.90325560705
29.5298023403,8.51959868127
29.8085655397,5.36550415598
31.3390721204,10.5667019232
29.7392257486,5.31440541243
29.9671408975,5.0336625584
29.8936807554,9.14885892306
30.1978871299,9.66715373689
30.0570261248,8.79200893779
29.8032503035,7.45574271071
29.6068853028,5.18164484115
29.8322771123,7.2434547989
29.9508913338,7.52558787841
28.9248598907,7.41893040651
29.565755207,9.2501360017
29.1264615015,7.71733218005
29.2001908883,5.55975895428
31.0685487575,10.5866896124
30.083012556,5.97119544572
29.9316661043,6.97492520284
31.7326340952,10.2637949792
29.7648663022,7.34388129956
28.9837027091,7.62113701811
29.2669964762,7.12002790764
29.3852794652,5.46849357426
29.6140549092,6.15469228945
29.7124827097,7.42015023108
29.593030154,5.79581153698
28.7926220814,6.36345938093
30.4330677436,10.0804495289
29.8281940722,7.69079946651
29.7787080955,6.72054571472
30.1161644571,9.15027762062
29.4986828896,5.04940504546
29.3252055078,8.07501876126
29.1722545892,5.62515023532
28.9583415363,6.75866821389
30.1229464464,8.16645787497
29.5853252248,5.42365792421
28.9039425235,5.81939708864
30.8389175062,10.2743181415
29.0587135446,6.45704545267
29.7449639997,7.70644726562
29.5662286359,6.07731507609
29.521089526,7.29137493194
29.6296477582,5.87108276979
29.3584591254,6.59902887055
29.8225717968,6.93595374896
29.6945086162,8.29463387891
30.0552618497,5.88504585991
30.5266212719,10.0688769205
29.4128356822,8.35264830481
30.111123359,5.53712623307
32.0475316111,10.1634035775
29.036882148,8.71902252046
29.9592931347,9.38921945568
29.2932982537,7.96128032557
29.5599429901,7.58760239513
29.879214057,7.95877728651
29.8485008004,5.49961710589
29.0619525738,5.49932509031
29.4144109491,5.86560048512
29.9728492467,6.25021434436
29.8262747024,9.15050049394
29.9002266038,9.46384930405
29.2893177592,8.78063190362
29.8918314457,8.64071121168
29.8596450144,5.66170429908
30.0366955043,6.51720376873
29.8852453225,6.84443038096
29.2055260859,5.9112310222
29.4352382455,6.6321793772
28.9909304465,5.41293269056
29.7284569979,8.11531026787
29.1421994859,6.76190388156
28.8701222119,7.32503275897
30.0804117014,9.57236602736
28.8059819023,7.10776455897
29.4775802177,6.49973655963
30.2342903777,5.83119186854
29.4022583162,9.00718331762
30.0022569342,5.57255122627
32.2982022889,10.2792811464
29.5126870342,9.1814283
29.1281618355,8.69966638803
32.0868669283,10.2362580934
29.8788567725,8.82099508729
30.6663194149,9.9642330068
31.0966103021,10.2727099241
29.5312386442,8.19139640159
30.6162420599,10.0192752173
29.1517771267,8.00098528206
30.1304124747,6.55208216084
29.9974316898,6.03940981617
29.9716522389,8.01091127866
29.881715722,7.35878447721
30.3689063247,9.82361660007
29.3251148895,8.96058750062
29.8497076906,9.22313312222
29.5532241859,8.60616086607
29.1010012738,6.68527824197
29.7065095509,7.85340462531
29.2167669702,8.22205064911
29.4740530766,8.08310957214
31.8138154119,10.2679560968
28.9323716159,5.36329080855
29.6906442907,7.57159410457
29.584649636,7.21097127011
30.044710598,6.70251294656
29.9039617854,6.58360233368
29.9122680451,7.46326564235
29.6307802578,7.277393057
29.6734018759,6.32044938857
29.2196943737,5.1331242868
29.7132404752,9.44125354703
29.6045778927,6.67547334343
29.3074441454,5.274136369
29.5440773826,5.98569596214
28.906320107,7.12555652416
28.8703984144,7.4898947387
32.1919013742,10.2510060966
29.3700661644,8.27271517841
29.7064438754,7.50111113265
29.874328559,5.04626096406
29.7194521916,7.24885241947
31.1564123841,10.2405386807
29.7402642431,5.83267398251
29.0515198505,8.65468589072
29.9833117258,6.33481685074
30.0982914731,8.34556926501
30.2674435978,9.86750373121
30.0220104292,7.47341596451
28.9715439997,7.82830547774
28.9301194759,7.23083217925
28.8803294074,6.77982947014
30.9551089044,10.3601555256
29.5775876393,6.48749002658
30.9581498489,10.4406478891
29.5323907485,5.84483418312
30.1806125832,8.51797554133
29.9231909413,5.63380112988
28.9040553128,6.70478501281
29.0635552767,8.25558814051
28.9887145845,6.22778566767
28.9706674981,8.6502291814
29.3545355393,6.86944578236
29.0758826022,6.54339839281
29.0815959603,6.04247831429
29.875942684,6.16253850013
30.0641296976,8.02487022682
29.1483597116,8.1866658815
29.3553412218,6.26013770331
29.2229041822,7.55678194475
30.9595778595,10.1931702312
29.7807591616,5.62861724074
29.1002584106,5.93133086395
30.2667816564,9.39319028889
29.67948354,9.11296884737
30.1619154703,9.53155457947
29.1828843723,7.03324940545
29.1369213558,5.747529381
29.4618349646,6.68835420756
28.9434922549,6.84862514068
32.532877025,10.0974432477
28.8713155213,5.65201942983
31.140913976,10.3525427674
29.7204570214,7.65040989141
29.9848956832,8.18329989926
29.4033737146,5.96391046853
29.0019095735,6.59514369233
29.9107982985,6.07163586089
30.0324409046,9.81467316498
29.5158355064,6.97853106558
30.1041739609,7.37901265184
29.3152933979,7.54391291156
29.6483379572,6.24423952565
31.3435040013,10.1701977374
31.2670327544,7.83078641805
30.7285262396,5.63075968369
31.0864060808,9.11461718223
30.7269809075,9.02517593261
30.6449001328,8.29447345025
31.0027293022,8.6660221844
30.7829574136,8.00783335563
30.4014446389,6.0712085021
31.4912227266,8.15281773093
30.3948797795,7.96066617434
30.8941462256,5.61136128739
31.170599026,9.05321249338
30.4039251589,8.78796686265
31.5176375309,5.66608735981
30.8032427913,5.88309308441
31.2040628881,8.24869480756
30.9765430618,9.39654680023
30.891275912,7.2809508746
30.5941465943,5.19012519951
31.3179599612,9.88311814695
30.9682785592,8.8208402928
30.7171747277,7.47594916614
30.9368599551,9.96909210133
30.6032934914,7.21694619492
31.4007440803,7.51500004695
31.0065532704,9.89157240087
30.6245771194,6.29705917873
31.5250699279,9.67553372578
31.2870572665,6.08591504119
31.0127472798,5.47374202413
30.3567330819,7.72200811006
30.8574730094,8.3102054813
30.232566273,5.17260403444
30.3755371769,5.98820206495
30.7086224404,8.88701980705
31.0728741052,6.65318888949
31.4592143051,8.66701164994
30.2858226828,9.47198948427
30.945848732,9.62172089631
31.0817927474,8.88823868073
30.2340317102,9.04781358878
30.1697343555,5.41531744808
30.7992470642,9.47316550554
30.8498756241,6.77468949758
30.6915131467,8.70679140566
30.9128724949,6.723406635
30.2104606783,6.51917321137
30.4178223682,7.78776118875
30.2326985884,8.05357338862
31.3419602957,6.90324923117
30.9385578742,8.53116792177
30.7640023481,8.27849029429
30.2470094824,8.96639014851
30.3430515892,6.5670820461
30.8325824886,9.71704410473
31.2794321174,8.7215681408
30.7036567321,7.81072092337
30.855178876,5.5258615047
31.5390381373,6.38140190423
30.5199879194,8.95719611981
30.907285994,7.54487319337
30.965367411,7.35796129881
31.449276547,9.73923644228
31.1131513952,5.50032725334
30.9570409438,9.47766060329
30.3600041127,6.35537116044
30.265879874,9.15650835908
30.1940655093,7.97166138639
30.1894497537,5.34041356303
30.4019165954,5.73914207335
30.41003587,7.45042722792
30.3349470342,5.19228874206
31.2944549131,8.19267119383
31.203454334,7.21071404411
30.4584655016,8.40289848065
31.0813851787,8.15809597125
31.2951243492,6.4305661584
30.8203440771,5.76700017187
30.7335050953,6.93151378729
30.7041914331,5.82070910622
30.2597870885,5.49318910606
30.9566876477,7.57316855365
30.3438068645,9.25406092433
30.4611892007,5.0455489014
31.2744562383,5.18884240195
30.5089225301,6.47892113096
31.5043105437,10.0035847252
30.952956004,5.68151805733
30.6839377946,8.56313171239
31.2762902527,7.73880591987
30.5319100024,5.36163041281
30.7097537624,5.94141576951
31.009393059,5.06465353812
30.2553478864,8.27562723545
31.4712062211,6.72832207439
31.3571594497,5.22406685157
30.6043148485,5.93325520035
31.1640246461,6.2077298488
31.1158897532,5.59080350397
31.1556033657,7.71543963539
30.8140438634,5.64546034706
30.282383474,8.09796321487
30.8904610323,7.80082258057
30.5026634697,7.89007992669
30.8913840418,9.43601274002
31.0605753433,7.96386937884
30.7384876158,6.75377438535
31.4006646618,5.80035534805
31.1018429267,10.0994283376
30.5286708937,6.76166295471
30.7800641691,9.58149041807
31.3330537682,8.11880770121
30.6480181116,7.69129522371
30.922562394,7.7073073167
30.386696184,6.62867335899
30.6645949065,6.86438418492
30.4066674439,6.7514230335
30.3615204837,8.8655032185
30.6335234266,5.11486932303
30.3421554683,6.81025648506
31.2832299136,6.9735786005
30.8303317916,8.20822619675
30.3160621525,6.492079523
30.8813614332,7.89298126348
30.6405950613,6.02904224479
30.5210627637,9.84515342355
31.3802583638,9.10230420849
31.0665965211,9.79225034817
31.0869927881,5.69451209764
31.3671281437,9.50553894673
31.0901059197,8.66199383015
30.3437032339,9.0573624555
31.0225732206,5.26226551599
30.7318516803,7.37771659876
30.9689615735,7.9477663641
30.8771205381,9.62984576099
30.2450809081,6.21926395778
31.0357464388,10.1544367977
30.2321116771,7.30518565732
31.0124075313,7.564819476
30.9747559779,9.10760517893
30.2880522581,7.90131715659
30.1378785913,5.24776956467
31.0741632078,9.41715985873
30.9533806099,8.73527655381
31.3113376922,8.03239791507
30.9792141652,9.77207358221
31.3882393653,5.70724003768
30.4220848477,5.1432273783
30.9206479773,9.22942120671
30.6235264339,9.23141682208
31.2506123471,8.55009699585
30.9947392372,7.68143469091
30.6260666531,9.88826334143
30.9792014038,6.05402665076
31.1958713176,6.39062135089
31.1803752965,8.94992185426
31.1738265463,9.43996602451
30.4203082936,9.51605556733
30.6934484651,5.33936888848
31.0191708822,9.68922241803
31.0000182308,7.77413773958
30.370463371,8.47265467396
30.2022184857,9.24852960219
31.4547700774,6.05460145019
30.5185941417,7.77456711592
30.9461739115,7.63264751546
31.081232383,6.21465135623
31.0065703095,9.2119324736
30.5822593862,7.59431376138
31.0576686589,5.42971945998
30.7981193655,5.33822670128
30.3771472589,7.15695291493
31.0324877364,8.05106974335
30.5530485795,7.13890259806
30.9551134192,8.36979449238
30.9417147376,9.30286714614
31.0819019357,6.78036733992
30.7026802458,9.81336772597
31.734373635,9.98970811657
31.041688323,7.17624443583
30.7940612327,7.46640514046
30.2610283708,9.32161283153
30.7542304217,7.55103749946
30.6080302437,9.5727168942
31.4761518483,5.50570563657
30.7335663935,5.54328841222
30.306977771,8.64966428513
30.1574112529,5.47669109988
30.4661692267,5.68542183443
30.7079273223,8.01063415081
31.0207227046,9.47681236392
30.6435232963,7.88575661357
30.768268968,7.13293671259
30.3931824189,5.8245083174
30.7107250674,5.03043712745
31.2922516294,5.27367480299
31.232436243,5.79026231456
30.6286566211,8.18234502592
30.6238543588,6.75356149099
30.924293848,8.28898197581
30.5096872617,8.08672866792
31.4185570149,6.3653965614
31.0535505262,6.43477367591
31.5032981282,6.27753956639
30.5828636986,5.48157630229
31.0327082245,8.45670547641
31.2238162202,7.27454298441
30.7663676616,9.75064728649
31.1188990308,5.43106741274
30.3410397622,6.43459198981
30.2520840743,7.08213065826
30.6248834133,7.44715890832
31.3935735749,8.8711808028
32.3454860259,10.1092719849
31.0303245374,8.57604390347
30.7822896137,9.8246858951
30.3488116658,5.50352370305
30.4676856178,6.95396264193
31.4447508334,8.95809712214
31.0994858774,9.5250853336
30.9327626932,8.05137845028
31.3124666343,9.11565453655
30.3685087982,5.66690651411
30.6746244661,8.79425607737
31.4905516229,7.3306475048
30.4786672575,8.20500568572
30.6500201715,5.64237665952
30.4961152462,7.05530862248
30.2708673758,7.55682272781
31.1630182442,7.00835311825
30.2833241693,7.77583966413
30.8870143158,9.54052441047
30.8037858486,7.30147407439
30.3979872082,6.49343164835
30.9517864195,6.16046275184
30.3096030349,7.27682069517
31.1996406684,7.43792470946
31.2244343954,7.63236207086
31.3897846855,8.65125032093
30.9680534015,6.46950972813
30.7008984026,6.21177272144
31.0021281424,5.95137994164
30.6110710108,7.76930730757
30.7992109534,5.97234929072
30.5354586292,6.86816481324
31.0350913765,7.51269412576
31.4504210305,7.9504140775
30.4066174,5.29852483343
30.273121845,6.00086259794
31.2998203274,7.21672411844
31.3747660243,9.18831175774
30.3578465572,8.39091293189
31.1738935964,9.58620022381
30.4548770411,9.10610966865
31.4145650742,8.06597947679
30.8650512132,8.55945224262
30.7837695029,8.56854947959
31.443672127,8.51080383317
31.2676651592,6.80704426058
31.1619989941,8.16173330672
30.861644838,8.72494735659
30.2293681245,5.61082414361
31.5908022402,9.97676662239
30.553014351,6.65926702144
30.3980795615,5.53455374809
30.4641520823,8.31527304876
30.6316677394,7.99683926678
30.3103721744,7.48410541766
30.8478283435,8.47270372454
30.6562310847,7.14340963118
30.8890038084,5.84572232438
30.2684100184,6.53334933859
31.1798527411,6.81177381229
30.8165023197,5.20889306924
30.9580916998,5.56807395912
30.8921186154,6.66903049061
30.4883690399,8.2688026158
30.7352118962,6.46739134259
30.9499173606,6.3808719099
31.4726094162,7.24095795201
30.9450373003,7.12979773571
30.4628585857,5.35693516193
30.9562139159,6.78585662048
31.3289971666,10.0347926697
30.8019106989,9.94820037434
30.5746481324,5.03251724002
30.5163340792,7.3050567617
31.0271107704,6.54442098501
31.3063385644,5.6383674849
31.2005517764,7.8760983012
31.1189264198,6.53012125063
31.1899684997,6.71178475
31.1240549537,9.88277970525
30.7241142275,9.98756840113
31.3942446515,5.48620204602
30.8687954538,7.05145025066
31.1345323746,5.24592459018
30.1938986411,5.91631739539
31.0788951773,7.55590170998
31.0732240015,8.34878586586
30.7658113313,8.93791127907
30.9042623921,9.08625422194
31.332200892,7.11002079792
30.5369501992,5.11108688107
31.3670069772,7.89501598302
30.6599908851,9.12601465664
30.3986822672,5.43337294939
30.9019716593,8.88184406156
31.2807835677,8.92006694663
30.6080089466,6.94314584826
30.2158601026,6.58554729354
30.992869998,10.0612662386
31.4689416985,8.80819998453
31.0953325109,9.99323944244
30.3549187199,9.37866459336
31.3611794843,6.01990572596
31.3468544019,9.27191963573
31.17636836,10.0369047373
30.6289166052,8.65124886257
30.9841383839,5.37807524527
30.5471847794,9.24484920837
30.505156151,5.21327675679
30.5024397607,6.07303864129
31.0297060172,6.16117508892
30.8529903821,6.18765983602
31.1995704067,5.45668915689
31.2305544372,7.14435343023
31.4567997909,5.6919842595
31.2594909583,5.5370853996
30.4189620498,7.32647817507
30.2986726758,6.07917349795
30.6512404777,8.48763745689
31.375529471,8.23260807565
30.6329109474,5.7370608561
30.8932993729,6.28765756756
30.7361082754,8.47482640597
30.6085322071,9.40508409687
31.1052672622,9.71892990398
30.3856202806,5.03133350482
31.0007441839,8.27754499544
30.6438240248,5.03676840637
31.4223771284,9.45192067479
31.3566719283,7.96372857543
30.7357483581,8.07210534866
30.4203379913,7.22501050823
30.8158437395,8.65169847397
30.2888430373,7.16844302799
30.8709075904,7.98871024114
30.957231928,7.85583570624
30.9678651078,8.12414370452
31.1965953202,6.28723777981
31.1722865164,6.5998206283
31.1372712327,9.3481144694
31.1339949993,5.80913444756
30.7170489031,9.41107152801
31.1112741266,7.99657623108
31.5055767194,9.49226686305
30.6678909964,7.60883679574
31.0933709714,7.46222983414
30.3447306958,6.88556020353
31.5596019384,9.90942848234
30.3272690562,5.10600214584
30.6731737607,8.05826151122
31.0362164688,7.39064210934
31.2394379851,9.83526232281
30.2438604482,6.77092653906
31.3237649494,6.54909568474
30.9352390237,8.4507370978
31.2285544387,5.87232427356
30.8465087964,8.95026813194
31.3870802795,8.74574225802
31.1975556851,8.76883323403
30.9602307999,7.23371729163
31.1875903498,5.95466049226
30.3208587226,6.63760545953
31.3007270382,9.95590836366
30.582505488,9.67502651226
30.6815849029,9.72122550019
31.4222633504,6.58221032461
31.3150097437,5.44162487127
30.5069229668,7.22474448866
30.9658845684,6.67321992598
31.0596959522,8.77328736567
30.177395338,5.54328765303
30.6669090816,6.38806444555
30.9116140838,8.6361440589
31.3028807952,6.71303782809
30.4209736742,6.16641454352
31.1213275243,7.91797225427
30.8606099979,6.36569908054
30.4398859616,7.87979928264
31.2055636646,5.60288001274
31.4202227059,7.07645336367
31.4275350126,7.83097441504
30.9420747988,5.46659709925
31.4344934099,6.96749803988
30.6975245197,8.38796387045
30.4818437463,7.71619899481
30.7439076807,9.20745086769
30.2000040679,7.6349091116
31.377694885,5.33408329319
31.3772696473,9.68522261133
31.4442658957,9.27951563986
30.4133946765,7.67478829296
30.4855394459,5.52796366552
31.0493512906,9.60411908899
31.3804373401,6.46874701993
31.0967297415,10.2014717436
31.2229784463,5.34458365109
30.3159290461,5.89410384814
30.6791301676,5.44538826338
31.2232010618,6.5063048133
31.280871488,7.52209850196
30.8605127005,7.14420507625
31.4118056328,9.60365457623
30.4216519712,7.0161996073
30.9655888927,7.46153942366
31.0034325959,8.19011032461
30.6867817677,6.55341167789
30.4358118048,9.00582704094
30.3581255024,6.96134527062
31.1934253446,6.04862809432
31.0660051361,8.99575939547
30.6828344815,9.62235284563
31.1917844152,9.6493506563
31.2993080607,6.31952502512
30.3923298403,8.329901349
31.4760657381,5.34378718419
30.4742926199,9.65911321343
30.4185306397,9.29867225346
31.4789431777,8.32654269207
31.1379987136,7.25780879375
30.4618359972,6.79992406539
31.8120291287,10.1246933213
31.4681978741,7.60829761181
31.3962370677,8.16243700069
30.8788246645,8.12498268051
30.4194288342,6.87346330608
30.8259295505,9.39309489826
30.4025164483,8.68964315826
31.3482015794,8.95563877118
31.1393618325,6.4627535828
31.2044330037,8.85995908561
30.6938130196,7.07652094191
31.4645069621,9.66101919917
30.7663988968,9.37734429504
30.987464272,8.89960798941
31.0143414771,5.78304144296
30.7500579304,7.01557420962
30.8990758186,5.2934959225
31.1214271418,5.90646957447
31.0298056077,5.61753625575
31.5606621893,5.48466424239
31.0902428924,6.94001599924
30.4694301463,6.7123331896
31.3991449711,9.92121987429
31.4267504888,9.53572439399
31.3951128006,6.25367314257
31.1652013259,7.53726477227
31.5004612387,7.0880665072
30.5704678306,5.82718184253
30.5990106142,6.2134313863
30.4598335258,8.86792525468
30.5592671112,6.38530201038
30.4541648802,6.29493835481
31.366921428,5.14927380225
31.0367065571,7.29415739476
30.1477809116,8.24897437603
30.8995561829,6.87814095445
30.2761711588,8.45185229739
30.5767637305,8.74450742835
31.2496288062,7.04955635559
30.5997967376,8.4120080688
31.3681171081,9.35744848264
31.2025686608,9.95575509736
31.4331051399,9.12673889869
30.5694263594,9.0835099137
31.2930815524,7.95332076639
30.9288764899,10.1259677268
30.3110529076,8.34056689059
31.3573924641,9.80118615316
31.1301071159,9.24018626762
31.3667000983,8.48567475819
31.1867906298,9.73268122262
31.2443013124,9.67078057127
30.8224324478,9.65507352837
30.9941100607,6.25262844557
30.2186783025,7.70943664024
30.4557749676,7.14504770731
30.5014477638,5.43256812966
31.2802877593,9.01969086979
31.1844816444,5.16443286992
31.1863709426,8.33983925734
31.291042623,7.31822244546
30.7805125961,5.43644576976
31.3471122314,5.54037241219
31.4297339041,5.42594101715
31.1250115579,7.36159101693
30.7898373823,7.77160689091
31.1410528371,8.58773855888
30.5180474129,7.51916953034
30.5264892227,8.4659118188
30.8730224303,8.38580873127
30.185099532,8.31942238016
31.0674469719,7.69953215837
30.6148018703,6.58293121041
31.1759583289,5.5389860126
30.5162227053,7.39587675975
30.2503150701,6.46382795299
30.9688600619,5.87269211963
31.1474882775,9.80423339768
30.8660177567,7.38564589322
30.9800937619,7.06281601641
31.3784352218,6.10919509979
30.6092449789,7.04063853348
30.3570226652,7.21108851111
30.6536256915,5.5166220824
32.2601657931,10.0219413414
30.6032697262,8.08969943315
30.1716040653,9.17356634746
30.481533838,5.94686269472
31.3066733999,5.11390074832
30.7129225017,6.31281917549
31.1153460767,9.64369546244
31.2530941507,6.21829288788
30.9111075233,9.70234021
30.7248250036,9.89594303621
31.4452937424,7.71451390004
30.5534301976,9.77659207237
31.3483119149,7.63882068539
31.3113978792,8.64719424309
30.4118536308,6.68535358101
31.4552369887,5.17190743958
30.345057852,8.28838128875
31.0410998784,5.53930780658
30.8191101142,7.85193749275
30.9094201112,9.79032911092
30.4183600483,8.26069865699
30.6744224492,6.65380091282
30.6343934952,8.95234296771
31.8700069638,10.072311154
30.8878547079,9.88428021782
30.4833906621,5.76652122678
30.3069892263,5.4026239611
30.8355858265,9.78319318868
31.5713899787,7.09049823075
30.2187022924,6.12185287356
30.5707150259,8.85189555088
31.3430084707,9.57590399529
30.2709271315,6.31077484693
30.1786146434,9.10971885393
31.1123739245,7.81515089043
30.7271828251,8.64439373429
30.5434054306,5.62465650446
31.1084832791,5.34705395757
30.7937622743,6.27454480681
30.2941644018,5.67594334019
31.9454873298,10.0648263483
30.4426655676,8.13980815047
30.8550719179,9.1643750938
31.2032161685,5.70214734829
30.5748302271,9.01887320655
30.2094134379,5.71478427636
30.994292995,9.54942600857
31.4221920326,5.25172809125
30.5500895683,5.72073173634
30.6977080492,9.31586042835
31.1345017625,8.07820175039
30.8901702896,9.36057015498
30.164349123,6.93819013744
31.2120176937,6.13622214234
31.4739095307,6.64314642991
30.8083130992,7.9268315476
31.0534820883,5.87937683442
30.2409677802,5.4005449426
31.3391740199,5.89804286188
31.349355604,6.63891269067
31.2701028177,9.38973586151
31.4462021419,6.86312799436
31.3405516487,8.39065617863
30.683070197,8.12047455675
30.5507944123,8.23594658715
30.767867449,8.72976900728
30.5005082703,9.34123292226
30.2557560146,6.89000391835
30.6801469516,5.23212577618
30.3539690651,6.25464422282
30.3558681514,9.46910855929
30.7783153935,6.37164962233
30.5246915243,6.18128023511
31.092519313,6.00076367544
30.8898366766,5.05526808508
30.7298843254,7.94410835498
30.3473469623,7.07070441156
31.2041206095,7.79602680353
31.2559276878,9.59735426841
30.6058671279,5.38803851462
30.3477594217,6.10869968087
31.1468946481,8.82623272752
30.8059285474,8.08247139649
30.8456223696,7.70726423513
31.1419609205,8.73301065986
30.3698081377,9.15630334683
30.8280817166,5.11341129538
30.5181216275,7.64468607732
31.2131158491,9.30888669522
31.2140325304,6.91216987032
30.8005568808,8.84093076553
31.2223818532,5.0620357421
31.3472083097,7.01515902083
30.1833824051,9.32640178328
30.4704309061,5.84575082587
30.4264678677,5.60914466394
30.303452666,8.75934733279
30.5849463282,9.50130591872
31.2636885378,6.62664696549
30.4508639747,8.03704407808
30.8284142815,7.22211804158
31.3991575684,8.3067314512
31.2971265905,9.65965833001
30.7843200832,6.86074995472
30.8649747088,7.62971393479
30.4410717391,9.41230159849
30.8354663443,9.04638633049
30.6111341507,7.32220375819
31.2541977832,10.0989932923
30.5170687425,9.04181826019
30.5452457068,6.96710472642
30.2904531359,5.28768435663
30.8147470612,6.67598506253
31.3219672437,5.03997680355
30.7484980218,6.04124847946
32.0306316384,10.0405294418
30.8932793842,6.96445081289
30.9219487869,8.21418172809
30.3381233968,8.18756953391
31.4127666905,6.66251799991
30.5366609434,8.32652767829
30.2759658111,8.54201935302
31.4912721509,6.48664264263
31.3492807871,9.4390274312
31.2313305799,9.10337118754
31.3366403927,7.82811695215
30.9211008833,5.77534206768
30.5521762489,9.16666606688
30.5947988094,9.30932662277
30.2419301764,8.60116147192
30.4605317233,9.22417551027
31.484175829,9.58743094475
30.5738400717,8.54720365492
31.250897205,8.35136399108
31.4345931519,7.41100875259
31.3789768544,6.17780494208
31.5553565007,10.087275173
30.1795888965,6.29555089936
30.2540539927,8.36661988713
30.5608490227,5.99860868989
30.7708206739,6.13132694781
31.1184694044,7.62811447497
30.3304746605,6.71570368256
30.5256173339,7.98161233711
30.3735608087,8.07514797968
31.3255079666,7.41088572558
30.3117017418,6.17060356957
30.5175596152,9.56160559645
30.3594593365,8.56509305817
30.8247780485,6.95187208025
31.2025326206,8.66800679592
31.3849300166,9.02941073485
30.2697228715,8.87707020651
31.0941384978,6.31800093925
30.4445027037,9.59178523644
30.7564734881,9.67149152642
30.8262133579,9.29314116885
31.3766228955,8.57337175998
31.2843169758,8.81838218158
30.5430264597,6.26165873593
30.913954775,6.57760266592
30.5521975846,7.8402793563
30.1404052065,6.206821666
31.2587707008,9.21013712855
31.2968215211,7.89030783994
31.1454132976,7.16214177297
31.2191515322,5.24984922002
31.0434946887,9.31957134817
31.0290792361,7.86622696566
30.6906148497,6.10921182859
31.0096783984,6.8669165651
30.431610193,8.60708054812
31.1179963421,8.4189380221
31.464417917,8.58785914505
30.8716580179,7.48656260079
31.0367183784,7.62674078515
30.1791395256,7.53701127724
30.3077400605,7.65306098403
31.1975838424,9.5218549737
31.215961394,7.34885360886
31.4096105246,7.18005110591
31.072714212,7.05939342155
31.4896575779,9.91789340601
31.4510437851,8.41537543603
30.5504724416,8.15577798242
30.4628515335,6.57923360827
30.4470574511,7.59510616316
30.7041502807,8.2132666849
31.2710890033,5.98993357806
30.6875095079,9.50498350659
31.0957480445,8.2521730582
30.5127253263,8.65468573758
30.7637698971,9.11339796102
30.4573472956,8.52099075296
30.4127759285,5.8895395427
30.2941860287,8.00979116193
30.6081867163,6.49053213781
31.1773118405,9.15264924263
31.2871913915,9.30319539893
30.2676278963,6.99993097371
31.3103533799,5.75943262485
30.746697003,7.86644902847
30.3315648794,5.58706306939
30.8970328864,5.9527965016
30.586298438,7.68624609599
30.3523695867,5.35729173358
31.4742078618,9.82899140222
31.006622079,6.73152019024
30.7895200909,8.38058524227
31.1663166018,8.39131523768
30.6740011414,6.96479123521
30.8769421564,5.40375859238
30.304978754,5.77353459792
31.1108643447,6.12012612536
31.3092860819,8.2857254839
31.1169863543,5.04477138702
31.5165983081,7.01812333843
30.8946074207,8.79902700489
30.3223049806,5.03197970482
30.8555570558,6.07036754291
30.6759525587,7.52498163324
30.7870246195,5.04782064771
31.1401678497,8.3108983203
32.6901881227,10.076541049
30.3362990389,9.52771417453
30.484602678,8.7551952485
31.3177642332,6.16711046444
30.7031340226,7.73827274622
30.7303699787,5.13618237926
30.9311762962,5.16908176968
30.5509089314,6.56064717383
30.2213689527,8.16979223756
31.1330975296,6.86002556379
30.8399723221,7.55168457148
30.3089864622,7.38869100225
30.7666438876,7.65798524857
31.3709929843,7.76177777475
31.166259674,7.08429075816
30.8550536632,6.46299167477
30.3832965779,8.9445369662
31.5129362137,7.50067986623
31.283057324,9.7286413135
30.2777420253,6.59339999786
30.9771744261,6.97302123937
31.2350894511,8.10917188251
30.2295297567,7.45430382722
30.3928987574,5.22286019578
31.5156853225,6.58966258247
31.2037732261,7.98871941655
30.5383733201,7.71561743371
31.2815315303,9.49943870647
31.6505203821,10.0502203364
30.4955449636,5.29895825427
30.8988652198,7.19263642161
30.9443648277,8.99871661278
30.614777567,5.56425313052
30.5078676858,9.45733843646
30.3663970214,7.55567541303
31.1447420131,8.4954041262
30.2206718971,7.23713698563
31.3742952781,6.78823025786
30.6250432926,9.78299505914
30.3123050653,8.94672576413
30.3725399279,7.87084285397
30.2838347017,6.39547320258
31.0840586206,5.15634905666
31.3964453299,7.30018036931
30.5889324712,5.28956724574
30.450009871,6.40454317335
30.7594006681,8.15263413132
30.7235378675,5.70871920095
30.7142787892,7.24916879566
30.6025897052,6.12726820904
31.4282858562,5.6083010282
30.2168925676,8.69054296016
30.7891324348,6.5702591578
31.3007915005,8.47001029057
31.4341440308,5.95857057528
30.7541590642,5.27107599785
31.2293401068,8.43669509996
31.5201780366,5.41563995909
31.8848866853,5.42169728137
31.8758016686,5.04628454541
32.7505073622,6.24868974274
32.2768669579,5.39354193308
32.8528252427,9.9551064438
31.9635869096,9.62334056144
32.1018563479,9.53196725739
32.2099273177,9.78642943258
31.8597471323,6.95246500541
32.1435371898,10.0401538235
32.3339755512,5.66299130055
32.3925394814,9.03369927604
32.5685631405,5.82982228662
31.9058291747,6.54199895859
31.8414728236,5.12518400694
32.4280590603,6.39149892275
32.2172816608,6.7305208486
31.9094203257,7.45745989299
31.813526053,7.57502202442
32.0916008642,9.62496387931
32.5184584454,8.19521301829
31.9732660508,6.0827916881
32.0549616103,6.87928596344
32.5309182737,8.31060238029
31.5935662454,9.51020673026
32.7184341916,7.90779054674
32.2826558562,6.971567028
32.8465628128,9.55623069702
31.7592704174,7.55367841548
32.8403260863,6.30225724344
31.9997911577,6.26581999058
32.245422726,8.51536213533
32.0890098898,6.3403402444
32.692208526,8.05062134974
32.5495416439,7.12672998698
32.8030454881,5.71439548039
32.4701277181,6.22852953441
32.2966406867,8.19206822737
31.6590272916,9.46947358217
32.2386420693,7.73384597158
31.6115899328,6.77749447486
32.1384758261,6.90181942172
32.1617014232,7.67562437348
32.4260171244,5.69546044756
32.4926791846,7.74200869604
32.6581552908,6.72521481196
31.731391995,7.30946652942
31.6822200331,8.77445376247
32.4933649914,5.57345341457
32.4212181848,5.95141749988
32.7579842361,9.19636645277
31.9524933493,6.16469062923
31.8182109862,6.37349598205
31.6896446523,5.60654751012
31.921312592,6.90891199636
31.5906933863,8.92741831941
32.3062867961,8.51233489937
32.5345602153,7.88868713983
32.2553958446,5.22510122188
32.6282089316,7.58827138044
31.7575949626,8.61491453384
32.4102856687,9.7969856904
32.1809326252,6.56769901812
32.0204473723,9.89248020943
31.992141681,6.4691345482
32.3915960563,5.49347046539
31.8469065924,6.17906857689
32.5173622354,5.48006722774
32.3514821789,6.18797989929
32.2278378404,6.30548402561
32.2574380134,7.41689465548
32.682154059,9.00112066567
32.0111754393,7.72408081656
32.6228327537,5.89978109397
31.9019889021,7.57308315379
31.6718567192,9.55557210267
32.8531537119,6.20572170156
32.2018786819,6.96974023236
31.6738127203,5.81957423112
32.3447907053,6.46830565966
32.5914166195,7.38622498731
31.5352379149,5.05500373221
31.8030440745,6.49621670143
32.178834964,5.90264640932
32.012553396,5.71346517261
32.6756119079,6.07365347944
32.3622398775,8.56164041629
32.7136112419,6.88128392952
32.3620465363,5.94045982943
32.7963923125,7.45327185051
32.5360592651,6.4437757376
31.7268753782,8.6997896041
32.6669717789,6.28147797056
32.0148836997,6.83393698895
32.1673069819,8.82175415849
32.4833075251,9.47964257124
32.0891289623,6.07786053449
32.4880925314,9.5927769234
32.5674806729,8.63398914034
32.7760007791,9.8345454391
31.5880289737,6.27326668605
32.3770351221,8.9088687408
32.8708891216,6.53348342264
31.543241202,9.62336734322
32.0649418035,6.67398804413
32.5397632935,6.92533247488
32.4580993027,8.75451966462
31.5186141547,7.17236762538
32.4407941564,7.2606647136
32.1865177111,6.48790425444
31.4960659831,5.26586519454
32.020677538,7.14053822119
32.7261032117,5.65280007049
31.5850359615,9.11884675726
31.9134946322,5.57545592547
31.6664600639,8.19098507743
32.843519054,8.15043958842
32.1590374977,6.62133326251
32.8089944155,6.01539857561
31.7016324845,5.24986070874
32.2278964309,9.9314190151
32.512566501,7.43883508524
31.7864237595,5.78729558296
32.0805829038,9.45401403941
32.3582859314,6.91003701047
32.4352331277,7.35897635809
32.5918454023,8.9672497666
31.6130017063,7.90015141957
31.6396963917,7.3867048057
32.1666553849,8.10688759202
31.914049121,7.69637257839
32.1164006246,8.25823648064
31.7910805139,10.0385196726
32.0527181117,6.95378324808
32.1411980838,9.93440025245
32.2608161218,8.05574082209
31.9341176257,5.17329936478
31.9757641364,5.56850197794
32.5792367236,9.93342303352
32.157352017,9.09902850429
32.3395969618,7.25666373195
32.088541424,6.55597294932
32.7581352552,6.08265500932
32.1834617186,7.35763355705
32.376425371,9.14860829194
32.6592653324,5.99366308943
32.1118258501,7.58831028435
32.1137828973,7.21484710787
32.2668003377,7.17532546074
32.5720272821,6.53416167012
32.5506151,8.88304484207
31.6747080929,7.09321214646
31.6794283371,5.15588944319
32.6227671419,7.07805713625
32.6743082781,9.98739222822
32.3816425804,8.69404285338
31.77879209,6.76799399921
32.3331195011,8.73990567422
32.2764508694,5.94694364913
31.9347618673,8.54113104383
31.7545813285,7.61724924402
32.0547047324,5.75868931814
32.3637824104,8.63605443986
32.4632541972,8.52216643494
31.6987787263,9.65765210536
31.5522395393,7.68942545733
32.051848043,5.62853553441
31.667502835,7.6606328111
31.9316050597,8.32243821328
32.0988654613,5.28035510124
32.5755129373,9.61250377523
32.3821299784,9.63486943053
32.5609325134,8.75524184832
32.7843581342,7.78503220131
31.5917202141,5.28510938446
32.2759602462,9.0882465414
31.4593601334,8.24719794489
31.777378218,5.69666851776
32.0681810562,8.102117326
31.8029220002,5.30520391331
32.0547036526,5.50760310151
32.2578949448,6.43207290776
32.3654265509,5.04834502078
32.4298223387,5.55416799214
32.7985592211,7.70679691375
32.079416337,5.37156311135
32.7046272506,6.44907267018
32.5457841041,9.22497341855
32.6208753125,8.89753996761
32.2323108687,5.61077290251
32.4684375298,5.21391058485
32.3322432322,6.7290617455
32.0930104373,5.12449960216
32.0748664015,7.40434194203
31.7599348717,9.72660195275
31.9206902193,9.70497943114
32.9322156811,6.71606250823
31.6384741795,7.28877890785
32.4197944124,8.36014118573
32.1954409152,5.04576584602
32.3025701095,6.26439005617
32.2134553473,9.61454063645
32.3599791365,7.17674747121
31.7125801698,6.36638829588
31.8975623451,6.00547751808
31.8752001008,7.177773077
32.4557457213,5.4201817691
31.5915591012,8.55050909468
31.9473583655,9.95596217375
32.1168879804,8.33764558342
32.1883613936,8.40522428242
31.9819992839,6.35757886761
31.9669463957,9.86306354619
32.7806743673,6.1641695674
31.6964293751,7.55088795398
32.5963643222,9.29338197075
31.8359022324,9.26275750345
32.0633463459,8.54978921868
31.8974383486,7.324064235
31.6474595483,8.36759536234
32.7304769324,8.43573580227
31.5083609821,9.34076030907
32.6892135518,8.14264959124
32.5808146361,8.68875849149
31.9617843402,6.98728658205
32.5213470519,9.12374330412
32.441389821,8.25754075921
31.5294683739,8.04282257461
32.2366519633,7.59894283306
31.6057992105,5.64745244834
31.9810717675,9.40804669883
32.4138533707,9.41423705428
32.1251967338,7.12912050529
31.8295510166,9.36763247658
32.6422468833,9.34284999054
31.9251807686,8.08431958901
31.5244253365,7.87457042887
32.1783726838,8.50077088637
32.1384138932,6.1563466583
32.1574624481,9.40241847909
31.6308985609,6.40550794319
31.8512826795,8.9299607766
32.4478838079,6.89060505034
31.6395211563,8.98067160576
32.8373823,6.79358603672
32.5857667269,8.51499123639
32.468056216,8.85946846779
32.0384848317,9.17559867391
31.7008369035,6.95808640881
32.1839632962,7.24920369997
32.5298825448,7.81465572708
31.630220099,8.06674015176
32.5408903844,9.47157968269
32.5301887156,8.81956725626
31.7652571522,8.11987689562
32.5985971423,6.14473336609
31.6035417147,9.04455799931
31.7687840972,8.84773341464
32.8196332725,9.91459122706
32.1015311174,5.04816637086
31.7302155468,8.96460304908
32.0271041461,5.9918759095
32.8756297488,9.83219397885
31.6735437816,8.56702316366
31.9412658878,7.2542650391
31.9569335023,5.50299074172
32.4613331839,9.22944984391
32.3302447401,9.72330627325
31.670498381,8.87326472395
32.2740518901,6.56735291557
32.6334994266,8.42915267984
32.02994288,8.92714774746
32.6114481388,9.43366265295
32.5357821502,6.21714298178
31.9777063438,7.39840575875
32.3509309934,5.7649619728
32.6847815935,7.82091654662
32.8232525754,6.90450113399
32.78635957,7.36910640622
32.7494907046,9.10953467849
32.5312414978,9.82242296433
32.3135499654,8.12703567836
31.7458805561,6.87048871968
32.260682153,7.29831428529
32.586440538,8.38181627061
32.4301049212,6.70827355013
31.8543658586,7.09529253693
32.4663593874,7.54906998663
32.4835631969,9.04839159505
32.4693332059,5.27339895031
32.5157808788,8.67209221753
32.2531624937,9.86438130405
32.6847803604,8.9141508085
31.9416984039,5.65362800282
32.113184658,9.25951196613
32.5353062685,5.24829379337
32.014353059,7.98649627285
32.0819021511,5.20305412241
31.5914709962,9.70121788314
31.5247465014,8.96487652892
32.0269345162,9.53553501426
31.800335673,8.0040552938
31.8362550931,8.68853542559
32.7909925439,9.63818726276
32.5415622117,6.71585070662
31.835709577,8.41342892933
31.7566323341,5.15657207937
32.2506641586,7.96214262742
31.8269667099,6.26969424222
31.7862696005,6.94254308272
32.0971310612,5.9280465082
31.8509585122,6.85513110507
32.8271269148,8.21716283034
32.5253940338,7.21684224316
32.7767109744,9.40884774872
32.2891530004,6.8202963054
32.3918161895,6.09932842792
32.5474366297,7.02933713704
32.5724083295,5.99609958274
32.0799906516,7.68323448502
31.7745526285,5.55023849981
31.5958447903,9.81299174336
32.4801633318,6.14280838839
32.154275298,6.26563538256
32.544310532,6.07274783545
32.0239040531,9.79901839974
32.5535261066,5.60257611539
32.6174515404,7.44040339774
32.0797694824,9.88865633369
32.4614320818,7.96400291334
31.5320922826,5.58273708913
32.5290281507,5.14746240713
32.1981803027,5.36888887697
32.6778491755,5.14897740882
32.7026881632,7.06441256242
31.6357458134,6.87196494042
31.8934388326,7.90495987862
32.3472556589,7.08133886992
31.6121748261,9.61874036146
32.2258646754,8.17968377959
32.2296393735,6.19445769629
32.60235852,8.82246714039
31.852885821,7.80759061221
31.7046374244,9.09312416619
32.7017690586,6.16037648174
32.2249585232,7.06203739018
31.826714639,9.82796678061
32.5533451212,5.75243795901
31.9442511262,6.84156235931
31.6425412215,8.66129471555
32.5945564912,8.03416601651
32.2487063074,9.71306875227
31.6602373952,5.34768439789
32.4628174203,5.50772030888
31.6137276025,7.16817257743
31.836215415,5.63995011383
31.8866999062,5.5057067023
32.7386422547,7.29045682387
31.5895477987,5.37035161918
32.7523472524,6.36289086312
31.5571927304,9.28079053348
32.0200800635,5.09992598272
31.7176753418,6.56966857881
31.6321516528,9.19081144302
32.2924967609,9.6561662062
32.6177936152,7.33635015714
31.5290077476,6.09745614425
31.9778344149,6.74773812711
32.5170017742,8.60096654423
32.7987977758,8.08268175498
31.7944388639,7.90237584856
32.6184317077,8.23801604729
32.4727934891,9.69824218842
32.3800075162,6.62057991805
32.5000620985,5.90529538691
32.2447002498,6.019805403
31.6928290553,5.70321043679
31.7468948699,8.44472204326
31.6739634132,6.26684148481
31.8491262075,8.19253742085
32.1700862102,5.54705280487
32.5946677643,10.0290918502
32.3302257919,7.70434470807
31.7561062277,5.63638076416
31.9127663176,6.23411694261
31.6211935454,7.99380912088
32.1714646457,8.58161298967
32.760465275,8.91151955161
32.1962631386,9.32160782118
31.8218716499,8.52196121757
32.4418734172,6.4958479629
32.8854585913,8.06070575283
32.055286709,8.44881800145
31.9925175214,6.90118489474
31.5778893335,5.16812051807
32.5933527146,7.5076706677
31.9959247787,9.72243411574
32.1861802126,6.08217743189
31.7388306215,7.8218703428
32.5970708512,7.75310264392
31.5809918266,5.91721726076
31.8294047026,5.21048705216
32.1241421661,9.17286869758
32.3162822377,5.45684156211
32.6541005323,5.41039135893
32.3328595724,7.36170814703
31.5749322242,6.02785129735
31.9031712718,8.74387370917
32.7822671846,6.7293308612
31.7695437391,7.72257258487
32.5144610207,8.42144422999
32.6807701646,7.38568455641
32.6511752563,9.5169811419
32.8457060358,6.38982579793
32.2709484079,7.87329792283
32.0298493241,8.27251278353
31.6427321867,5.44686050787
32.8516892648,9.45011020261
32.6526350127,6.97393189443
32.7607987392,8.34340211326
31.5726635645,5.83119898798
31.6784652483,6.11007348078
31.8570954429,8.60392203176
31.7506628672,9.58245820964
32.1210308992,5.72737200745
32.3423337388,8.26649238953
31.8782727524,8.2601948857
32.4220132439,10.0088612555
31.5137906998,9.17621936586
31.4994597534,5.76223481973
32.6622076289,8.34166718932
31.4201079771,5.06024970862
32.5418175014,9.32139215589
32.4504164925,5.78882007582
31.6506270837,8.45988399634
31.5854794093,8.82744311373
32.1037187395,8.75207678814
32.6641698715,5.55268401896
31.6949204869,8.03930178399
32.0540904019,9.95720155072
32.2882202381,7.49792720944
32.4975678919,6.81739218676
32.1279895745,7.00941108142
31.8662936509,9.58649692762
32.6684225095,9.23874772371
31.8595852167,5.56539884686
32.0012616977,8.48139244612
32.726827285,5.72252594506
32.4078505456,5.14834309839
32.2152251123,9.20182454096
32.1874845636,5.27522324754
31.7631268466,9.90074613319
32.6265497844,7.67051851968
32.8499593178,7.00317169558
31.7935362053,6.07822044335
32.1847646869,5.80074420312
31.8481081601,9.92062200812
32.6034133865,5.31388996904
31.7152615241,5.99446161132
31.6820729446,7.87180106422
31.7515794834,9.2107740978
32.2716513275,5.31560318925
32.2205632992,8.28328467359
31.7308346578,8.51887772006
32.7530576549,7.49710710393
31.6303023441,7.50003690231
32.7620771358,7.20841912199
31.5776561716,7.24268458083
32.2698339502,8.60002228103
32.3026915364,8.37155776379
32.5552533875,9.03998374391
31.678809911,7.22200041353
32.368279784,5.56886320246
31.8336596967,7.26440794036
31.9372732439,8.84586567403
31.6625526827,9.91612743741
31.7638103624,8.23504677286
31.6607565079,5.92050426198
32.0486780403,9.05325648072
31.6176919663,8.28931099828
31.9120319324,7.99971999369
32.2074229479,5.98159522998
32.2960076928,9.4976235681
31.758791516,6.30368569488
32.0052133468,7.62903623539
32.5896976662,9.71247258031
31.8350036044,8.31471741581
32.8452380684,6.66825009474
32.2348835607,5.45739091089
32.8088672093,6.58720794419
31.7790243174,7.03868424675
32.8216154417,9.23499861773
31.8809065871,7.02965531959
31.7973320441,9.96271029862
32.0255679636,8.3667885595
32.6197349321,5.21076383175
32.0973474872,8.39947375889
31.5823734564,6.18741041485
32.6459343709,7.15547446301
32.2817950072,8.78132400997
31.6355028726,6.70845296042
31.8197993533,5.45723371278
31.9083210702,5.79920450678
32.8576884317,7.18374960977
32.3202313679,9.22698100146
32.6315321959,9.11415906231
32.5712225167,9.53400054349
32.3658758349,8.80575516998
32.3489662941,7.92872620789
32.44015167,6.99488889203
31.9845110194,8.12320535458
31.6543095319,6.61712510448
31.5893986207,8.12661619219
32.1763952661,7.88930380725
31.8931554044,9.39618607291
32.7193547069,5.41950726532
32.7005802832,7.54521276422
32.4397373174,8.63233770774
32.4928376214,8.95920503032
31.8269118991,5.38327596189
32.1761063754,7.48077185692
31.7759679923,8.75117177666
31.5464835922,7.94709115956
32.6064315367,6.24204091804
31.8939220429,5.34538892431
32.706621614,8.5364665971
32.0173937847,6.61460307823
32.6243649243,5.47742291709
31.9023556282,9.87093335308
31.5179658952,8.55367437623
31.9567920835,5.8523526316
31.7386442357,9.50603617229
32.356788426,7.57073811707
32.3976468784,7.75364722357
32.3343223179,9.34253652261
32.1902662631,9.86585492182
31.6531897649,5.06323371022
32.3741741023,5.42894377591
32.8297172372,7.52647914364
32.5892419349,7.84113724249
32.5032477735,8.07618378869
32.5360501446,7.63878055805
32.8439016747,9.37531337601
32.0134357881,7.51344299659
32.4022145916,9.51971290961
31.9172061076,7.37598947787
32.0842888507,5.83823540273
32.7131167008,9.72894827485
32.5088553902,5.33653034538
32.7673693707,7.6075799837
32.0092936745,7.32421431184
31.7998759937,9.65020987403
32.2333654488,6.91731198313
31.463844146,6.16525354909
31.5314289702,6.92457698657
31.7489787179,6.18579183963
32.511664032,9.40157347736
32.1388613036,8.97435840074
32.0101324258,8.74240495185
32.3153902338,8.67518225703
32.5242369652,6.31729113669
32.2951121356,6.09365462943
32.2811992553,5.54177052862
31.9129691233,6.40259228892
31.5751413202,6.44939413316
31.9756074618,5.41353792452
31.6719964722,8.10592166317
32.2676420914,9.28152046891
31.9974348288,5.78767906584
32.2747237857,8.86458781572
32.0986100846,6.44586881942
32.6474152476,8.61562797497
31.5566832681,6.7442135733
32.5428966798,7.98932125612
32.7275414405,6.01252503937
32.0019017533,9.29119474626
31.8724905146,6.72127806429
32.6800411051,8.84474154077
31.5213042724,9.74285707324
32.6968036437,6.80389976383
32.6932065616,9.40008408938
31.8586899664,8.07675521876
32.7523524176,9.51962768685
32.6738726159,7.47571011862
31.5320489576,8.27394166484
32.7042431171,5.94053211272
32.309134259,5.170221004
32.7638713321,9.26351957493
32.7341353606,8.24804721483
32.2228619474,5.70428332382
31.6846563981,6.76166373272
32.7134060273,7.14943846262
32.3956410371,8.16921757661
31.7061228978,7.9461016349
31.7386934054,7.4613647582
31.9267211607,9.78834540227
31.9287600802,9.50908375241
32.0648756158,9.36597093761
32.6460418135,9.81671841428
31.837905335,9.45502488426
31.8283425912,7.37767904372
31.8289102464,9.05340385497
32.0624298913,7.89530706914
32.6238333836,5.06484710315
32.4482159189,7.1498316144
31.7180200134,6.67522453868
32.6460145448,7.25402251321
31.9737790841,7.92329159934
31.7731402856,5.05689328166
32.7084103776,6.54333523529
32.4058726033,6.28259401975
32.2620682089,5.1024329432
31.9406251697,6.63875484533
32.3010674753,9.58454654518
32.6234237254,7.93727790981
31.8231251937,6.62027684358
32.5694531662,5.53350701482
32.6891964286,9.90937072329
32.4658139889,5.05208751765
31.9437657836,8.4274053366
31.8954109429,6.10599349594
31.8441742772,9.7304319881
32.0864820423,6.24720232505
32.0994161233,6.78388612117
32.024458429,5.17380912822
32.589119242,7.18699500554
32.2810965897,8.45819000569
32.3774095712,8.05183389991
31.6011931045,5.7443632265
32.7853148762,7.10563303992
32.7525407454,8.15193616287
32.7601795838,5.96117993015
31.8300758713,7.50354365715
31.9743818327,7.17923730637
32.2221242425,8.70509209453
31.5642418181,7.32038944517
32.1845544421,9.50103707119
31.5143423163,7.78355452158
31.9855374204,6.56521396283
31.7470697385,5.89966160926
32.6900252083,7.62572978231
32.0435093028,8.186311761
31.5272945824,8.48207256604
32.2823500716,6.89786928412
32.1212022062,9.33939591883
32.4224141927,7.65779040089
32.2653348517,6.69270727056
32.1200789807,8.18112199001
31.7164084474,9.81286960232
31.5764945615,7.58819957318
32.663736205,8.73677045121
32.3666998824,8.46109007641
32.0634007256,8.83192998963
32.2384258194,7.81936947367
31.6948010008,8.26998942956
31.9597557868,5.03806906982
32.4947287911,6.59683769701
32.3586023156,5.25761842387
32.1858359189,6.38750902913
31.9471217127,5.739875359
32.743132308,7.43733258206
32.3610394148,5.85586187159
31.6226118019,5.97646742026
31.609001819,7.00613673348
31.8766832163,9.66031701578
31.8611787604,5.88570594476
32.4556357145,9.91622078576
32.5630653532,5.41335925856
31.6939281785,6.47283822628
32.506947519,5.66473370386
32.4481277731,9.31278362334
31.5946158357,6.09644763622
32.7137493791,7.70686168391
31.7379239641,8.34725794131
31.948450514,8.21384047373
32.6189233579,6.61718443884
31.8912650954,5.26296213896
32.4449921587,7.84762381881
31.6908734291,5.51911726331
31.9790648806,7.81968997234
32.4588654256,9.17078688538
32.2215205972,6.86351380167
32.7480813269,5.78224915733
31.5268749339,8.73598861811
32.2769723981,8.96867916973
31.9398311373,9.00394962558
31.929860451,8.65561931145
31.5381426349,8.6279111446
31.8404038274,9.15935852066
32.7678564683,6.81680001418
31.8016349664,5.97270788363
32.6351182504,6.3721559113
31.9929843316,5.28993247871
31.9527421683,5.92551564415
32.2985477882,9.80801878747
32.1481606999,5.64291427626
32.3188649617,7.63890606971
31.628590362,7.7862285375
31.4930076825,9.05214589483
32.8003370928,6.47709160061
32.4270533226,5.62009749224
32.3991349315,9.23283825377
31.7513536365,6.42691432088
32.2471800366,9.4087942035
32.9098676814,6.60640046326
32.856001205,9.73983740618
31.5195567877,5.97076206497
32.3900286459,7.46295547751
32.6242643141,5.66332567518
32.0503897204,6.16749855645
32.76364415,7.00197880232
32.0142790224,5.8971761068
32.3388917242,9.42951372305
32.4649364179,6.02658631734
31.7686970026,7.16663320246
31.5331424921,6.81728505253
31.8726971384,5.72801852854
31.4552932382,9.38148360902
32.6314867893,6.48640200714
32.2178132311,6.65157817162
32.0384341055,7.21918562531
32.1118973133,8.00078929961
31.5588489987,8.382708786
32.0964483634,7.29698591903
32.1078091864,8.66586455399
32.657004853,5.78613615841
32.1007149052,7.78647188692
32.4480751111,9.10885895929
31.8876292311,6.46617774232
31.987342859,8.04575933093
31.6181009909,5.55104783901
32.318633069,7.8041971042
32.1368877277,5.99409376088
32.1157582734,9.8132348617
32.6871929433,9.45921021889
31.774326446,9.31154309254
31.5556577984,9.56551456277
32.5352023648,7.3179102483
31.606393661,6.33188150176
31.7437260542,5.39349675522
32.2065329854,8.91439744373
32.3490836695,5.36228152173
32.3179601041,6.35683168029
31.6611355073,9.73790822547
32.3855732827,6.54118530115
32.5405007019,5.02676898425
32.2015351814,6.80050847521
31.5793716242,9.39791962653
32.176456727,5.16373735483
32.3599662179,6.01890046925
31.7405625014,9.40729823697
31.9007522089,6.78956874988
32.0769007253,9.72904352597
31.5023613231,8.88894269173
31.4831215162,5.87086029846
32.1532769622,6.69224504583
32.6055324817,6.82713971918
31.6691617674,9.30585951059
32.6711493453,9.61385064115
32.7194588428,5.22134888051
32.7697154243,9.9900392095
31.9135861526,9.21751142631
31.6068278579,8.74239527924
31.9429923346,9.11425019517
31.5713620684,8.20930834002
32.0170058641,8.64011817364
32.1199230114,8.47044710565
32.8786548051,9.90117315013
32.9298936522,9.50541670862
32.7262965163,9.32993883457
32.039160636,7.05842764807
32.329028554,9.9151940574
31.8080249867,9.53416656376
32.7910996897,8.52016752956
32.4270940083,5.32896776268
32.1462049289,5.44533887194
32.487533827,7.07292570261
31.5333151866,7.39958529602
31.9079087174,6.31739853752
31.9037990488,8.14002393955
32.8567780054,8.31250221646
32.3953663397,6.81111228725
32.286259966,5.03240591649
31.6068201928,6.54093765657
32.264605033,5.84981271211
31.8243143278,7.64313951359
32.7262794275,6.64607967507
32.7911063918,7.97204952797
32.2108174437,9.02015137558
31.5606443255,6.66814143255
32.6078545587,8.13144427852
32.1647369,9.70903853877
32.3510215504,6.99318923328
31.6454689239,6.03252901136
32.3072003209,6.65565168553
31.72732204,5.47583464611
32.7360896636,5.86371834369
31.8974062029,9.31822072652
31.9404628677,7.10300442021
33.1356243477,6.1977022717
34.1033715021,9.35075316296
33.5644864673,9.48291785879
34.0383302769,5.89037721921
33.3050522782,9.47013504191
34.1899458578,6.80425570396
34.1846320303,6.1426613714
33.4851442593,8.59247028016
33.5330258839,9.07427522872
33.6527337644,8.89168994716
33.2223626826,5.56183884815
32.7986277961,9.00995541297
33.2435948827,8.09861822587
34.1366181252,9.82822812643
33.2654951647,9.60720722698
33.58296363,7.79704206724
33.1646756392,8.36643949434
33.9689907959,7.73917208514
33.4712227878,7.99246480403
33.5975531583,6.42047873374
33.7672455523,5.28458251527
32.9190711217,9.39369742667
33.5339116412,9.90415776004
33.3614332975,8.72679725969
33.3116501845,9.29695507843
34.0274377163,6.85681313107
33.2779351072,7.95966421206
34.0617140944,8.68943993876
33.9952569085,7.27904833922
33.2584711064,9.77900880161
33.286149804,6.44237275274
33.037365037,6.66994517101
32.9114734947,9.1079559
32.9579235171,7.51329352934
34.0435666855,7.89320303671
34.0580000518,8.1087988073
33.9917323613,9.22666515265
33.1973190458,9.30481510997
34.1283484652,9.72728788972
33.6594738784,7.12980039282
33.2556907009,7.25785787504
32.9898869082,9.13576372493
33.037723482,9.058347616
34.0805287274,7.93619378572
34.0005718934,7.94456154967
33.5259869877,8.16338142998
32.9889053946,6.60791501471
33.2722091269,5.61900918234
34.0904412454,5.226783474
33.1918323216,9.50847018919
34.1753573148,9.06907043244
32.7522840618,5.14393106247
33.296198093,6.03980418592
33.9516636016,6.47094697712
33.0994486601,7.89769613058
33.6038926788,5.50641744474
34.059192004,7.33510651622
32.9770995519,9.9756466162
33.3966986624,7.36334884574
33.5200212828,6.98674941921
33.7187546919,7.69555604852
33.7940412951,9.04221719244
33.2320965641,5.37791750541
33.9589495128,5.9818059599
33.3434629268,7.46904314365
33.5576382348,5.57767023427
33.1680689235,6.72009054234
34.1229387831,9.93708519489
33.3260106694,6.84555618235
33.1369423924,8.66048124962
33.0169632767,9.32542296918
33.7149387008,6.18846281323
33.3286080852,9.92976202056
34.1309958339,5.56026952841
33.8124117269,6.71439150792
33.9216001189,9.18634388866
33.5285575508,6.11211579167
33.0581676184,8.22451470846
33.6002811414,7.17923390789
32.9728735084,7.20077076571
32.9447823401,8.76096022073
34.0886817272,7.65205938415
32.8712409659,5.34807473325
33.9982064775,5.7839407588
33.6885181234,6.47094634907
33.6932406235,8.22273249205
33.4717890653,6.90997752114
32.9536163107,7.70860532636
33.9238195183,6.71869544864
33.7445136409,5.77440458726
33.2199054458,5.28110286752
33.8253774154,9.29331267434
32.9096411452,8.13828402838
33.9131949942,5.41069672825
33.0701391955,6.88360450745
33.5734162292,5.03253227569
33.9263274634,5.87260616524
33.2998048585,9.16561382491
32.7753347112,8.80173897573
33.6858340641,9.63611334638
33.8437024852,7.14343798747
33.3572785142,7.69894768644
32.8284718391,8.44797617344
33.7332557753,8.37194214272
33.4600482099,6.72769484225
33.8317319345,5.11036288738
33.7233035778,8.83920646595
33.8320380832,5.19974558698
33.7713681137,6.54512123742
33.5133311405,7.80695983618
32.9206033019,6.93651465816
34.1993992416,8.96390526404
33.2768833825,8.94500533335
34.1452716216,9.43471078726
32.7111071181,5.09565701328
33.3902797378,9.094235893
33.652919576,5.43534175462
33.680544723,9.08690910653
32.9052316301,7.67759609232
34.0266488687,6.69081359395
34.0207337733,5.0408686565
32.8406968866,9.11546331853
33.7125386371,6.088221139
33.2182669411,6.27243315612
34.0325407414,5.69698136321
33.7979114691,8.08598900971
34.1396226906,9.16453195452
33.9969462692,5.60908754134
32.9271187309,5.61258827364
33.5734192572,6.03190539504
34.1261761238,8.06918708753
34.0641688252,9.67975600066
33.6493919303,6.71730639158
34.0516442151,5.52874626048
32.9808492907,8.28037048195
33.191011985,5.84717294384
33.216789436,7.78678694933
33.1741364696,7.40175266471
33.3501841499,6.73857126383
33.7663887533,9.71307563278
32.9371797715,9.92325049886
32.8651468525,8.71091607635
33.2244429458,9.0167973123
33.4293330356,9.3349526182
33.178388591,8.16317775703
33.955953715,7.52489428333
33.2048286051,5.76932979919
33.1385444807,6.91798970677
33.5974570239,8.1855493235
33.5911351797,6.53524643018
33.2740777896,8.30826233464
33.8486284429,6.78986790453
33.5847593864,8.07124282472
33.3893011096,6.90503726772
33.5449792662,6.65675279485
32.8239685138,9.30995482225
33.0859743575,9.13329659201
33.3126453803,5.34115867824
34.0536249121,9.39897315987
33.4889055261,6.56395875102
33.4992913921,8.70067249642
33.6042205098,8.97340770171
34.0192463064,9.98744611386
34.0491512939,9.88746878433
33.1853373375,6.01579492827
33.1462123169,9.92212058672
34.0686133643,9.49421475608
32.9333306192,5.20448553667
33.0311214738,7.27685502823
33.6007860006,8.72081236665
33.6932605073,8.52659772126
33.575791529,8.54687153364
33.0023653663,8.37800930437
33.3466256318,6.57394167932
33.3831965561,6.10700476857
33.3977932781,9.2162097495
33.3145593445,5.25084769892
33.7377882407,9.14700616453
33.3617578359,5.90700479057
33.0978606649,9.24301638732
33.1224080409,5.81085247978
33.9893459529,5.27351699643
33.3965312252,8.99010110181
33.248514092,6.58354063399
34.0318924102,6.06117986957
33.2080715867,8.30695846971
33.815095923,8.29741431974
33.8345981302,8.43806538918
32.8950308213,8.83772420242
33.1299153079,6.36654482117
33.8807793421,7.50986248551
33.6108819005,5.65858977457
33.2013091825,7.21233803506
33.5867202365,5.87274068187
33.7793213736,6.28810732067
33.1843084618,6.4782158482
33.0568662418,7.98001960611
33.0031353216,6.391942748
33.6813820128,7.23141513995
33.3243143115,6.64158955563
32.7307150535,5.03553615431
32.9418201627,7.12266723282
33.4433241446,5.5412945279
33.8949794252,8.20080075399
33.4091948611,5.02713208612
33.5535363733,9.79968094085
33.6408570128,9.88672673999
32.9637213326,6.13081557592
33.4258715758,5.63269314299
33.4432583758,7.26872043495
33.9298824272,6.09047987132
33.2716954535,5.72418820704
33.9680127767,7.37054712612
33.1186485201,8.08573948077
33.6669938991,6.03223034627
33.9059835587,8.05314182789
34.0880160079,9.26192221246
33.1355278909,5.27097770378
34.0766655016,6.14867518615
32.9468686954,5.52949728191
33.2556456767,5.83237882533
32.9008687811,5.92986022134
33.4575019787,5.74391974287
33.7572203058,5.87972319492
33.2357094457,6.76349094779
33.4494169101,8.5211072465
33.4416062534,6.82465868301
33.3432529127,5.79304874594
33.7678536913,5.04094681135
33.1150551035,8.18733276458
33.906353814,8.98691425227
33.1716960453,9.41253802979
33.050119333,8.1586274487
33.1962414783,7.88160775793
33.5347609907,6.3602158874
33.1298460831,5.91775511498
33.9166035627,5.05204946219
33.3616530839,8.28103932312
33.00406639,7.72517323357
33.6896685149,7.59761586809
32.938197399,8.35285314071
33.8220414355,6.62959377443
33.2564548813,8.6772751611
33.5890397144,8.36937056951
33.5778710463,7.27343930134
33.0934072155,7.68715969669
33.1153177261,7.09163798315
33.9629781491,5.48972072583
33.7571476636,7.54178195778
33.9763899227,6.62299921047
33.737172653,9.5389782128
32.8442191454,5.63785067386
33.5616928195,5.78815556798
33.1728442487,7.29700997645
33.368002203,5.49439188525
33.0540459037,6.3052073332
33.1852432133,6.6583181423
33.6757622875,8.32547227081
33.551708505,8.77755287887
33.492306704,8.95608337085
33.9662105761,6.92400884961
33.7213700168,6.87869176378
33.187315602,7.1479986842
33.2665688395,6.68063513443
33.8721750189,7.89706353048
33.5017226058,9.24233455249
33.0859257862,8.31783727391
33.8957224973,6.18429809693
33.6771495926,8.41108164028
33.504696615,7.18850189953
33.3490022833,7.06744665099
33.1112788609,5.69921159211
34.0434691638,9.17866339832
33.012774831,9.43010885627
33.3251851266,9.67110794927
33.6044214772,8.27259721045
33.5196641614,9.97454104722
33.2289425368,6.87111465084
33.122098382,7.58513506263
33.6990915625,9.4334504416
33.5521628526,6.7857325432
34.0261640475,8.51063788944
33.6122794942,8.45818695701
34.036191331,7.56794647263
33.6038767139,9.43391955987
34.1254109314,9.61178015552
34.0270492244,7.45917879506
34.0311769568,9.00737582439
32.9105511876,6.36691405023
33.0586048423,6.5594484347
32.9096637539,8.96102555974
33.4347854813,9.85270827287
33.0016974418,5.45890010207
33.4582822936,8.21450351626
33.9771816802,8.81783745835
33.7024602303,8.72974370958
33.9118130423,9.26518201473
33.9879917589,8.2382405414
34.0387145787,6.78142812797
33.7908243442,7.22841149784
33.8119743019,8.20687704765
32.79997472,5.49330062832
34.0878088918,5.74831879221
33.9338447074,6.34295673161
33.6627679154,9.24332569668
33.1038785992,5.4756462572
33.7534855212,8.43829350479
33.3950120606,5.99946193207
33.3966633597,8.57168471255
32.8336089413,8.90096751963
33.2352570615,9.96140318157
33.853048767,5.46808602543
33.2016833755,9.70878991485
32.9217430199,6.30540184266
32.7935509816,7.8702113884
32.946948512,5.84103600459
33.1189333227,9.02559169261
33.8466049536,6.35365606767
33.7943641132,9.39590363225
32.8035601136,8.60473020304
33.7301173139,8.93302420767
33.1155975323,6.26571431839
33.8377767134,5.02984696991
33.6653583329,7.04275246195
32.9557513967,6.50671327267
32.8291896459,5.15947670852
33.4270507593,5.84489619645
33.8848685641,6.52898598517
34.108266373,6.85878651718
33.7585383511,5.51879180268
33.2395071419,9.85738543434
33.7585884011,8.03173550258
32.9023580344,6.42240827469
33.0902694936,8.43309897748
32.8757053685,8.6165197721
33.5550071407,5.12493471843
34.1931229474,5.16229315571
34.0328927098,6.91562708237
33.5565618883,7.96095542136
33.8587203862,8.64027223036
32.9302188949,9.86750809199
33.8966088779,7.96993097926
33.3354074444,5.05014371744
33.3030605897,6.9602833333
33.3113260297,7.8601378946
33.2361828447,7.05612523316
33.703785254,6.27239720341
33.0830209619,6.46372580623
33.9566795311,9.87293402534
32.9143026862,5.72054184291
32.8901752846,5.118312591
33.5302443772,6.27694962774
33.5045551238,7.29000016531
33.1717685217,8.82110395707
33.108947958,6.7113805631
33.0021741935,8.5134240822
33.8514012638,6.87817552577
33.3895723133,9.60780605126
33.1081227504,9.75273011785
33.960885454,6.25536460339
33.586857387,6.18019578018
32.9892061646,8.08070703336
34.1243082682,6.20473291312
33.9130781301,5.78878861166
32.9398582185,6.23271743543
33.642067319,5.1571645959
33.4460947203,6.24250094061
33.5849949003,9.28316385476
34.1163502346,5.94393738231
32.8999829162,7.59663627269
33.347361,7.26487003576
33.2210839215,8.57653960599
33.9588638921,8.72697096388
33.1176347814,8.5445908424
33.4930968458,5.64878377139
33.7377344009,6.77452189651
33.1884974357,7.71750798313
33.9682955518,5.6975870936
33.8133772437,6.11446132459
33.1123846463,9.33626409424
33.416060264,6.63334867424
33.8335929326,7.05581468646
33.0538230586,6.74781945418
32.953148525,7.79587296866
33.6392406812,8.63282890615
34.0523263592,5.46429288133
33.3241568044,9.52945284722
33.4921678222,5.25655379793
33.2328007658,8.82559643686
34.0587336795,7.15069206271
33.5162891976,8.29977364421
33.3616297486,7.55689392532
33.4235044784,7.53597730761
34.1368125832,5.87007283855
33.5114770012,8.45253114337
33.1514516084,6.56937689328
34.078527457,8.46693237677
33.6523503526,5.74049655913
33.0160456481,5.65336115935
34.126451211,6.29190248023
33.044706559,5.27373705684
33.9589479865,5.36331918861
33.6896902551,8.06964076378
34.0288759083,6.32829738951
33.2727064236,8.76492543365
32.8268959206,7.27778717157
32.9287262518,5.04870787118
33.635999558,8.80632037437
33.3765924793,6.26837743525
33.8986785285,8.38555968737
33.1549078013,8.25311037896
33.0169852417,7.05909967628
34.0767584757,8.77143061762
33.870982674,8.76099898656
33.7788264952,6.37287047203
34.0130119896,8.92685905944
33.8217098492,6.21236904576
33.4239493345,6.99112265496
33.3105808819,5.54315611829
32.8885007811,7.89731451557
33.8129869951,8.85425400217
34.0663302527,7.24601125301
33.2529259705,7.49768527862
33.000293016,8.8862936158
32.8634401601,7.34314810769
33.8693624587,8.90160345843
33.8863733908,7.59006801036
33.3971168802,5.22430195217
33.0857628569,9.39780129083
33.6940163627,9.01936769753
34.1196309036,8.8890888717
33.0170379603,8.98723305991
32.8694144319,7.07346969627
33.8286381057,9.61207339555
33.8881596845,7.44788691497
32.7699734088,5.57164841771
33.9939200334,7.66545208045
32.96277303,5.36265252411
33.404394124,6.52986831699
32.9553185213,7.97743334218
33.1733885316,9.80111986162
34.1472783758,7.79223082755
33.3982917797,9.4853996071
32.884785191,8.53453646943
33.725457587,5.69054783666
33.2362807494,7.4421175897
33.9301026123,8.89328029541
33.3870986309,9.72972954122
33.8380410649,9.48347948151
32.9981317975,6.82171576192
33.1042708716,5.04519141745
33.7360635036,6.65585163426
33.8338685239,9.19977007652
33.9714370788,9.06563736027
33.411077294,5.32030564693
33.6584951566,8.13689527875
33.8218238372,7.55188871842
33.0456737028,5.15168200607
33.4524868396,9.0283569241
34.1351458653,8.15517848967
33.7352193004,5.17031772085
34.0666485425,8.59745797343
33.5853180682,9.62918363191
33.9914900922,7.01247652633
33.4965817461,5.35054109806
33.0150318188,6.95380896789
33.9729406432,9.4618921003
33.9624900946,8.14551791947
33.6830935377,6.55773365233
33.9824792327,6.17362741924
33.5407010785,6.88506371038
33.9191343127,5.73015936363
33.0856906184,8.92905432661
33.1328140201,5.36393444643
33.3155853492,6.19299344571
32.968631241,8.62946029164
33.3859897543,7.93716917742
33.7354579348,9.32668206604
33.7563740955,8.32241021457
33.4180968255,7.83385338877
33.5960349816,6.33476287751
33.2307452157,6.38838197413
33.5054069744,5.86434864326
33.1378567797,5.12660171102
33.2071966422,7.58077116964
33.2435304946,9.46257311855
33.4080705776,7.62623055998
33.4907585847,9.67577090386
34.1048513702,6.93741012452
33.4935525791,7.64810016201
33.4456437504,7.72645490777
33.0611776867,9.99719658718
33.9370397826,9.68128798772
33.7464853878,7.14555909063
33.0450372191,5.38005126916
33.7634756669,6.00021446328
33.5481482167,9.17337993829
32.8429942746,6.1068415099
33.2698224784,7.65557071582
33.0225274716,9.88295851289
32.7342803029,8.63240006334
33.0022544806,7.40507137585
33.5642183443,5.93661803229
33.0163542605,9.50480982721
33.2623728279,9.51785580229
33.1083962926,9.83124599285
33.4875204503,6.45684445632
33.1817474214,7.99138283292
33.1762299069,7.6444124603
33.416626134,8.44847276893
32.9178658831,9.29392735702
33.6546813742,7.35257212534
32.9949141919,9.22580291762
33.6036214747,7.53931908582
33.0834846317,6.12484254647
32.9033700864,6.80378424155
33.8350669965,8.02993615883
33.0460826723,5.85955098545
32.8986416153,9.19152432179
33.6350829555,9.34313007124
32.9321781799,7.01986085446
33.7546544936,9.23853093723
33.8616024531,8.12002638474
33.8017769194,7.47229220624
33.2875818819,7.55783630402
33.567109771,9.37877476327
32.7811995619,5.43114392142
33.9648531062,8.64785568316
33.4718967442,7.44872037573
33.0593939778,8.60565857403
33.9522588328,7.12608540589
33.1973477372,9.11806996648
33.03300711,5.54993535802
34.1360837815,9.52933600251
33.1266917999,6.8062415837
33.4154129485,5.42460465988
32.9995362577,5.94962137508
33.2503178573,5.92584785023
33.8537318544,9.73806972111
33.0949301232,8.83606933866
33.7962437146,7.63264135555
33.9168162073,9.55227513914
33.0862704225,7.00346837953
33.6203637667,6.94453341749
33.9065924017,8.28501164196
33.5584613167,8.87174039326
33.7437498018,8.13373460215
33.7952769863,7.94181319292
33.9786623126,9.14378842287
33.3287306303,8.85039454948
33.651689543,6.62135371068
33.1264435075,5.20565197302
33.0047949506,7.5972590042
33.1185548102,7.20098580828
33.64126353,7.67573538347
33.3028823597,8.60681454063
33.4664953931,6.05893577496
32.88210405,7.98956539985
34.1376135274,5.29509305869
33.1822081224,8.90488626056
33.4841618254,5.95918986713
33.6552920772,5.94178651615
33.4198798001,8.64551343837
33.9821704965,5.097847746
33.0468492667,7.77104563959
33.0198389626,5.03932268104
34.0940849507,6.38089722915
32.950383913,9.79339181273
33.2879625275,9.0739361534
33.8969232492,6.61983291448
33.3356094212,7.60039541225
33.1336284441,7.78713284835
33.282447777,7.16584321791
34.1696554834,5.4602158265
33.7975313936,7.76537056565
33.5300960214,9.32333729631
32.9038088169,5.29137963824
33.6874070481,5.61447476753
33.775759522,8.78091712944
33.0954871547,7.3605795081
33.9637277197,8.55432302239
33.5996481365,5.23415924176
33.8968406583,6.96467582813
33.3098543386,5.1542751913
33.1415350247,9.60166512037
33.9488892668,6.8372726452
33.1173893407,6.6333156731
33.8754649153,6.2718431643
33.8898344826,8.55909424893
34.038899595,8.32095129586
33.2760933927,7.36066996715
34.0635409803,9.09069612175
32.978229184,8.80746428766
33.5849469177,7.44226403454
33.9145818734,9.78654341662
33.6704066246,7.96632174428
34.098012043,5.41560378193
34.0223283735,5.40378195174
33.8916931109,7.69333345419
33.8259832132,7.851730156
33.3735012767,6.43797288259
33.5795362961,7.62117641679
32.8671134341,5.55455470634
33.3692780218,5.59168626343
33.4397807563,8.36554423656
33.5292744796,7.35815665148
34.0216987495,9.78039757912
33.6882578765,5.35127333234
33.9942164174,6.5321303093
33.5947734223,9.99023798306
34.1028108978,8.99166220563
33.8458087971,5.93280818951
33.0557628754,7.84209170013
34.0189597763,9.58225213077
33.9464045456,7.45281498524
33.531366218,5.44950653915
33.0465977528,9.78417420902
33.6570224121,6.81053523147
33.2521159468,8.220533467
32.8208716072,5.26315066635
33.8275426041,5.69909274871
33.1225039575,8.76101402809
33.0149460544,9.70393778422
33.7466441112,9.82602252428
33.5060360013,9.55302042727
33.9027187294,9.96616817062
33.9044546398,7.04600005327
33.6652148544,5.0643234147
33.2430119526,8.36456819213
32.8161410525,5.91587358746
33.8656659535,6.01659541625
32.9574571111,9.05485816077
32.9677270494,5.11619385133
33.221407043,5.06479533656
32.7267098222,5.48445759404
33.3189948026,6.34338465364
33.7528952642,7.05605980535
34.0588283115,5.97967523245
33.8891898185,9.10701650785
33.0072114135,7.670677809
32.9870325067,6.29348204812
33.7462660743,8.63386262569
33.0061940329,6.04352336771
33.8483937674,7.36357065466
32.8316314577,5.81238721301
33.438231437,6.34145225246
33.2083544191,5.17539603878
32.8826954515,7.43034962097
33.1953325115,8.75351337102
33.3211222776,6.51142239142
34.0525982779,8.18858201879
32.905159464,8.21477393487
33.8681367293,5.57674755127
33.7869872943,8.71232495915
33.0963614566,9.49261238914
32.8805598627,9.05389480604
32.7184050666,5.3315807976
34.0776569803,5.81463553762
33.9894884631,8.43000526772
33.8888863597,8.85031254175
33.6897980566,6.35753449654
32.9806981738,8.18367435175
33.2942906559,9.72412481112
33.7726752403,9.94150803022
32.8802945583,5.44883976136
33.4289728895,5.11697752979
33.4539548644,8.81855793775
33.3274198891,9.81688954202
33.6907493726,7.48126176215
33.0970196762,7.44379589524
34.0116301098,8.70415685774
33.7191422305,7.85359673154
33.7508212843,7.31150629061
34.0686062454,6.61076323459
32.9212562974,8.43349423195
33.3697602674,7.76421614655
33.0338187606,7.15300496666
33.4998816343,5.0398924039
33.4397039991,9.97251236199
33.5553584538,8.62840063744
33.7733241858,5.61108490262
33.3948505582,7.16965651146
33.6614527392,5.83707879021
33.5029252102,6.20219275299
33.9575627531,8.35122018577
33.2114797727,5.46916145316
33.6379914124,6.26698769493
33.5901721908,5.34336331261
32.8613239385,7.73743097032
33.4095792293,8.91228102223
34.0629440017,6.96682417807
33.5777577446,9.70787584081
33.6762331618,5.28437290429
33.6596514127,9.74862574982
33.6295172355,9.52998679209
33.2936757354,7.76028549905
33.1291122735,5.59552740272
33.8407904102,5.81197944766
33.1883928297,9.21389986805
32.9206314937,7.26174913496
33.3555977829,8.15999823673
33.5814155151,9.22534827555
33.8944791024,6.42729549321
34.1358697688,8.320523982
33.3542853492,9.40106031786
33.394280035,8.50426949488
33.3152392194,8.52058408154
33.7461473995,7.39715443969
33.3302451925,8.40356837254
32.9559106351,7.65021954356
33.9192121253,5.65956066159
32.9142572631,9.63288720215
33.8451252053,5.26198464507
33.6125681855,7.86747764704
33.3493199954,8.04295751861
33.3116635716,5.44268144956
33.9396762326,7.90332402512
33.3491355191,8.94000828116
34.108690188,5.14002446474
33.9667135774,8.01341591925
34.1377272257,6.0328455178
33.4592849424,8.09705211658
33.3577655491,8.62680151399
33.0550875865,7.52070071393
33.2057523276,5.67249870439
33.910571573,7.81267039903
34.0711102257,5.33507821892
33.2518008904,9.2310992104
33.9037471681,8.48666672034
34.0448422659,6.23533131017
32.9268592529,7.34480274872
33.8131566092,8.52977682444
33.3236951089,9.00797933835
33.1707857192,7.49997749542
33.6098588158,6.85533487984
34.0034085383,8.06653619117
33.6542487298,7.76648347595
34.1037396557,7.73613791056
33.4695751523,9.15134670253
33.7067213765,6.97997868128
33.9925100065,9.32915749963
33.6390769055,6.10217225436
33.3479800259,5.67332353136
33.8879297616,9.37305932754
33.500293326,9.43192464165
32.8404429538,7.66008995043
33.9278278152,5.16919360607
34.1310061531,6.71119310251
33.8012530856,8.3678773576
33.6302457184,9.05906887942
33.8168266863,8.93793090244
33.7908307612,6.96479687534
33.761727178,8.27115720951
33.9613161744,7.59616320097
33.6834153294,9.97684707633
32.9131211537,6.86734767439
33.7678184778,5.40193610713
33.6653874512,5.53089521974
33.2140211618,8.45717729987
32.9110278309,6.02501135525
34.1138486457,5.05303309972
33.5102918182,7.56252836468
33.2722398841,9.39527229979
33.8677428069,5.34003947268
33.5474323073,5.70190138922
32.9945333761,7.89564331609
34.2673097461,5.24577495832
32.8056727157,8.38759986096
34.0703757467,7.06503418997
33.5670196978,7.08297732467
34.0318995025,5.1486101583
34.1570089495,6.94188886435
33.03309889,5.76440923117
32.8573385905,7.81196532515
33.6276158901,9.14222733351
34.1091590147,5.65259579934
33.0330872189,6.22162840373
33.4547047184,7.08788395289
33.854510692,9.86259973699
33.8030837428,6.44450497148
33.9963591684,7.20819883372
33.5305366887,7.88232348626
33.4084329354,6.18281859057
32.8163390691,9.17658646093
33.4688275552,6.14594471744
33.4708029015,7.91581527142
34.0604060929,8.0134074491
33.0350034528,8.73686849321
32.8049028876,5.36694480441
33.4700466781,9.76256260509
33.5582079155,7.71634024535
33.0230215795,9.58707378508
33.794913952,6.82564568552
33.2057406022,6.13041325887
32.8219312225,5.05852436684
34.0732635852,6.53143929447
33.9030865339,7.24378011935
33.9019446032,5.25905021271
33.0848823269,6.01843675799
34.0216483454,6.43218908905
32.7620015193,8.69910082499
34.1217129852,7.00417004968
34.0346383071,7.80553227266
33.1549032715,7.00275766138
34.3696495561,6.09666716253
34.682413245,5.53932300349
35.2374635898,8.84130253665
34.5605504733,9.72179053774
34.1855435929,8.59106206248
34.489733889,5.35881456068
34.4382310391,7.20476836785
34.4404503967,5.26234062771
34.3699540511,5.20660914888
35.3520736331,8.27779638185
35.4894494619,5.93581015912
34.5698763621,6.24509716096
34.9833433371,9.22793036399
34.970502514,8.31818190795
34.5849030378,5.72607354692
34.6051348427,5.56680687731
34.2235289459,5.0567027969
34.8990093969,8.70565227438
34.1737408469,8.37217064071
34.7386543776,9.84293624005
34.9755390673,8.85542553391
34.3714928585,5.41623699334
34.3468751368,6.542139785
34.2660457249,7.45489749632
35.4383007637,5.64116671796
35.1731430483,9.56427752001
34.2611962083,6.72040689373
35.3870438741,9.71781254174
35.5162528705,5.83581276383
34.4307279904,7.98109645323
35.3171755274,7.32268971097
34.7952935048,7.97048996313
34.9120808456,8.09884689537
34.6520912291,6.5194327876
34.2262687958,6.99672782277
34.296317817,5.13840792946
34.3700040836,8.63083401594
35.1276492312,9.2579968667
34.6136082826,7.84397276787
35.2486205033,7.6607016703
34.6771492083,6.41439344714
34.7452636745,8.04130233854
35.1027317584,6.54971913627
34.550228519,7.80252155616
34.6369975564,5.49035201119
34.5608814476,5.22117243183
35.4475894205,5.20377878179
35.083225075,5.56909756773
34.4709616173,8.58057036193
35.0165611536,8.05063328167
35.3367861774,6.45247426814
35.1654952747,8.43513041765
34.6028490523,7.7522702369
34.9962970641,5.12385262095
34.7438068355,9.01283724404
34.3682202218,8.87509416435
34.4911873973,5.18488628985
35.5108400682,6.20156718561
34.433231161,8.82877214433
34.6079692231,7.94703607479
34.8605906183,5.24102079948
35.1945340096,8.6218649232
35.3380417329,7.73070250126
34.2224891301,7.62593086979
34.2722807341,7.64861472326
35.3048547383,5.05915952835
35.4994452634,6.50363137038
35.2422970967,8.1611006987
34.9313329674,6.37307847734
34.838843795,7.01736207798
34.3312336822,6.92774001979
34.6116231546,6.72247191992
34.9572685137,8.25122156739
34.6123451329,6.83717560528
35.3161951711,6.74136448485
35.3630875081,7.95851969512
34.1014999486,7.50739805239
34.6946855263,7.54971779873
34.1956695429,9.75867994189
35.2306107979,9.50174451913
35.0683875244,6.00635495552
35.4606833857,8.91243629792
35.0139574399,9.42417306831
34.7752882556,8.94599842676
34.7705383151,6.44981961111
34.4962176576,6.46946068806
34.3370801545,9.2943675444
34.1088378187,8.39471703687
34.285552248,8.77268291986
34.9895234061,7.87121025709
34.503990173,7.95874004947
34.3867218788,8.97020944718
34.6295767288,8.41055058284
35.3656197604,7.16694879092
34.9724263463,9.07134512719
35.0888457886,5.40171928448
34.5096842022,7.00344132921
35.0623304211,8.9012425448
34.9000133935,9.97656049038
34.111224779,8.24616333641
34.8207819517,8.38927382904
35.2388916023,8.55162896316
34.990167516,5.79233195464
35.1329774481,9.80159914473
35.0325287335,5.45742831602
34.7702077909,7.09403364755
34.5512785683,7.38240627482
34.8147057476,9.3342509011
34.4998363617,9.18686010287
34.4038012928,9.33844977619
34.2105245866,5.39429456568
35.2248100921,5.74584012914
34.5145416002,7.4569439337
34.150114127,5.35953854426
34.8050929938,7.5580829687
35.3196489297,6.90341474541
34.3341946573,7.47502794561
34.7793854985,8.28662733897
34.9481185587,8.68778219693
35.1840869664,9.65064760308
34.3364895363,8.10170857304
35.0820858643,6.20080728595
34.7328012629,8.11455630351
35.4331943207,6.03435995378
34.6467353354,7.26697687583
34.6361783993,5.14220588402
34.2907002334,9.62482395795
34.618997093,5.37374970873
35.0215229442,5.91055311584
35.1092959434,5.48079518964
34.1232656964,7.87105592254
35.3839535744,7.52110529909
34.8833067159,5.76936693206
34.1233103057,7.41354978076
34.3755941125,6.78339586378
34.912541723,7.58766405632
34.583017114,5.83792349832
34.2056241097,9.49669039133
34.4413062555,5.49764099849
35.310816277,9.76381707752
35.1629019024,5.52822514349
34.2805506937,8.84025410564
34.8460393028,5.59989654053
34.7667210465,6.56500013172
35.4630464297,9.99052932069
34.4112958625,8.21117493755
34.2831177504,9.52372238991
34.2612247313,8.23544987648
35.1813613461,7.12997426599
35.3625391182,5.91500673481
34.6476348018,5.79648410514
35.3453903785,6.01523840935
35.1916245425,5.61738392079
35.1162524,8.10324914643
34.3734335149,8.02171302122
34.6132069537,6.0995272926
35.0938128329,7.46140644927
35.388292628,5.74561040332
35.3217528544,9.07375008914
35.237059859,6.35996578142
34.3763975718,8.75643949342
35.2642792646,9.69040552966
35.2882742222,8.61858821901
34.6632877517,9.71698701425
34.4272297139,9.13541789402
34.5908325311,7.19699531398
34.7801882666,6.84677983442
35.3484206273,5.51666582026
34.7241016563,7.17098517568
34.440174648,6.14784964297
34.6335237922,6.32360152281
34.2851703147,6.62828528018
34.4723112424,8.90065783603
35.0402605122,8.5837443354
35.0592595992,6.10942491854
34.6535893795,5.24472015398
34.4227337361,7.46153396733
35.0784822567,8.79696281621
34.4963029338,6.22226460315
34.6723373485,5.70192169731
34.737178025,8.48510682659
34.370952026,5.72017550767
34.562008743,8.57620241454
34.5492376479,5.96470897206
35.1526114863,6.78941288127
35.0150569898,5.20004433213
35.1445572305,5.71907883663
34.6384392999,5.63562549976
34.8246920089,5.68504456995
35.5249504624,6.04071815773
34.8575739419,8.51244442223
35.2556220028,7.51718088538
34.320194973,5.64403528989
34.344144952,8.54226753488
34.2033404168,6.61828387788
35.4416947457,9.0864595194
35.1630472081,5.3823267714
35.3703972912,9.94252280761
34.2709554518,7.93913885027
35.4769091672,6.12815302189
34.6329589281,5.89826931943
34.7250805184,8.77113776031
34.8919946314,8.86070895726
34.849708653,5.9937792421
35.2532587579,9.19628480814
35.1433576988,9.94789678873
34.7626608548,7.70676554747
35.0134377092,7.13020407276
34.4134860361,8.48942793034
35.3861899741,7.25162549472
34.6746717667,9.09354624869
35.0074537651,6.69626604991
34.8188842478,6.66186822233
35.423782491,8.43434909696
35.0078062711,9.68841972296
34.9849304914,6.92327160595
35.285314393,5.58764027131
35.4406713968,5.54897077901
35.397204303,5.4217886185
35.4082785082,6.33168462562
34.6156797919,6.16331484777
34.3429127932,7.9550441434
34.6640425473,8.16209277765
35.2175184598,9.38252831538
35.3578227781,5.60852489101
35.2642689073,6.66033908623
34.4599298195,5.10882094731
34.3392827622,6.01866332772
35.1854856641,7.02672825499
34.9176748212,5.15046623675
34.5935677503,9.45960999812
34.5990814226,8.20416235812
35.4312190172,5.82185012216
35.1649515767,8.00156051964
34.5228904391,8.36636954972
35.3752926349,6.66963708571
35.1045034374,5.64474510781
35.2487788463,5.97417760183
35.460356368,9.74176020652
35.2148285133,9.27251366183
34.8926258423,9.65891303012
35.1845843475,6.58321272696
35.2064156025,5.81726304535
35.1953186999,7.87203445133
35.4139360974,5.04880076504
34.5912702328,9.79330608808
35.1748766658,8.18570146459
35.2823105675,7.71015265263
34.2095932738,7.42890300642
34.4555326465,9.41429928262
35.0912252697,7.1785896864
35.349792999,9.02127622969
34.1994475989,5.94064570216
34.5702423983,6.45566604342
35.1166028443,5.29575742048
35.1144100737,8.62957677541
35.1907669995,5.23711621909
35.2454485434,8.25895788741
34.8379743284,8.2364648907
35.2739044469,6.96941448114
34.392165054,9.51817318228
34.9948875043,7.52932999476
35.3095409518,6.82911573716
34.9401100071,6.82127871485
35.3637592853,7.39845664882
34.3020228146,5.83005809019
34.9327254029,7.02258399819
34.4967519045,9.79181699084
35.2399104015,6.13653670652
34.7096239189,5.85482684846
34.7116382813,7.89048396149
34.6041110045,9.06543786201
34.4560693263,8.9792486868
35.1080477623,9.56486596399
34.2633669007,9.99136654394
35.0591799005,7.82186008686
35.3732507474,9.4369563157
34.8599456577,9.1603494695
34.8634945006,6.91854685624
34.175753425,5.24677291848
34.8859006035,6.16399192056
35.3085853275,6.1985913773
34.8372917966,6.38678239735
35.2117104129,9.77398124483
34.5052285267,5.04577636298
34.6929020956,7.37765030148
34.5168472738,8.78951285471
34.6645970634,7.66815311664
34.9444449144,6.13004331595
34.6905673512,6.87568971142
34.2688968789,6.07786015929
34.5758581494,5.64678199944
34.2301022206,5.84961737864
35.2129571666,6.49880179992
34.5331551467,7.16325282212
34.6743392071,7.08039093595
35.0226743876,7.00268268515
35.2855679887,9.86096913375
35.3536390222,8.93116974504
35.4578519169,5.28565891437
35.2570807247,6.44179954259
34.5609424733,9.62073169681
34.6378305177,6.95559642014
34.5252000842,6.357022913
34.4110069045,8.39719423541
35.1988112735,6.25070746785
34.4648937469,8.02840695511
34.1818629812,8.47216876363
35.3901207622,6.8826371024
35.1721354513,5.04401604609
35.0403648658,9.81209475327
34.6009780003,7.05098086108
35.1792193798,8.79071468081
34.5640822663,6.04850408615
34.728025942,7.45908261418
35.335797115,9.52902817746
35.3300380386,8.52100389566
34.1619286658,7.10313726311
34.2572873461,8.68536682813
34.2785317392,5.35440129637
34.2688962266,8.03311915718
34.7106065946,9.16140975741
34.8700131648,8.01561320856
34.2837644951,6.00280469822
35.3256394459,8.17748517586
34.8242193193,8.1601196241
34.5320795286,6.89664392745
34.99845694,7.95676792685
34.6141937942,7.35563229761
34.2061496486,9.56841477831
34.4911180163,6.27493216158
35.2750384184,5.85792738646
34.1979724397,9.23739022982
34.2726186619,7.09540776869
34.2375232845,9.15144682865
35.3137575517,7.89331933704
34.8100891985,9.78173748812
35.2927798688,6.38413022873
34.7360012594,9.38795818606
35.3489062313,5.35797210591
34.4698509284,8.42090008403
34.314305391,5.91586377031
34.260221343,9.27666662125
34.355066831,7.38889480166
35.0480365512,5.69848276612
35.2214166739,5.40682254576
34.8471774347,5.05876115569
34.7009150003,7.77600666583
35.2992621335,5.41643098229
35.2939681369,6.54408625185
35.2765379997,7.21622273063
34.8383094369,6.80149578841
35.4316543378,6.42975212309
34.9252981462,7.23286675042
35.1064109023,9.38025414857
34.4921714546,5.59102231586
34.5297357711,6.14305731953
34.5842498329,5.08837854425
34.239482818,7.79225817508
34.563008607,8.11584585144
35.2189603108,5.12325651957
35.0968715063,9.63134115087
34.5765996737,8.8867107502
34.9297405348,5.55265320556
35.0027435733,5.52940613089
34.5306944511,8.63608458746
34.7545631059,6.91241919847
35.3526118168,5.27477315295
35.1484006215,8.70741653136
34.3559723967,8.36312562829
35.1709962855,7.22307068984
35.3824305432,6.50759989681
35.1222769563,9.85642475297
34.5515329767,6.54419948114
34.2956351613,6.4998762659
34.9748796693,9.50083211728
34.4266544742,6.24260059581
34.9981511216,7.29160827443
34.4646417637,7.58756362535
34.2772187305,6.83082809205
34.1604158182,6.37226351665
35.1666507977,6.34059380738
34.2806673385,8.58073265702
34.5276546193,9.09517464499
34.399598746,9.74214492025
35.0852569752,7.07018783176
34.8508981334,5.51683052742
34.7522765319,5.76925933131
35.1813786454,5.45453338595
35.1825007185,7.9450779174
34.3977414532,9.22113979398
34.5244982143,7.75102995649
34.2650797353,6.32876927449
34.3741188211,6.18522174898
35.3146089414,8.41150643345
34.4130135638,7.89085009079
34.8362740678,9.71749702281
35.2907615822,7.08759196981
34.9292893839,9.3320524973
34.7522671107,9.55783657676
34.7444096437,5.94008892329
35.0186965872,7.45393178033
34.8079405292,5.3559170318
34.5061427813,6.65458066075
34.8406762225,7.37210386847
34.5797271655,5.03030434202
34.9400812969,5.96314161592
34.1272247349,6.46466433398
34.4211269355,6.96264202086
34.8955788351,7.81821613079
34.3463682642,9.41004327293
34.3955074438,6.310984133
35.1031281843,6.94354472916
34.5280943521,8.48406527806
34.2204230041,8.88158570069
34.274466934,8.9100156505
35.4918159075,6.34711163458
35.3102250376,6.29536946886
34.2691308771,5.74679688538
34.3686318673,5.51412380212
35.4227091437,9.64713909928
35.2855604053,6.06166257799
34.2161949296,7.88383492072
34.2010933639,5.30465817225
34.1583900301,7.58081763575
35.0448086117,8.36703078412
35.2922684748,9.00678627821
34.6290270474,9.36884873539
34.5279527493,9.36008045073
34.9650341243,6.04792559385
34.2375072345,6.42331464071
34.3487000888,9.04512918677
34.5471821357,7.67030362259
35.5069862628,6.2677352702
34.3927894329,6.00036335474
34.3405408261,9.13253439661
34.9001510468,5.3481592138
34.5363069994,7.25239249639
34.4009788273,9.63664102754
34.7497156095,6.32454634392
35.2092808727,6.87405310488
34.8233600692,5.82802130903
35.1416801752,8.52448784058
35.4107728378,9.82405198861
34.9054452986,5.63582169481
34.8968063017,9.45418646966
34.6011480053,9.1481947417
34.7099935683,8.68323004157
35.2468681385,9.11128379862
34.80125873,8.84438084175
34.7443155223,6.03317444889
35.2631682024,7.98991568212
34.9444857396,9.87769009354
35.3190343689,8.81989324872
34.4132041776,5.04623765773
35.4287024361,7.61401789148
35.2400768395,5.51406567985
35.0423314544,6.84101629043
34.8710738183,6.45217693615
34.4836637448,5.8233173835
34.80301872,6.08931606998
34.6355299255,8.80371998493
35.0130787731,7.63928360852
34.7295477531,5.33132236279
34.2002322276,6.32484006282
35.2748557646,7.42706303237
35.0289988599,9.93854054337
35.0999481514,8.01528846776
34.6048897279,6.39381150552
34.8893382462,9.05206218221
34.6640160787,5.05757508782
35.3824344288,7.10367386379
34.6507397213,6.01193965925
34.6744183777,6.22491647366
34.8335116175,7.66144143574
34.1795332339,7.4928632648
35.0653365304,5.06477660709
35.3649997003,7.46160125193
35.0978801833,8.19130467626
34.1888892129,8.79271845231
34.2699904057,9.34849912165
34.5484187377,7.53033437495
35.3996554284,8.33903241246
34.2411354687,7.20341735297
34.9285158665,7.71097260065
34.7809022344,8.60187116606
35.1933576856,7.59958971067
34.7504926963,9.74251167737
34.8872043858,8.29833887736
35.3659345181,5.15930076204
35.4073239088,9.58203017415
34.9191352771,7.44107306953
34.906018985,8.19765850387
34.3450223875,6.37990527067
34.1898196302,8.22460807934
34.3585802185,5.30261457664
34.2248111523,6.01657641463
35.134329475,9.46410646427
35.1527414137,6.69020692342
34.2646210141,7.54748888181
34.4380785504,6.42159009662
34.7941849362,6.20075018754
34.9751103643,7.79182511885
34.6088557004,7.13088533391
34.5665374419,9.28723857031
34.7563277839,7.62982371577
34.8644794979,7.50945306885
34.3790954481,7.53687454886
34.8924507953,6.23415839032
34.9345887255,6.28724511012
34.9865627679,8.97736931225
34.6419621877,8.06072353604
34.7739530818,9.65614044104
34.2510122449,9.43831342816
34.4522075498,9.89745514912
34.5651335225,5.28766001887
34.9821174066,8.74964110519
34.3352818498,8.19710400254
34.9920273594,6.21256096062
34.9249270297,7.13401760726
34.3854080616,5.81894406292
35.3990822108,9.00786392383
35.0034790181,6.60832221044
34.5035944225,6.78278296707
35.2545228279,9.59050706301
34.3767281605,7.04984678253
35.047362064,9.52475462091
35.1241825552,5.17448446483
35.2048972814,7.32173092825
34.8502982365,9.86943035171
35.4556607233,7.06265890751
34.5463263057,9.97914268037
35.2067985718,5.88649336677
34.1683912613,7.97454012263
34.431346088,8.29922488198
34.284464996,9.88253136244
34.3873204227,7.79561507774
34.7705937024,7.28790952441
35.0910570896,7.55819051891
35.2982792905,9.2511824293
35.0497595213,9.12934888071
34.7643839237,5.23873213726
34.8165099001,5.15731861618
34.7844424898,9.22471847326
34.1356912515,6.5567848722
35.2748431182,7.5793627162
35.2970015565,9.32646525209
35.2394914601,5.3185363088
34.1402938114,8.68920268513
35.0373657434,7.73689266279
34.9618989042,6.48824647914
34.2556829253,7.35633195481
34.4360415658,7.71057651021
34.7024987749,5.61048575719
34.4085355303,8.08402379666
35.1939664038,8.06063754494
34.1652423821,5.78437177709
35.0507366605,8.6856916918
34.3147778116,7.73554911158
34.2884090055,8.50239588291
34.8928452173,9.22602691984
34.9184912046,6.70263291288
34.3188029907,8.295370641
34.5755542162,5.16240752069
34.5577971646,9.86030935182
34.3943726468,5.12655845845
34.9936083363,7.37791453281
35.2301178725,9.0294812404
34.6612712319,8.58609690784
35.1477534158,7.77019301218
34.3002280023,9.2183619038
35.0478044591,6.39317693939
34.5084716204,5.25915596889
34.7179817491,6.67737254088
35.0277318724,8.2654340688
34.8553967992,6.30478149784
34.7564228357,5.03370570173
35.3595544444,6.11627102313
34.2090652976,6.89193516483
34.2082368459,6.52247727383
34.4767006611,5.71926712644
35.2856246081,5.77642990566
34.5152641664,9.50876555425
35.1056868551,7.66703627164
34.83208202,7.74881709039
34.9888717631,5.61752637309
34.7722298031,7.39363188941
34.7425391912,5.67065565234
34.2923354262,6.17168578026
34.3478678146,9.93362980832
34.2715824971,8.43714248771
34.6497147162,9.90743418366
34.2726191819,9.06783765885
35.3781352175,8.61216186485
34.7460541298,7.01225039237
35.2918372246,9.44463857988
34.4321682743,9.05102805738
34.341253973,8.42846815659
34.7832773374,9.1001681768
34.9464541453,5.25789092023
34.9417708347,8.42395042481
34.6000534037,7.59115907718
34.6646586595,8.2834337773
34.3429910936,7.1584990925
34.4822834045,9.69261021813
35.0895920325,6.28455527111
34.177080224,9.33083430867
35.3353663475,8.71510579694
34.1021011844,5.4934095714
35.0153889923,5.2919118632
35.2672521173,5.20850991045
34.9584982394,8.53078239726
35.1076741409,5.8224216229
35.074282788,6.75575708212
34.5464410058,7.09345075519
34.7997133946,7.83073768377
34.9173243815,9.77571356185
35.0807919535,7.3797699928
35.3808394298,6.98318552491
34.7731293907,5.61903652476
34.1794193625,5.70438088359
34.7870988335,9.48803856242
34.9389557453,9.13966589286
34.4504174275,6.31007291634
35.2369276845,8.46924683379
35.2018907429,8.11927938451
35.0327142015,9.60009433773
34.2303195161,9.81969323752
35.0685073826,6.49089348061
35.4316558778,7.14681212472
35.159900273,6.05594227994
35.0711329186,9.03072164764
35.4934726753,5.74135895734
34.6147280814,7.45914244434
35.4597963407,5.12967642175
34.6923911229,9.47822191649
34.4774465623,9.28828680284
35.0712624748,9.22746994432
34.2640060828,5.45636616686
34.5304455398,7.87316798975
34.9816236854,8.64273652618
34.6733533788,9.60155827097
35.3687594403,7.79359631496
34.8393117672,7.09412957071
35.0373210367,8.4824422475
34.4672119003,8.68406277189
35.3946574209,7.68337533544
35.3522420569,6.38207421727
34.2418936453,8.14313581364
34.6148334942,8.50478227947
35.2959145185,8.33096425098
34.6580461857,8.99950191702
35.3441064876,9.16555246663
35.2152040858,8.36844482267
35.1169057027,9.72338249323
34.6011266696,8.69345233771
34.8961068452,8.78433473333
35.1522023292,9.06769349605
34.3291427436,6.26642940987
34.479849728,7.80741481573
35.1171416202,6.84966032218
35.145604611,6.50126173242
35.4329914529,8.53955208157
34.4149730813,5.64394846905
34.1943415679,8.06771208493
34.4712531476,9.58768043677
35.1650403347,7.42374344986
34.8991653778,7.92698069715
34.9984084203,6.75353884868
35.1626432527,9.17854300405
34.4713799598,7.10655336259
34.7065342552,7.98649500777
34.3425745484,7.27821282012
34.806614901,5.29906437532
34.808283747,9.41792946249
34.6604670758,9.81436047158
35.5849816537,5.87743347459
34.5719716679,9.22195874497
34.8170149947,5.89197263765
34.2235455012,6.24820787734
34.9388259337,5.46064225904
34.3453074651,9.83451195656
34.9480346318,5.69970599524
34.5424033102,8.26912606222
34.6123141254,9.53161646325
34.4434707195,5.92449394555
35.2532825317,9.97224538654
34.7206100722,5.44616314103
35.1010071669,8.44304382663
35.3940277749,9.29619870325
34.9582629028,9.57670253411
34.2956629333,5.54855657691
35.3004702298,5.68341230367
34.6592931053,9.24387425261
34.9045107771,5.87585460017
35.0926262715,7.91755775762
35.1558028309,8.86608505455
34.8451776894,6.50914454887
34.2157188666,5.51786370535
34.868043343,7.28718481045
35.0487911167,9.31587986381
35.4657737843,7.67197454742
35.1280391294,8.39031428394
34.5373786905,8.04430012929
35.0632333471,6.67947816574
34.4796134209,8.11853709628
34.9968004921,6.3126424788
34.7337307671,8.35334097076
34.1975865969,9.67693346821
34.4705806526,6.0413748551
35.2661548179,8.0975123418
35.2738770107,7.79899956136
34.3901092509,5.58146679877
34.401141571,8.14451306482
34.8154566982,8.06812908018
35.4440823514,7.44869064994
34.8088487085,7.45866944927
34.7334521806,9.3083649724
34.3129393682,5.03523861191
34.8245197645,5.4266729312
35.2288093183,7.7221068867
34.2202370342,8.30775799776
35.3613451641,8.06652695668
35.3434747715,5.81622177397
35.2315741858,8.93839222448
34.7707156373,5.8599040628
34.4778884015,8.20810254631
35.4154427268,6.22802755986
34.8708111147,8.94236410179
34.535634117,5.87820884483
35.0085185204,8.16800098641
35.0998883875,6.61278139395
34.4376978299,6.8800784348
35.1274056244,8.96694043331
34.5437495399,8.9920706781
34.9540310529,5.04761160495
34.7160840585,6.79151986478
34.3032031355,7.84828039541
34.3512074502,5.08253461887
35.1721800178,6.42354098582
35.0063154369,5.37681112753
34.9222277956,7.3399071175
35.1282808025,8.28433728824
34.3516238315,7.62562428666
34.2973471935,8.98227135544
35.1431532336,6.16732235971
35.1850188185,7.51014532214
34.287166667,9.74264578205
34.3688773245,6.47433594297
34.7399090468,8.201728238
34.5428890782,9.42422049003
35.2335542576,6.75853223054
34.5333260513,5.11629227733
35.3209757937,7.66082603035
34.719608439,5.1526147691
34.1378132488,7.20213622647
35.4764141843,6.88959184066
35.4411526878,8.97978971299
35.3196355446,7.51501684698
34.8363618366,7.19175739209
35.2570264094,8.76325998436
34.2722109361,6.56583512065
35.142485938,9.32324236774
34.8117003432,8.71701967983
34.8476716543,9.55886241368
35.0973905936,7.28050599601
34.4443592148,6.54543549104
35.4100332664,7.34163343344
34.2940569983,8.37335922709
34.8964088333,8.62179381742
34.6933179168,8.89695865127
34.4559382415,7.33483170065
34.7606325967,5.54450677548
34.2143561915,5.61758325564
34.7041957382,6.11614497115
34.5389161311,8.174591486
35.2374183415,8.69584798783
34.2317985388,8.38856781456
35.3390283116,9.63560992241
35.135724812,5.93422262035
35.1894293932,9.86699179143
34.8874271462,6.58650861261
34.1955352924,7.82779151209
34.2100588511,9.90747690584
34.4182627537,9.81835528008
34.1968826523,7.7106880669
34.7898833349,6.73622217115
35.0055441006,7.20461325312
34.770065391,9.94897129084
35.3539831285,7.58710357641
34.542591304,5.47530307924
34.8862057185,6.09368160807
34.8116287713,9.00964761995
34.5477641057,5.79186294917
34.574998522,7.31858008232
34.9355800446,8.01048811024
34.3773746617,6.65487133673
34.6099726028,6.61635889605
34.1567338043,7.29830834986
35.1840391201,7.67904405392
36.1431503725,5.36002001228
36.5753773657,7.42005610009
36.2367191769,6.20018785067
36.2778135168,9.03636336446
35.6432852254,9.91429494462
36.3970463583,8.89775538405
36.2339167199,8.36517815432
36.1572436926,8.81449753695
36.6247029774,7.72943209585
36.7041597883,7.07727678184
35.9228822795,6.74778824828
36.3314911887,7.0884127646
36.3670586778,7.96868888196
35.9461247277,6.48502288304
36.7774088184,9.12053277885
36.5785011707,6.16714534245
35.7816378414,8.10366621362
36.0301261767,5.73630785214
36.5532936028,5.2524423299
36.4696644557,8.89928243859
35.6688559708,6.29987307822
36.5290025002,9.5217722429
35.7408624029,9.1822341034
36.1137371619,7.8780832909
35.4736504023,8.62941795039
36.636178609,8.65244725668
35.8958315173,6.41931569494
36.3863895207,6.87672389798
36.3439731236,6.07881681386
35.8089287832,9.67433455494
35.4247985252,7.99827322673
35.8393647552,7.05001253215
35.7377128272,7.27993009103
36.0840758272,8.6164047859
36.8113428034,8.61706028268
35.7683409033,6.59768338044
36.5665020662,6.82951996856
36.0335319222,7.74379390317
36.7089251135,5.55464200819
35.970919439,8.9989833494
35.5150463755,5.2182950526
36.6158738035,8.81583510185
36.7692804219,9.85812280701
36.2222949487,8.71859793267
35.7843491635,8.27512756467
35.7540095263,9.49722310266
36.2071251147,9.58648411431
35.7742424012,8.37934954299
35.9051628908,5.74468538011
36.1605863356,6.17136590075
36.1788321743,7.42349715534
36.2243782547,6.3850245548
36.0813754299,7.2434141235
36.5635681665,9.23874716335
35.6715375911,9.62357028445
36.5192336625,5.58837587758
35.5385023412,7.69335108981
35.7824536617,6.06791303745
36.6224823028,5.37426034805
36.012325066,9.59284354742
36.024456667,7.07817741819
35.4105873028,8.83509905994
35.885330739,5.05465657987
36.3050427329,7.90920763176
36.524472583,7.35743209533
36.2719407516,7.40715140771
36.2349898775,9.49191114916
35.7390577249,9.90705749864
36.0158846767,7.29554806558
35.836348958,9.53944714285
36.7866145161,7.8931271103
36.5664944169,6.50253247947
35.9612189736,6.57559351112
36.2462570155,5.67366720971
36.3317139611,8.70930035263
36.2470197964,9.69597250507
36.3438315789,9.68926975974
35.5226773311,8.10682110541
35.8033156136,6.16028220533
35.6662371904,5.76543846091
36.0196420824,8.6955012631
36.1352200441,9.45404146501
36.5340442527,5.50527881904
36.2757478233,5.13588073259
35.9730317579,6.66876570189
35.6775263687,6.61958137778
36.2383316701,5.8482793809
36.4501426648,8.61494506028
36.2220956362,5.22206696212
36.5866501615,6.28009130685
36.0742272051,9.84551789706
36.5345608172,8.95520363414
36.3011069945,9.59425244238
35.9689339977,5.83154294983
35.5205165261,8.54511039948
36.6380375554,8.9421231074
35.9988671825,6.29521985929
36.4077366259,7.54376153072
35.6189650999,7.55986246361
36.0034611724,7.66479792849
35.5269012165,5.0579564313
36.2019058503,7.80552072262
36.1682183401,9.04652688314
35.8737688922,8.11879988931
35.44440747,8.27441195383
36.7022879321,7.62828413219
36.0877460802,8.0627391507
36.6352531844,7.41034192632
35.5381479704,9.46983475647
36.0386280192,7.84262578516
36.485843371,8.28187937537
36.5878379179,8.88539538945
35.4825478687,5.47024925461
36.7906106054,9.18358226415
36.3054231829,7.65448526998
36.7452653662,9.56624982472
35.676830441,6.07531350809
35.8021945938,5.03157560827
36.2809528067,8.81544252162
36.2457881458,9.78637215557
36.0539662691,5.98137607447
35.40652522,6.77779134594
36.374750037,8.9888659776
36.1209264058,5.55102230353
35.6797917438,8.27797407049
35.4993940801,9.67314157728
35.6583919767,9.14166724809
36.3408308143,5.85930337293
36.6675975072,8.49639314901
36.1393828526,9.3663890038
36.7038400498,6.40947170083
36.5673787729,9.34212659287
36.5296173195,7.258231141
36.0235531062,5.32810922003
36.1363490979,7.28379284337
35.690564223,7.8295774477
36.364302078,8.61860303499
35.5474840994,5.1506139078
35.5876032193,7.41083001051
36.4533049635,8.83839365612
35.576857669,9.19553883332
35.5430627406,7.24727886492
36.5900392773,6.39432507874
36.7354452184,6.14032511225
36.047523459,7.92703279903
35.7731524287,7.3816876548
35.7154420502,7.00943770061
36.6184001039,8.30830967885
35.9568355151,9.65481816699
35.5511670611,6.64528026567
35.5583566654,8.32248645394
35.7731902323,7.76691888213
36.1372176279,5.98273733947
36.1005888213,7.37390976629
35.992472908,8.19509406861
35.7809947368,9.33931481559
36.1758612065,9.8232918797
36.0366659043,8.00451896482
35.921259729,7.31321927905
35.6056233453,8.52474774486
35.6535746021,7.91082208343
36.7573652917,5.86011387721
36.5159143065,6.70044447152
36.6912691576,7.14519147767
36.7582340832,5.77467991565
36.1230425353,8.70746579876
35.9677534983,8.07674857737
36.1701462129,5.91882885469
36.0040391017,8.49709733255
36.6064561165,7.10742035717
35.6688328188,9.22630498473
36.2102558708,6.57291415301
36.6828004187,7.73139829773
36.1215038898,7.73949175619
35.6792011831,5.25558656213
36.1742509387,6.82586681877
36.4711059727,8.73507027365
36.2990399037,5.48298656274
36.2724711845,6.29430617175
36.4463100144,6.97110534762
35.4952118939,9.58342797028
36.0078685945,8.9058087888
35.7284016527,9.70644172523
36.4135723623,7.34800578234
36.2574595371,8.48049303381
36.3896598138,7.71210929318
35.8650135968,7.97837754411
36.6762523042,9.38659130503
36.3817630087,6.73227089584
36.781084406,8.06391247198
36.3103583834,5.22687245687
36.4184584567,9.83225316612
36.6633764837,9.65520415583
35.6604514695,9.05628628842
35.7238235271,5.68241881374
36.6368503603,9.54316641666
35.5870686112,9.53578107975
35.5541280918,5.39020142979
35.5190751855,6.80366226575
35.9314630966,8.36945849678
35.6146179586,6.81384585618
35.5197922906,8.23009309154
35.6694751486,5.59235706302
35.4780236885,9.90635338264
36.3068848501,6.22821263357
35.4627700779,7.76663815203
35.5216507933,8.82231926137
36.5975758903,6.56722118589
36.2561388336,8.24173601822
35.9170125725,7.60984229452
35.6614974523,6.14001608658
36.065763697,5.14144065002
35.9129774281,7.89839222821
35.6949756495,6.79843183954
36.3687870739,6.29884785793
35.6929854272,6.37259574558
36.4077839522,8.74971055118
35.989480849,5.91390810517
36.6042944419,5.19366643911
35.9727850067,9.98278998998
36.1928390419,7.68726313624
35.7315934289,8.95307686016
35.4368797101,6.57826008522
35.88892794,7.11538815588
35.9776355742,6.94615379939
36.456687091,9.18216244152
35.5022571434,9.83931424759
36.6706450532,8.21816777097
36.1847750873,6.27054591248
36.5354124855,5.33728951448
36.4622160717,6.25476766846
36.0035256338,9.32369045571
36.0500984725,7.16044474228
35.9416455859,9.91836228638
36.282009761,9.97637765516
36.0587610274,5.44997222257
36.3804107539,7.23454538715
36.3196237459,7.74893391065
36.7416356313,5.92700796975
36.0432321217,6.07172064298
35.747530558,9.01336208297
36.0238288875,9.73650835798
35.448453274,9.19930869612
36.3808049553,7.87940752725
35.7247408416,6.90082457954
35.7225334416,5.1807256804
35.6307792548,6.88284004768
35.9803939304,7.04507990971
36.3667532925,8.06999583436
36.3656949717,6.79719342967
36.3843487653,9.62973148261
36.7371708115,8.73926189801
35.8647324595,7.42666288129
35.5889363872,8.62257879434
35.9557566716,5.50956170778
35.5836279238,6.56403086835
35.4693740022,8.35135339456
36.8494115133,6.10674414214
36.6591862122,5.97910978154
35.9814979332,8.42482872633
35.5856392687,5.21538130052
35.6925636509,6.50392497794
36.3860057828,9.57162789546
36.6980528221,6.67692793171
36.8300462648,8.42807135515
35.6596090957,9.80533969795
36.3694104163,8.18749241422
35.8416901554,7.8931588939
36.447125509,5.25017419338
36.0717908539,6.98165533927
36.0561129097,6.67877533147
35.7428460466,7.93281485637
35.7674885767,9.60324195788
36.6493633358,7.68412802696
36.5645460901,7.76480627218
36.4557258103,9.47772743729
36.379327128,5.15164372309
36.2046811124,8.53532428328
36.725631899,6.24214200556
36.253871775,5.04157126746
35.965376673,7.48049447981
35.8452669352,9.42900310765
36.7056563057,9.91653781455
35.7675169463,5.58139826604
35.9045358565,8.91485911209
36.0265230455,7.58437791862
36.7569906542,7.55305891173
35.6543762146,5.92454123933
36.0001066097,6.83989504011
36.5746340928,5.57886524323
35.7904287101,6.42698196882
36.2261266142,9.38532325911
36.5542581898,8.01972488906
36.6178852039,7.19814406386
35.8669608373,8.41415458365
36.3349796147,6.98850710306
36.5765373139,7.83816487898
36.2525520304,6.80710181136
36.3055647135,8.54659446624
36.7313874837,6.85189413139
36.3576105601,9.48745522763
35.9301018028,6.34212303308
36.1532856191,7.19655438037
35.7385338774,8.7996070434
36.6348870153,7.01839701741
36.0627782636,5.63182775796
35.6653151635,8.94827654795
35.7847157271,8.01494398515
36.147021742,5.64381501436
36.1785594447,9.23207154074
35.8006802065,7.67373933606
35.758938942,7.50891501507
36.6186738696,7.96040435025
35.6448327145,8.81647296856
36.2421228135,7.58453494064
35.4632886702,5.37035148889
36.5333243044,7.03698403014
36.5580312182,7.9153152031
36.0058375601,9.14590100854
35.8654599683,8.24147810768
35.6229120827,6.96980604523
36.0259923659,5.22742244006
36.0467250434,9.5040839323
35.5576910019,6.89642240004
36.747948578,8.44576512898
36.6682411705,6.51297742209
35.8347118465,9.00570581182
36.5049451363,5.05388303177
36.6776794352,8.58348703713
36.0560661905,8.14845352263
36.6499579675,8.04106420163
36.6718771832,5.85897748763
36.4459016469,9.10277858243
35.7799563045,6.30889351231
36.2763291164,6.49334590691
36.7684303016,6.75780784178
35.6264009004,9.7013013181
36.499817713,5.82396217566
36.494481006,9.324812586
35.8445265406,5.37908596888
36.5684808,6.0337562796
36.720993773,8.66261149167
35.5575952138,7.94145353653
35.9212806945,8.48169589708
36.2615760423,8.00160702151
36.7532843026,8.5401027726
35.6216163317,5.03869979504
35.7880740867,5.44772973392
36.7958465332,5.68591195413
36.4598196772,6.79122644894
36.6957389616,9.17491760105
36.3512742041,5.30295139318
36.1807404028,8.06762556928
36.0281502286,8.56269344204
36.4388992628,9.27072898924
35.7379153069,9.09794636037
36.1311773375,6.0690018769
35.8020915137,6.23022411266
35.4582782179,8.06509140363
36.3155380753,7.54980993253
36.4767629279,9.92406328346
35.8562385652,5.25364977828
35.8228634951,9.09245875272
36.5723946169,9.67846265717
36.0380265408,6.50213775045
36.7530044715,6.47567654245
36.141573427,8.28364694699
36.6051971786,9.74470196447
35.7749335354,7.06108266184
35.8105385202,8.74011080388
35.9212565176,8.18284067813
36.0857132953,8.52818540822
35.5224915544,7.86408177553
36.185467684,9.91394589194
36.1929767488,9.99256356536
35.8669969308,8.61358864303
35.9530506872,5.15657096942
36.6274525436,7.50020546688
35.897735747,9.97974993559
35.6678414504,5.4799470039
35.8071535313,5.30240377441
36.3341331169,9.78406763393
36.7705237667,8.20353216072
36.3834704178,9.15006770544
35.7463220287,6.70557496497
36.5411341423,8.47034723144
35.6470766421,9.54762845996
35.8685116048,9.62179855326
36.2713549033,9.86787708254
36.7073516893,8.29430665791
36.8424228774,8.51057237876
36.71777428,7.49552859641
35.7281112168,8.46297290833
35.8801131878,9.73551335073
36.0602832672,9.40362252701
35.7806060533,9.80849689222
36.0799076568,9.58572323601
36.3680927169,5.67730557577
36.6440793186,7.79285379938
36.0834211622,6.8137699363
36.1944815121,7.12112845568
36.3334957034,8.4367899217
36.5307690012,8.55563802218
36.7207537219,7.78978562324
35.8428339491,7.56128844976
35.6401616159,5.38911468844
36.231026676,7.49568784909
35.582276867,9.09422173298
36.4145720734,7.62939841086
36.150165322,8.91139258811
36.4397957257,6.07677846073
35.9139030181,5.31236697754
36.1241774782,6.61949317935
36.5360331049,9.09993542418
35.4431534261,9.50359857277
36.2044108493,7.34211991707
35.63923242,7.3310099695
35.9657451132,7.96501038926
35.6080592948,9.2775292795
36.1069058605,6.90777431801
35.7585126848,5.50198875229
36.7295407516,8.04644310616
35.6192184017,5.32858110454
36.5098667728,6.5864442444
35.8338657438,7.28831562599
36.3503169276,5.57619428611
36.4740124054,9.62505447048
36.7117006718,7.95794120788
36.5169085194,9.70641645095
36.295977479,6.151193453
36.7928138178,7.81808335885
35.8513833928,9.27036710063
36.7108374166,8.36442933809
35.9541800874,5.62982719432
35.5186842997,9.28564832631
36.4991945789,6.88513696413
36.0095158241,7.38345329441
36.5315232126,6.21730099229
36.4081382953,6.58743314859
35.9929643346,6.40255663048
36.4517600114,5.70702732455
36.3913207225,7.04282976594
35.5107802807,6.61389169162
35.5055264638,6.97158467358
36.1246373668,9.7538822439
36.1110613233,7.66026004385
36.4900126982,6.37303831487
36.5145272086,6.30545323232
36.1402916958,9.65288147755
35.8185657035,7.11012292578
36.4314845131,9.39834206392
35.5924906937,8.75819133713
36.6130022861,8.54101160009
36.4996253651,5.42249595272
36.5432197454,8.66973250466
36.0877738259,9.97074554059
35.9192430039,7.69978100671
36.1241401712,6.53701929218
35.729022124,6.12582012697
35.5684910961,5.47950567387
35.9951069817,5.05442534801
35.9473052759,9.22113830922
35.9662793867,7.10874554731
36.4327718859,6.67199023245
36.0415853092,7.43430183116
35.9352964585,7.20771301389
36.0662575136,6.14507517273
35.9342183167,9.5376698162
36.7274732219,8.11741979212
35.8637082809,8.32575387573
36.1589511541,8.43625394382
35.9407089064,5.40527812326
36.2234237194,6.10949271953
36.1878651475,6.65224809214
36.7268651163,5.25261129735
35.7824297544,6.80809451818
36.5509741849,6.94860704158
35.6601164916,7.2048565671
35.5461610338,8.44345667567
36.3994961976,6.41772805915
35.8888417085,6.25562799501
35.5425834521,7.48668004772
35.5701569175,9.86242717845
36.5156253816,7.14276580219
36.2449028651,5.40650381425
35.8099954094,5.51805138788
36.2349680278,7.91036316564
36.670793734,6.31373795089
35.6787414542,7.61406737249
36.3524682869,9.23254409817
36.5720564077,9.60892713978
36.2052571525,9.14180225326
36.3816514951,8.81379349852
35.4588882366,7.28614098813
36.3596196281,7.45633284425
35.8505070904,8.0587559986
36.3249562455,9.37353053226
36.7741424656,9.27770055914
36.6514418078,9.9536298662
36.3141897402,5.76636275263
36.4818909499,6.16775125817
35.6547899049,7.08820719192
36.6295310111,5.2777200336
36.510718215,7.57663288373
36.3580545446,6.64594224608
36.3935390228,9.31859880922
35.7426854449,5.77877275305
36.5606979671,5.90788818233
36.4616241045,7.21491290528
35.7538025987,7.59768486747
35.7050316225,6.22031276556
35.9820898354,7.88858046444
36.1316020788,9.19783135169
36.4203502285,5.49007271155
36.7907110809,8.35517249105
36.4131274743,5.78271710771
36.3959521697,6.18138184885
35.5137876875,9.1513585392
36.0318169356,7.02162024794
35.4839146567,6.69218796959
35.5106352044,7.36494547433
36.6555200203,6.60019654053
36.7715331572,6.01759410617
36.4531463204,8.40462800087
35.8229303899,7.19087269575
36.3159479963,6.56658327751
36.1948818998,8.97182215768
35.6460336786,5.13692409727
35.5590347821,7.05157433163
36.5332495325,9.416029205
35.776874919,5.11915923368
36.7783664376,6.32936446665
36.4304139651,5.03059873602
36.3113664957,9.13692947618
35.5307449554,8.91160017222
35.8368240355,6.89211743755
35.5351502829,8.02124032869
35.9727523159,6.04505241766
36.3784578386,9.07875808183
36.716646147,6.59246781009
35.5999390402,8.23628357792
36.0656956154,9.19001037704
36.8170793013,5.38615255248
35.618025766,6.43254268035
36.4414457974,5.59649939279
35.5956683115,7.14345854129
35.8647567714,6.8112117443
36.7817324175,7.6183329752
35.4546518462,7.53859448276
36.4862653129,5.98830401102
36.1890001274,5.14715341496
36.1177720474,7.05823448594
35.5922044022,6.33707840929
36.3035697102,7.82692463901
36.1611144311,8.16747227246
36.1454132927,7.57711714145
35.9336084178,7.39768001186
35.4648936358,9.39391371713
36.2522913523,5.31992486009
36.659312389,5.75968526201
35.8923624173,7.47886133053
35.9190542407,6.86379675176
36.1685721684,6.97422909121
36.1298632438,6.72327944663
35.7441276915,7.13528474227
36.2493380806,9.23757300171
35.602680823,8.90078659751
36.6077863026,9.02774851143
35.4407071635,8.74394009917
35.9628530139,9.42673232696
36.1791399307,7.89104875016
36.4319435404,9.73360537334
36.5574956632,5.14144044365
35.6198780545,6.04699264867
36.1530526932,5.75103503088
35.5461667532,9.76563504408
36.5840012079,7.67757885505
36.7829628532,8.69612835437
36.4766393127,5.14301789532
36.1003471022,6.3511765476
36.0311799277,5.55958523399
36.4432712109,5.89147836254
36.703722736,9.46947093386
35.6912077842,8.12291761586
36.5952753399,9.17178403762
35.7344355247,8.19405777359
36.2707298506,5.57793513305
36.7226893832,5.36542616724
35.9144484384,9.10226642845
36.0431325842,7.49471897834
36.4533930279,7.26854112048
35.7257970235,6.03282657447
35.5561267644,9.95249499806
35.6577322941,8.3907964719
36.6955039762,6.06119705352
36.5802274227,5.79959423652
36.1396744932,8.49331295555
36.0068622251,9.91173106458
36.5807578515,8.74940755682
35.9120842256,7.02991329514
35.782075315,5.22281046302
35.8565694299,9.89872352026
35.957245124,8.27796244394
35.58346638,5.79134567027
36.5967418381,6.65323399514
36.6499764478,8.13628985977
36.4110633744,8.52126423217
36.1851851163,5.46441649219
35.6066861201,7.64597506833
36.7296097949,7.8607046944
35.6129989873,6.71020197114
35.5339410491,6.42282841343
35.8625432318,5.47140180426
36.7325282076,9.98970654928
36.2381429738,7.03703731444
35.4131279653,7.87592217224
36.8044121346,8.11961927777
35.8049250821,5.73757560955
36.8721089508,7.75635908405
35.7965012118,8.88755720255
35.6990499365,8.88498573657
36.0858296974,8.98396963984
36.074714615,8.43916155966
35.908058407,9.34352964285
36.4838132762,8.16787095908
35.6706047696,9.33992782729
35.8659269026,7.36320912642
35.9024573574,5.90408622845
36.4809972153,7.83486284967
36.6198633264,9.44070041039
36.3076538086,6.7524101419
36.7999782819,5.59208843273
36.4859527737,8.48935924172
35.6228089278,7.97945355225
35.6113853584,8.08705078274
35.5712345353,9.38112559681
36.2714934872,6.66239645585
36.6271260047,9.10412382976
36.1531213424,5.06106370324
36.6408650323,9.84904733251
35.5786089767,9.61927990516
35.6698675556,6.00227473607
36.2677365213,8.12223793879
35.731986922,5.3684470679
35.857319732,7.79378745508
36.6519704868,8.41479689219
36.3061034356,6.43559675964
36.5642739551,8.39471771835
36.4241492253,5.08968582887
36.6934538493,9.07258086906
35.6908489601,9.00425721813
35.9050638308,6.13010906994
35.6189134074,8.9985002403
36.6146491869,5.06255981917
36.4195814914,8.68866709058
36.3375568047,6.48786581153
36.266287508,8.63427935902
35.8025990968,6.98087328232
35.6008736007,5.680262236
36.7751833057,9.67066100313
36.0302736188,9.24571747031
36.0564419289,7.6626769215
36.6400368109,7.8773136011
36.2398030273,5.76561417796
36.1355885214,8.56527688745
35.7902536497,8.59031810771
36.7628277624,9.39221363176
36.1378941547,8.37688050062
35.5236198754,8.99513357817
36.5222807408,9.80700897332
36.0507882114,8.23860834006
36.6483050946,5.47001152277
35.9400720861,7.55537874886
36.2204390488,8.89407078362
36.6029270511,8.46846930345
36.4887764868,7.69770834606
36.447308118,8.95242998263
35.9934031421,6.19524051794
35.5224187906,7.14046163353
36.0009871418,6.11712757204
36.1198841161,5.24395184093
35.736102153,9.41092479659
35.6728204261,8.71155105719
36.6907792093,8.86724009335
36.8371025464,5.80885568225
36.3180934014,6.37134377564
36.6876523089,5.15613320514
35.8691818825,5.56097615629
36.382129682,7.79578284277
35.8757741164,8.81236114005
35.9560960806,9.83385120601
35.6704960675,7.45886935575
36.7995173904,7.3216848024
36.0019225948,8.61384495325
35.9049974237,5.22198015118
36.2120162715,8.45137117738
36.6481959381,9.29216415906
35.5282010375,7.59901503615
36.7183109048,9.75768125935
35.7847664928,6.52099124874
36.6892026758,9.00211169529
36.5981195134,5.70527859865
35.9522037389,8.56306983568
35.9582217237,5.24554367211
36.5824116546,6.73495682394
35.8378173324,6.74360584294
36.5338807675,8.87072072812
36.5706312719,8.1219750686
36.4995982948,6.45133131599
35.9073808722,8.71091772688
36.4073120924,7.13989249209
36.7860390891,6.54969968117
36.0498563175,9.64972495881
36.1762094401,8.62870277534
36.3632249988,9.9055290968
36.6300467248,7.31775497923
35.8157062009,5.83682094655
35.8148668423,7.46816961463
36.3793974827,6.52345851652
36.8217519848,6.22072183705
36.4654846995,8.07126464746
35.5902822631,5.98056063794
36.6587964397,6.77875949344
35.6069265274,7.8657568097
35.7001925442,9.55691977529
35.7057572676,5.04573239104
35.9560067547,8.84328837733
36.5990248672,5.63225445515
36.0871135268,8.88368113665
36.1995196386,5.99974330504
36.0218365297,6.74632404209
36.696781392,5.66069992258
36.136319691,6.45386169405
36.7672875842,7.71175953394
36.2243711475,5.53418128727
36.3489014426,5.05431648105
36.2022610438,7.26068722528
36.4531157455,6.31920042011
35.8572423441,5.17537922231
36.1973298001,9.30292855463
36.2104664557,6.48373422798
36.3822836211,5.98657219508
36.7832559852,6.41936406286
35.7674084864,8.65903652127
36.5041414205,5.75322972833
35.5824059478,6.11707680234
36.0382400819,8.80693545855
36.4981762919,9.25391461252
35.7873108862,7.84532621555
36.642030523,6.20840752064
36.5285379985,6.11518464124
35.5299918395,8.71199642822
35.7017355042,5.84956252224
35.86842426,6.64756965071
36.6139481112,7.60260271713
36.6015953783,8.59979290997
36.5172193008,5.66490558606
35.8833025826,6.95851423875
35.8406716861,5.65288280503
36.4385126787,9.53790774987
36.3119827462,6.8361726464
35.4017184872,5.34650807612
36.7704083454,8.28387934794
36.0090769606,9.07624663589
35.6462272975,9.46000256762
36.7217061058,5.04580162367
36.4775059161,7.45487444642
35.7492838317,7.20855829202
36.698622479,8.7921331664
36.3031295262,7.30977199933
35.7019483918,8.56530322901
36.0423317481,6.61617278845
35.5506951086,5.28922231391
36.1414165519,9.54270649472
35.5692713359,8.16685527078
36.3046029524,8.92455267552
35.758412814,5.94779012066
36.4579005195,9.02914975226
36.5283340008,5.19982840573
36.4441030064,6.51207116911
36.1408210384,7.97380376774
36.0851171482,6.23605028032
35.8198836934,9.17280938214
35.9520674822,5.97030888044
36.465763769,7.95214173248
36.6301033737,6.10840542306
36.0477120327,8.33855722665
35.7052929599,7.55242029493
36.7271826396,7.40359527803
36.2777681069,5.94944055011
36.5252666146,8.79793298799
35.481261205,7.94771100217
36.6520051522,8.7309635807
35.4435548165,8.16316423427
36.5731300613,8.21568848412
36.20036936,5.58977435856
35.6993846459,8.0346800772
36.6374243674,5.57898448137
36.2581493838,7.73992301252
35.6518945658,8.18504310713
35.5895455422,7.77883741919
35.6868616294,7.71005817028
36.118628708,7.47447179631
36.2481591159,6.91405232738
36.6417453145,6.90458513658
36.105970441,9.2753785307
36.2685538206,7.19071923513
36.360034187,8.31518314268
35.8324370788,8.17690427327
35.9523451131,7.81340235253
35.8674576035,6.53089177855
36.0934170538,9.1015411681
36.2267140071,6.74344434175
36.1054059554,7.80385324751
35.950139473,8.63914597707
36.2876427901,9.29772157977
36.3249152725,5.38318716676
35.819190095,8.50762898456
36.0789257625,5.85728637665
35.7614472705,9.24918415271
35.8602334089,6.35045016913
35.8690435989,6.01160806939
35.5893484635,6.22358915509
35.5369506161,5.56960958959
36.4489955369,7.07092963036
36.4228716334,5.37454823991
36.5794479561,9.93182803967
36.2686126742,6.0433176405
35.9582081956,8.7743752053
38.0040480636,5.28885797454
37.4539912961,5.61395832538
37.3360023445,5.49693557841
36.9989194639,7.92662590356
37.1257783357,8.52355326005
37.089610006,7.80283753255
37.5746588352,6.4090443156
37.7429902847,5.47173276887
37.7865328101,9.85994305015
36.8135909343,9.76670467439
36.8993117092,7.27084294113
37.1691888351,9.0772693128
37.7508503704,7.98555145384
37.0914965484,9.94673841547
37.5113114156,6.75929797592
37.642237791,9.21795046374
37.4106805761,9.79957325187
37.1903178252,6.75663187562
36.9364576222,5.54139477383
37.16834581,8.46139282509
37.210123587,7.95320766698
36.8995527701,9.98762497852
38.0131698789,8.00131784456
36.9784027939,8.50338673393
36.7813062271,9.02483283792
37.7613832743,5.56018485763
37.5388581638,6.96296022556
37.6019550295,9.33429931377
37.4487252073,7.29864025991
38.200675887,6.69618913682
38.0513096528,5.98190750232
37.6638252598,8.49696534666
37.0295650427,9.67552261175
37.1878419989,9.84081269406
37.1345838864,9.79125790149
37.9403061377,9.61877210408
37.8872025056,6.07090387566
37.5133469883,9.75188293323
37.9405790557,6.60169918657
37.9213317805,9.68043196596
37.597468347,8.15808763399
37.7834435102,6.37111976414
37.5735749405,7.38897404683
37.5216477635,5.55412758726
36.8595447762,9.48148333835
36.9764594698,6.19660843457
37.9340435118,7.21432470924
37.1975110482,5.85000283131
37.5384926946,5.33271016187
38.0719605923,9.56149728586
37.439916102,6.3668949293
37.4407852822,7.66115706477
36.9080783616,6.65745556334
37.5787274331,5.67509078285
36.9849050246,8.04465695042
37.0485578097,8.56392055093
37.7533909322,9.02524556672
36.8813766591,8.07719715378
38.077910724,8.6204622105
37.3798398659,9.90074827696
37.7444359714,9.36236405964
37.9427688718,9.77766461788
37.5876183421,6.71229867808
37.2066000137,5.75134936526
37.322322822,9.77138481658
37.4445909842,6.88391344158
37.6822823313,8.21616011012
37.7038112679,7.66749812311
38.1374063026,5.92688517548
37.227982997,8.53919591074
37.1598543993,6.19737721719
38.0009790421,6.5794042371
37.3247682843,7.91415189979
38.026779119,5.14911666329
37.5088547689,7.63971047416
37.6731190629,9.60683290042
37.0976093447,6.31816719352
37.0045981734,9.08896035266
36.9939305513,6.78607596605
37.4363530447,9.72032934655
36.9707169524,7.11930167088
37.8118311627,8.43843670751
38.0486337096,8.5010735376
37.3608676729,6.63591290236
37.0121447049,5.68851089893
37.3066405132,7.22213131849
37.804486436,7.35187364389
37.7648135813,5.10017573892
37.6848609575,9.36649564718
38.093055283,9.6826572979
37.5096251545,7.72915153811
37.8253823224,5.4418526319
37.6256220398,5.93584264942
37.5967423568,7.28281036198
37.130879647,6.41058214247
37.202580681,5.2671325967
37.1482883118,5.5551323643
37.2898953877,6.3426731005
37.121173379,6.83849536279
37.1105238607,8.97042854956
37.1123459721,7.8908003367
37.3320616959,8.54233590217
37.7447750394,6.81816237128
36.8261217557,9.35111568771
37.3926958198,9.31339136875
37.7477981052,5.63821863019
37.5336769098,8.03306152703
37.5382387908,9.23534788936
37.3430283802,7.11452015371
37.6825341192,6.97552718227
37.7127169953,7.86186606727
37.890172028,5.57815499318
37.961345305,8.48599768457
37.6296113217,9.52860098822
37.098361169,8.0026665458
37.8294316279,6.1280385893
37.1611205268,8.73464048467
37.9810454366,9.34798983119
38.1094838107,7.8619898145
37.5439749086,5.25795134432
37.5861590116,8.64556042995
37.6174637338,7.0154943607
37.1863732508,7.8236731715
37.251943511,5.5574155509
37.4316672412,6.97396849026
38.1389123701,5.63995016735
37.412592521,5.8081274026
37.2291079981,9.20143584596
37.6738574638,5.54150319126
36.8690231858,5.51328259787
38.0629239466,7.66894552909
36.9959215488,9.50519634606
37.6063175443,9.69216199555
37.776592152,6.62219580947
36.8519174247,9.21222679608
38.2249787475,5.93201645081
37.4730220141,6.42972420455
37.787887634,9.44648183357
38.0264359617,8.78325880069
37.6314655124,6.8159324569
37.9613990995,7.60162547781
37.4281196563,7.19238780914
37.5254280763,5.41939353047
37.9221001044,8.99674872193
37.5646134279,6.10069570724
36.8488821609,5.43904039259
37.6921563668,7.38093854409
37.4153380823,7.93906158058
37.945798685,7.6878238239
37.9902771641,7.49481892296
37.5632085832,9.59020995674
38.0189566731,6.4409970998
36.78237042,7.12512215641
37.2495842607,5.3927155492
37.5062522813,7.25432600247
36.9025699184,9.30165274217
36.8488693212,9.59868459474
37.612047019,5.74134448589
37.4682814759,6.11056742437
38.0788807478,8.71233833783
37.8610350709,9.81699227101
37.0398056739,5.89467694926
37.3814829525,5.30332796743
37.0990261853,9.25374799847
36.7664877785,8.81942778171
37.7956575614,7.0686903174
37.8677432688,7.14967171704
36.8973821438,5.81969375338
36.9441148248,8.74904220682
37.5020179356,9.11876660222
37.7083242495,5.8145989883
37.9441614958,9.12012985854
37.2062328069,9.34435683284
37.1779751749,6.50938042195
37.0410893873,7.01692769196
37.5240675279,6.48201193159
37.0699408303,5.41568172931
37.6373759584,6.14359614303
38.2138851314,6.00550138123
37.5254198356,7.47192742637
36.921117786,5.17841099799
37.3743882994,8.76950194058
37.5027878764,8.6236036019
37.1612277669,7.62981156311
37.4243658237,7.43973474208
37.4107497597,5.22599965836
37.8268720819,9.07200446546
37.7721516284,6.70222382077
37.0426970049,6.09115551441
37.0148186414,5.22764172108
37.2926408291,7.37557743937
36.9370586105,5.04389837111
37.0174746401,5.95566756924
37.6446672968,8.75008777754
37.4592252135,7.61400536429
37.8409015219,6.4667810262
37.6501034383,6.34794181258
37.9314920657,9.98662977917
36.8217757838,6.47340887521
37.1378716633,8.62529465561
36.7310364399,7.2366934541
36.86865105,6.78141474698
37.3883168153,8.19432360473
37.7438092617,9.56747670719
37.0744878877,5.51776636241
36.775243292,8.9124923638
37.7134736464,6.3509819961
36.8527697122,6.70740909362
36.9265354333,7.04465274086
38.0433960027,9.48779295723
37.2674745083,5.46307431083
36.8990211547,5.5975361566
37.2676111324,8.76615541462
37.4531950555,8.28445683789
37.0054064128,8.64362036529
37.1325452734,7.23661587878
36.9873635736,6.35040094016
37.5781086959,7.78114171302
37.9348698117,7.53942811695
36.8320896164,9.0958220508
37.4631090121,6.68753549672
37.3831592349,7.27726123352
37.4333660449,7.07692089076
37.9843507322,5.92295808901
37.3364624682,8.46372285667
37.3701562245,7.60619532841
36.9717272811,9.39958248561
37.5652767999,6.19060459479
37.0958337253,5.59747621096
37.2842652785,8.19935861659
38.0028309664,9.27740030444
38.0076901343,7.39461390927
37.6110683923,9.96702035219
37.6587475798,5.64831639411
37.7362542177,6.91218169934
37.6995254431,5.05023700868
36.9247610325,9.93022564523
37.9466681565,8.36445107073
37.2380078441,5.16171844033
38.0057051151,7.07830362803
36.9124818708,8.44642680741
37.5553646236,7.17401790297
37.0314459878,5.05073428857
37.3311431555,8.83272027222
37.5344772824,6.85030744374
38.0804010044,7.2607861608
37.633351588,7.95140720959
37.2796659281,6.04001890167
36.8955627565,9.52865669554
37.7123211832,5.39242705117
37.8249766538,6.96485799786
37.4955177396,9.34050161643
37.3454115053,5.85135205326
36.7988413459,8.75564149774
37.7444621444,6.29946436994
37.2485680359,9.11105092524
38.020271887,7.76779567845
36.8917714227,7.17259834429
38.0810228914,6.78739105843
37.8134599993,9.39025796946
37.7633655397,7.17278681987
37.2360453418,7.0853317462
36.9619896554,6.10948267876
37.4179786182,8.86870961609
37.4611072534,5.28941698262
37.4693455412,6.50232575498
36.8164304995,7.99680164637
37.756899068,8.65617022091
37.7598466137,7.72881013622
37.4310778151,9.05996541321
37.8512008691,8.8363047296
37.4014423139,8.5954266267
37.2077421459,7.4324969435
37.9307139514,5.13768227382
37.4522435662,8.71753213429
37.6612375936,7.75712148456
37.1651306671,9.46141549404
37.1759048835,9.24648666183
37.6822820059,5.22370126058
37.3280119869,9.02882924169
37.7348194719,5.30120555097
37.1635086245,8.13430964072
37.990639685,5.6757556538
37.4677415799,8.97369031761
37.3008931015,6.52652426741
38.1743248975,6.92950476897
37.3603977016,6.41161634702
36.8591502451,9.14484773237
37.5595277337,8.72883884729
38.0469670589,5.82759710194
37.6956755095,6.43818923951
36.8718546774,9.69591896989
37.0503572653,9.19191704126
37.5184105639,7.31593232148
37.8614237679,8.35801262022
37.4540044169,8.06448322666
36.9917236992,9.96961222696
36.9319571857,6.85021262723
37.9302625752,6.91566655167
37.9530898018,6.51103229884
36.9030144906,9.78089144457
38.0605073295,6.58508882819
37.2025317813,9.92940612223
37.9731247246,5.53573015811
36.9431088135,9.56870238291
37.3530273465,6.2890003812
36.8460776355,7.56636771254
38.1708959268,6.39232173257
37.2425758159,9.26260513953
37.4235568124,5.38971906661
38.1222270393,6.65111466307
37.1044892657,7.35286971143
37.8036153681,7.80876959565
37.2582041828,6.24837571446
37.2149668062,7.21725003963
37.4165786566,6.18564362446
38.0754041241,5.71200858841
37.9662168426,8.6774694138
37.5039673865,9.86595095014
37.2432916437,6.41839490659
37.2857449388,9.85526426791
37.4919481859,9.54056953253
37.4871395345,7.12496985115
37.0940228454,9.05435327299
37.2175543316,7.75714472481
38.0273186936,6.91976669068
36.7905171565,6.64309394539
37.3125580207,5.93779276014
36.8776638949,5.10057605794
37.600183513,5.83218898104
37.770067136,9.63434132368
37.5254826193,9.95548078683
37.0150262025,7.20906329907
37.5942235332,5.57921008837
37.7449821727,6.99613858527
38.0497735236,5.60555187033
37.5685574319,9.49960150617
36.9475750105,9.17963610743
37.6534513898,9.78997580727
37.6052420924,6.53036850619
37.2813212972,5.27604836125
37.1184983007,7.11947661147
37.8110172609,6.20125582815
37.9016696011,7.42652259581
37.414934089,6.5693500146
37.1588110656,6.26220682287
37.2297282777,6.86152438075
37.0016531564,5.59954197772
37.5382787693,5.11348160684
37.7490190944,5.93409648307
36.9431766207,5.68284608855
37.9443489562,8.87443826856
37.8837912151,8.26525543971
37.1392546745,9.15462710898
37.5053302336,8.90667047072
37.7470283315,8.12000715464
37.0691533943,8.32130912422
37.3686035454,8.67961888622
38.0854527709,7.95831807711
37.3371397731,5.24657927996
37.7073438294,9.70302296261
37.09679091,5.93022159404
37.0816663836,9.5139485385
37.4909578304,6.18841733076
37.9559127937,9.45106312881
37.352223347,6.21796227757
37.9142605435,6.17988728373
37.3565507773,9.67727865378
38.0414059752,8.95983465943
37.0610573954,9.12784062774
36.8430588657,8.71102747853
38.1263814213,8.04906277643
37.240020443,9.63626813865
37.2891146344,7.80329611872
36.8664372283,6.59558189437
37.5785763051,9.91598042134
37.3198321638,8.10529079361
37.0253014845,5.14557065192
37.2534061814,6.66869441533
37.68205968,6.63519383262
37.3123213979,7.03724323597
37.0522360836,9.62015322452
37.9677101191,6.09926580456
36.8253351138,5.29542350725
37.8738221932,5.95635979648
37.5378465202,5.77990856476
37.6840719323,5.14075204308
36.9059179071,7.98226868866
38.1135783344,7.17804262489
37.946135753,7.12728586402
37.770227713,5.18923994883
37.9947357597,9.21242557229
37.243302811,8.43061470855
36.973698036,5.11220238337
36.9267739944,5.27359494519
38.0627715327,6.22716172583
37.5197095265,7.92169265215
37.9565677845,5.61536782846
37.6349563479,9.43992710538
37.873846306,8.51800373932
38.1090676054,6.98642615281
37.7869651593,7.62574227963
37.6617238508,6.04934155298
37.3035242336,9.95166835834
37.5430842187,8.83573927036
36.7468910811,6.99742871518
37.8304924061,9.7259981756
37.2016736404,8.24130329728
37.875817538,6.36209558326
36.9409162825,6.26748300122
36.8977730095,7.63105374496
37.1416655002,7.75889336225
37.8859301922,7.95772827936
37.297814942,8.623010545
36.8791791365,7.87879059251
36.9116840636,7.44983372499
37.2298747649,9.02428317246
37.9509225449,8.16440333191
37.4297074598,8.40650188991
37.3221585308,8.38154056887
37.3505071005,6.88913605174
37.0087956707,6.03012445789
37.3865114078,8.50267719193
36.9792714641,5.46724637863
37.9123589239,7.04166043794
37.4010510646,5.88895163219
37.3236617432,9.47026035218
36.8448679242,8.85686187475
37.2329412436,8.1182444938
37.0394628373,6.64085026083
37.5247555793,7.58345723105
36.8764368281,9.86624323644
37.8400294494,5.1149273108
37.2276805376,8.6732485777
37.5157017555,6.00182560552
37.9542626118,8.56282617136
37.8109280142,5.36201932656
37.8646171389,8.15972817247
37.6164153577,8.5894636163
37.8527404025,6.64784238418
36.9856919956,6.54782844126
37.0567355235,7.59914431304
38.0341657527,7.31311641075
37.3220722974,5.34084641469
37.1620128039,8.06729510137
36.966413347,8.85938424321
37.7244446121,8.47735924178
38.107269091,6.86950203075
37.9327732294,8.03501184235
36.938594303,8.67197466357
37.358310721,9.12855122839
37.765695864,9.94550787674
37.0285969676,7.44418213873
37.7196953808,8.40533611351
36.9105979096,5.99974455274
37.982228893,8.43639285166
38.0629251057,6.72611609408
37.5095624198,5.48919127448
37.8104293225,9.52706533877
37.7644936597,8.87202993317
37.2684050907,5.84295871011
38.0985386401,5.36613529162
38.1116844263,6.15523344374
37.6678306345,5.46283276311
37.0837072342,9.35998933569
36.9550325469,5.88985561083
37.2272423079,9.7554255448
37.2614495516,5.05312378825
37.9078419631,7.77321127834
37.0674613173,9.45592888526
36.8066149603,7.48058770131
37.9001508818,5.42666180163
37.536157738,7.06492984115
37.0021488013,8.98205677642
37.6712539315,8.44471707536
36.9278569787,6.76796909835
37.2213407665,7.30831751444
36.862824053,8.78145921619
37.5934378583,9.85318108265
37.3739337969,7.51323450113
37.0520579644,9.56244248899
37.1127663779,9.69681185091
37.474071109,5.76975992666
37.9158787405,8.10393344793
37.9248425413,7.31357932828
37.7163238531,9.50031423765
37.4023957399,6.50603266216
37.9193613378,5.80965401659
37.9062950547,6.28141385952
37.0050349675,9.58554616798
36.8687857898,9.40949868644
37.1630949782,8.3787246273
37.8815271904,7.62726933633
37.2015096475,8.17569445523
37.7980069298,8.53589483958
37.8419437748,8.05940372011
37.8903948556,9.51164370901
37.9828847142,7.89073700719
37.6514551459,8.83782753493
38.1627689753,5.46827338386
37.1826063811,7.71386342308
37.5254803011,7.82670875209
37.608097842,7.84703281232
37.2591839552,9.42217597854
37.8292880006,6.86110836151
37.0763136618,6.73669963997
37.1232124185,7.52117685678
37.9911372451,6.80166204687
36.9101850672,6.18425511061
37.1924178116,5.94324100576
38.0059448493,6.15646613187
37.80394794,9.30424460101
37.1806528862,5.35603059512
37.9924587036,9.5417468739
37.0456304703,6.90530766356
37.5944260654,8.44954360605
37.3605141615,5.58179528282
37.0220463142,8.13374330975
37.1451088553,5.06482979158
37.4698938547,9.64802842498
37.6219853497,5.39599801078
38.1310176761,6.54649251401
36.8063894927,5.17365092202
36.8287165378,6.85261735894
36.8386538166,7.05085609486
37.7972848151,8.9694564415
37.4296616,5.50566033292
37.198135918,7.16255814915
37.8966057219,5.49858354709
37.3325458333,6.13408509804
37.06780375,8.69131077014
37.8493097008,7.53007456972
37.4012289511,5.14793738092
37.2188763009,6.12815640007
37.1014861657,8.20857029512
37.559327512,9.02833436906
37.7008970578,9.28707143048
37.9707139126,5.22328629081
37.8791413669,7.86069652656
36.9585010555,6.9444576701
38.0632423947,5.47923214768
38.0409014678,8.1334736176
37.8527396826,6.76099763171
36.7705530108,5.47815179154
37.9787853502,5.73920497007
36.7770606779,6.91511781285
37.1463734641,6.62982999832
37.4528547051,9.25862986378
37.3966855284,9.55352634546
37.3271100946,5.17767286766
36.9576640711,9.64550922766
37.0296483209,7.10743902829
36.9757487042,7.33794879308
37.8160033511,5.61595731887
36.8303944842,7.24756260108
36.8135150644,5.04601683055
37.5860785661,5.49229460327
37.6615836614,7.19514619098
36.8648537651,6.29880156493
37.8910624641,5.68518283074
36.9046366004,5.4192575615
37.5942691586,9.13654887131
37.5384750882,8.35985683636
36.8370768653,5.89735095493
38.1118868286,6.44726582308
37.9106802332,8.44720698661
36.8991180524,5.35489525608
36.8241179152,7.40407038988
38.1369587393,9.59834844058
37.2844330954,8.01938840425
37.0597419942,8.78251845596
37.1091879624,6.22255480443
38.1438537299,6.75245035525
38.0094438825,6.99519444103
37.4621235995,7.98412297678
37.8611790379,8.74111037919
38.2289242694,5.13875582203
38.1425797712,5.033943329
37.9157485339,9.26146370404
37.4764934816,8.79272460465
37.1706339221,5.45854291215
37.972407724,5.44749055583
37.1708819184,9.02066069825
38.0491816018,8.24587522449
37.6914033421,7.56195036643
37.0366214556,7.52704392908
37.309791725,6.77112935209
37.3101380963,8.91617017164
37.5732832075,6.62325999935
36.9699648146,8.36718661416
37.0802824175,8.89257587796
36.8672860403,5.74813892323
37.7291036445,6.15178552772
37.7788536817,6.05183658255
37.7500651871,6.54043076212
37.2216939692,8.04703848303
37.429325477,6.79409214062
37.8523825165,7.24270826233
37.1423443036,6.94622973722
37.0713307722,5.11679717158
37.3854708064,6.03461809118
37.3838969892,9.23348526353
37.7045240226,7.28515604702
37.7043720411,9.10087820574
37.8740742394,5.21988624357
36.9974862594,6.4567199076
38.1056270009,9.45412330006
37.9710188217,8.28507713828
37.8221022325,6.28865575432
36.8557195685,6.95828898652
38.1354287076,5.55295238105
37.0111054088,8.71421810664
37.4267896468,7.85098054942
37.4739407783,5.05303177388
36.8992150844,6.50828913707
37.1346704069,9.5819550857
37.4953827723,6.58214267678
36.9581609462,7.68228315039
36.961961872,6.6130259051
37.7410259742,8.75668214476
37.7086655383,8.56946387903
37.5647258269,6.30308826134
37.3800305818,8.01754357016
36.9903536207,5.77705781154
37.3875793979,7.73241204183
36.9892027441,7.79680265714
37.6853684249,7.09021291292
37.4065155876,5.70655137929
37.3677397876,5.05317513995
37.4879062566,5.19564626088
37.2594392333,5.32642293374
37.9752105065,6.25306985857
38.0230484065,9.8506428132
38.0303403247,9.74982620398
38.1519605261,8.17745541531
36.9393783258,8.15558680026
37.1084855921,6.1365093527
38.1376348309,6.0169846472
37.6022489887,7.64955273691
37.8101480525,5.76285805471
37.0920209493,5.7123066612
37.5392355793,5.62668070088
37.5836309996,8.92153968852
37.6857269624,6.85482661726
37.900209471,6.8252613026
37.4902782158,7.37077876183
37.2500692305,8.8556642525
38.0485916076,6.51437829655
37.8686385178,9.90605659941
37.0604338226,9.78825375589
37.1701311422,5.63894469975
37.2540686192,9.53039604496
37.7516805516,6.23917586744
37.4621650676,7.54096694343
37.392316556,7.34709394742
37.8198888084,9.19079301921
37.4636929862,8.5186723467
37.4014659873,6.33065653874
37.269417005,7.68381330032
37.0704933727,6.54816981822
37.2453120475,8.3213947704
36.8574823305,8.17069217583
37.8445041331,7.70499287456
37.8502668907,8.90826274939
37.5674060012,8.25033498793
37.4033496382,8.10865268476
36.9079406465,9.06567404172
36.9554036044,7.56716211501
38.1913087554,6.10535225549
37.78926467,8.21274176807
37.678142447,9.9049000812
37.3003777088,5.66584053149
37.0415463042,6.83014081384
37.3145300471,5.11137351618
37.9342583699,6.70220607231
36.9725127378,6.70365308065
38.0088932494,9.61986881725
37.3099045417,9.21721128773
37.091088998,9.85349496521
37.6236993603,5.29107284917
37.0696622853,7.70282722327
37.2636276265,8.98234047966
36.8262212001,9.95172484088
37.2977192571,9.30697641055
36.8746527108,8.37426156031
37.8581432882,9.44878627038
37.3088148117,9.57772645122
37.1043442899,5.82911276884
37.4951866418,8.14873583062
37.9437795251,8.76443181382
36.9811040808,8.25080654072
37.4293396235,5.95231455455
37.4521662339,9.94192943839
37.6168719686,8.52541372444
37.0456980736,6.20111960069
37.9268811933,6.421535649
37.0129463573,9.27147470073
37.4995696585,5.87284159018
37.3426130205,6.98140712173
38.075593262,5.03305852159
37.1224542954,5.18678040561
36.8748853175,7.35549819091
37.8879533932,9.36773528628
37.9671679098,6.01763547486
37.68614638,8.96535084868
37.596110968,5.18545711859
37.1511823302,8.29606489708
37.3870470713,6.71999802924
37.754115175,7.46298409546
38.1683989554,6.29946302176
38.0151527329,7.16438363822
37.4631943254,6.27168212084
37.8932974827,5.0440100343
37.3178455969,7.46027325787
37.5126263272,8.45178164486
37.5855820629,7.54142344557
38.0099830874,5.34838942875
38.0510689355,9.07442163697
37.9652775869,8.230605458
36.8383885057,7.65243919302
37.8779827233,6.56574810505
37.7992048531,5.68197033487
37.925542701,9.56196395219
37.0974045699,5.30584953767
36.9912271529,5.35156871473
36.8804941426,8.95076594072
37.2545488826,7.55237596587
37.6609050913,6.24599271527
38.0110007944,8.32101253136
38.0521494366,7.57365474692
37.8036916432,7.89935465926
36.8598413639,8.27332739283
37.0264006606,6.2744978128
38.0173557231,6.6527597336
36.9192618883,9.46863530583
37.6628202795,8.67104209083
38.0573694108,9.39380101315
38.0712682522,6.31695858888
37.9878911191,9.91783808424
38.0846565265,5.24438419162
37.5066034301,5.70223874768
37.640454933,7.46296712787
37.9829878057,6.34717653189
37.8026326406,5.03886906011
37.1903500508,6.33592823369
38.1334793835,5.1287719583
38.048648715,9.3169404881
37.9159747586,5.32740330044
37.939345481,9.87450990256
37.9714304102,8.0879441284
37.8204549402,5.85606484386
36.8858763688,6.39429692082
37.6873169948,6.74705280528
38.0024013653,7.25216646562
37.0665645817,8.4371216572
36.7928749985,9.4787474863
37.1535315481,8.8274526216
37.5525603196,8.53957570779
38.0845448894,7.08172165695
37.1081826461,6.02697355036
37.9909652855,5.05417657585
37.3515670282,7.39506847578
37.7264554941,9.42035535581
37.0996866143,8.10247305124
38.060584985,5.91700681771
37.7442375328,9.779048047
37.863186964,9.61414931342
37.323195729,5.77101469032
36.8832065622,8.66392300289
37.3883891814,8.96268103214
37.4220322307,9.42740518782
37.53551776,9.42791736141
37.6505264769,8.33648807828
38.1047847599,6.36704055722
36.989524883,9.85874193645
37.3420145364,8.28624595679
37.7350020727,5.71134567105
36.9869176928,9.74251705511
38.0231043964,5.40557067539
37.9935639021,9.69634766982
37.8241227263,5.28842283051
37.2544400434,6.97142772964
37.4910338199,9.48389004939
36.8669396273,5.66901792607
37.5981357651,5.05114718066
37.6428043564,8.07251564152
37.0547193409,6.38399134077
37.4395418676,9.18510448951
37.8261764488,5.51964455832
37.7725294762,8.32060978136
37.2253733736,6.58829376715
38.0615435752,6.08072346018
37.8543737071,8.61911225896
37.7235867919,9.20307142771
38.0462182757,8.38929187172
37.631158757,6.90936907236
37.3285715135,7.31487525442
37.2007257367,6.03482733873
36.9209126206,8.58864172643
37.7806316349,7.2567605619
37.8170739366,6.5815232737
37.1925053547,8.92902432598
37.3249746335,5.41735240246
37.4986362417,6.35673523018
37.3260816888,9.38377313844
38.1590112625,6.19940920454
38.4051435852,5.4170432717
38.8731964336,6.25846903149
38.4706973926,7.80866794457
38.9473303073,5.74457821764
39.2644088182,7.83642864682
38.3137727334,9.97207708448
39.3594608809,9.16191933818
38.6504693232,9.54422346041
38.5261089651,7.41802382249
38.6746568982,5.6193576079
39.1210484991,6.51012899038
39.1282927949,9.15939516658
38.8732921466,8.75432013591
39.447279025,6.53222262532
38.3425577805,6.58621753154
38.1567400977,9.52067237021
39.3399961304,9.78289643429
38.5566284232,9.90413481995
38.3137017398,8.63405939482
38.2640702396,8.32540373193
38.4558320848,9.5533872205
39.394808857,6.16806559453
38.5365308161,8.66744947464
39.1885328421,7.36766742683
39.4436636436,8.48497718457
39.3390405804,5.0327617963
38.2519392427,8.92755421847
39.3606235965,9.94666079608
39.2779422779,7.44406322815
39.1839670918,5.27915503288
38.8609993005,6.34729989126
38.649223136,7.65428594388
38.4661684808,5.06416752647
38.5076783579,5.50799046247
38.5398987548,9.73530927861
38.3157975167,5.77014761064
39.4916863269,6.61106869227
38.8768894051,7.97448031216
38.631200075,5.44653381587
38.2268910609,5.65119963474
38.2803924415,8.26179287674
39.3012385203,6.14552318977
38.2546135113,8.18001388921
38.7297418488,5.84752787655
39.3077353104,9.0967697428
38.144002209,8.54427535464
38.2072952843,8.37454079936
38.597437634,9.26385206145
39.2731958455,8.39021120212
38.1455392662,9.02365624296
39.1789326853,6.46408859747
38.5981561689,9.1116295787
38.823280313,6.0083098027
38.4810915219,5.23620418416
38.6718968792,6.41402224004
38.6576846259,8.82058408632
38.1185896478,9.80170077809
38.1273438601,9.33035386105
38.2496121984,6.39570722037
38.52021017,5.32193192754
38.1456684318,7.64163515008
39.0571665015,8.09271651904
38.471677276,5.62861623295
39.0482318834,7.30475406289
38.9688767123,5.37960030854
39.0408118303,5.34568153181
38.7454632175,7.42839974171
38.7898838062,6.67991266751
38.9819124021,6.58976789516
38.3736110217,6.84928696248
39.0586937412,9.6811971058
38.9303711778,5.63418321671
39.2237729465,9.17426161399
39.0589533266,5.65076507017
38.6947201185,9.24285526532
38.9362588837,6.28732034964
39.3033117758,9.44697675784
39.091789692,8.30705299441
38.7698633049,7.340202654
39.1908695088,7.44994771656
38.8311157,5.62248769899
38.3582324456,6.68168930489
38.4593701154,6.55321301304
39.0172737128,5.89854228907
38.2015223118,8.10132152446
39.0716106871,9.36639766694
38.5814432007,5.376980501
38.2915242658,8.77360340012
39.1585949338,5.70652488535
38.8181532874,9.18342455873
38.8934767166,8.05588313474
38.8695501467,9.59319545812
38.0907632485,7.47102255178
38.5633283365,6.74947584807
38.5300744421,8.28565555286
38.7235951398,9.82928003571
38.7982948561,9.91093061142
39.2626414708,8.10231143008
39.2512402497,6.89226149192
38.7042494033,6.62424861661
38.2861243777,9.40640543527
38.8083154082,7.10688464387
39.2231738206,5.42498797108
39.2822736233,5.73185934476
38.6642637042,9.67182180985
38.3535759774,7.22883051982
38.2295042668,5.55550125957
38.5086272111,9.31665507669
39.2917841991,6.05871279133
38.9312879108,8.81447416339
39.2221312815,8.56919013427
38.9756489153,7.29108626581
38.5523685101,7.31334580545
38.3604725757,7.02364222962
38.8505133214,8.4652278261
39.1421402644,9.35492268002
38.8813242187,7.13364807776
38.9903343315,5.03467398194
38.2457771071,9.00611923502
39.1525122143,6.40282402593
39.1477645174,7.59995589085
39.1570477629,7.21287595178
38.3408280635,7.62983668231
38.7961728571,5.85205468885
39.0557040957,7.77275093054
39.0589234644,5.03392052465
38.346153493,8.00756888698
38.5796823329,6.94430889691
38.8576611485,5.1589178118
39.5163547022,6.3407739842
38.4706098267,8.35013370678
39.1371861405,7.73243916163
39.0344544842,7.57961112125
39.0540643701,5.75509410769
38.1560375512,7.4188574467
38.2176332003,9.61697835505
39.3770227298,8.40172811266
38.3373399407,8.20849655327
38.5253591694,6.28566578029
38.3008012773,5.02639214095
39.0570549279,5.49442799194
38.5391497461,5.87022627753
38.2286878593,7.38324111246
38.749327242,8.25496495822
38.4481110307,8.23396654924
38.3029574842,5.37185441185
38.2589615586,7.04280039323
38.4023935633,6.07066604206
39.123621496,9.45643671846
38.2159752016,6.61725321589
38.6474231417,6.28290045885
39.1721787533,9.70716406156
39.3126426373,9.54494331744
38.4969762271,9.64190314779
38.5405964073,7.90390280663
38.4514673259,5.70029111967
38.2485939154,7.65799550212
39.2631469929,7.51429767995
39.4229769697,9.90066665246
38.7689409033,8.60482802208
38.5700314651,7.04214564662
38.7441051009,9.71979717648
39.1881909172,6.14160938874
38.9922723773,5.5792441796
39.292411255,8.20523316964
38.4343114149,8.01185761854
38.8896613657,9.24677357775
38.597737828,6.35868683286
39.3365426927,8.33762571251
39.3905343667,8.58697285626
39.0054350973,8.34316882385
38.9356382834,8.69019448877
38.7690036954,5.45859263494
38.217573357,7.88393516675
39.2347457904,8.46757815659
39.0232092827,5.8291228305
38.2335305471,9.84710229052
38.7466466562,8.86050450069
38.3223673222,5.87782128188
38.7225711177,7.05838144377
38.4316416027,9.43968792996
38.7378061815,5.66799007996
38.8647244808,5.80346948204
39.208665967,7.57298026367
38.6915555416,5.30291935559
38.4151705292,5.95870651519
39.1484818904,8.65467019268
39.1719625715,7.30536753415
39.0215198357,7.90572897436
38.8744310229,8.58177069628
38.2107460589,8.26668335394
39.4027116814,7.99801004213
38.1863889655,7.19386592558
39.1836320444,7.89999243783
38.9938372653,7.01983253812
39.4047314218,9.39246194224
38.4368691051,7.25477383343
38.1391976794,9.14625392391
39.2432740513,6.38372150542
39.3017647093,7.60702729637
38.3417458772,7.713605244
38.8488055497,8.14673292948
38.5897891594,7.24165029356
39.1383215159,6.31443816659
38.2391991407,6.20700585406
38.3654294531,5.03955368558
39.4705931943,8.56411410653
38.5765310484,7.67855922758
38.890232017,6.57586924266
38.2283919078,5.31083726043
38.5289358958,8.5688222738
38.8530265706,8.90193851048
38.9387838599,7.20363077519
38.673283187,8.34041277953
38.43844142,6.35942870721
38.9514291336,8.40291149525
38.6462772325,7.97707428522
38.2387992396,6.51178627339
38.3539991331,9.33736389701
38.8559183544,6.49902009294
39.2769979117,9.81710615408
38.5558443693,5.15257266291
39.3946078217,9.83718807652
39.3194604999,8.00890631959
39.4489889228,8.65992060013
39.3928096732,7.32402221032
38.153441697,8.45038835282
38.1310638436,8.35015490017
39.3610525493,7.05518219048
39.1962309562,8.22976480992
38.4541846289,8.91526413233
39.3401800349,6.55702365768
39.1532335376,8.00917552173
38.339733617,9.0287101959
38.7844473783,7.21797677852
38.670739362,5.96511039587
38.5120976425,6.04534357479
39.1686955279,8.0856996905
38.2519044006,5.4638334323
38.5403284795,8.02154129294
38.3274565062,8.9450370731
39.4267423958,5.28196843827
38.1610214156,7.255003843
39.5097607647,9.95626158705
39.1474922854,5.05781790944
38.7014677969,6.51780095843
38.9654528435,9.02074406932
38.5571722885,5.24008373457
38.2479298042,7.97376181767
38.7380948825,7.50211112767
39.3418051617,9.25110705715
38.7446630169,5.1370486566
39.0066691722,7.35075457128
39.2043632621,8.31209851905
38.9681061073,6.36936101113
38.1262014598,5.77888998638
38.5110925826,9.38884476831
38.932947309,7.74316229215
38.6925301157,8.44038244403
38.8539408051,9.4715080339
38.5252806373,6.41692314216
38.6873081964,5.46516829959
38.778957798,6.44314903046
38.9780728987,9.5999446242
38.8341773202,9.68860439758
38.5927753284,8.62420265629
39.3091291622,7.92213370383
38.9578813444,8.4996209505
38.6713225813,9.09731251332
39.2680951041,9.73129934274
39.1737750742,5.51481157354
38.4200265192,7.90340582061
39.2914498829,6.68484374275
39.3731704223,6.48185444248
39.376405434,8.15924081063
38.6599938577,9.17869975165
38.6452116602,5.72158798865
38.8555633956,9.01080687735
39.3454327791,6.64447594424
39.4122456435,5.04088400209
38.8430229177,7.18435308245
39.2139961956,6.84080780591
38.4761977308,6.17096725098
38.4524846896,6.93472060991
39.1555449674,8.41424069307
38.6340021497,7.19016716316
38.8955408218,9.12051289249
38.2901274519,9.69002196966
38.6227495288,8.49968067532
38.4659576842,5.88728264116
38.61571709,9.98123880619
39.2025410421,9.80090845326
39.0878471537,5.9446428012
38.5446099512,9.47757085228
38.1106878069,7.35093980043
38.3072359022,6.13325845586
38.7931471836,5.53414334043
39.2108211744,5.82690970003
38.8658118773,5.36617767629
38.636715638,7.10276946646
39.2816633501,9.97913846819
38.4805128371,8.71621784904
38.763224834,5.76303747096
38.3061000326,5.69066217519
39.2589584412,5.04892991105
38.5298486272,5.66911468369
39.3722352111,7.42119001359
38.5522586741,9.57966896748
38.5518423414,7.52152367079
38.299252948,7.47520028333
39.0234227791,7.25823960877
39.0630589768,5.24377656772
38.1999338901,5.38812912937
38.3466593544,6.38276904271
38.6084209455,6.21415458874
38.3026839495,5.25981204039
38.7854893045,5.26397551905
38.949874399,6.94834034385
38.4809044461,8.11549597635
38.3951935442,7.55026717694
39.3417961028,5.63593328869
39.0091912459,6.00073511075
39.3869335063,9.5658379206
38.8034586091,6.25521880649
38.5109967395,5.94916086097
38.832788588,7.67718746861
39.1805964563,6.77124564185
38.752761436,6.32938881635
39.4980533026,8.28750581079
38.624659818,8.10430205186
38.951343019,5.84519876352
38.6160291644,5.82956969457
38.7296646103,9.44316785667
39.3464425718,9.69346524152
38.7215105982,7.25074814486
38.654214683,8.22133591969
38.436918393,8.63784764681
39.2144055555,5.11198913981
38.4019816514,6.25684605971
39.1135495076,6.73992091044
38.9937526059,8.75855179807
38.5999416115,6.47042071846
39.3410672237,9.61967088397
38.4759150377,7.04871132567
39.3080793621,9.34585244217
38.1122634905,8.86048039714
38.724540734,6.00174639259
38.5399769919,7.13244102401
39.1963886178,7.14166410015
38.2516977413,7.27853722239
39.1051702723,6.20753129496
38.6320424001,8.70152835539
39.1284594287,7.82330002623
39.0751079188,9.06655557935
38.7388483982,9.1847633691
39.0675738476,6.38866219597
38.5946132935,9.37904535943
39.0420989454,9.52800599267
39.3784303398,7.70694095414
38.201411208,5.22348740899
39.3080367323,7.32546711691
39.3834486321,9.49414920883
38.2959281745,9.76031830912
39.1118171139,6.44496022242
39.4431469987,5.19391934891
38.2917630626,8.41493640593
38.4060291276,5.52047067471
38.3111195062,6.86229201444
38.5037405837,5.41025321624
38.733467678,7.70572627756
39.1034278366,8.04418770145
38.5952281848,8.28469632811
38.355779609,6.91452488175
39.3400803051,7.51829384395
39.0140951911,9.31168003232
39.3322493032,6.43150154668
38.3400236886,9.45008578971
39.1381627562,5.60757421108
38.3475204015,9.61320274251
39.2165243042,6.52143808401
39.3459625346,7.81746920455
39.2492619123,9.62805195623
38.8482548941,7.26393960834
39.2591570195,6.23025244034
38.2172296752,8.85282811818
39.1468976189,8.74381086847
39.2987922324,9.17754835073
38.1928493757,7.48017783338
38.3751617492,5.72492430737
39.3251745305,9.86978186442
38.5925201782,9.17058290142
39.3225548069,5.8406803205
39.0662143561,6.97417375545
38.4286284173,9.65915367225
38.8602245596,7.33428310683
38.322334233,6.21567253248
39.0494424176,8.52101935602
38.9992457662,8.27059284484
38.9872560047,6.69560888179
39.3019650546,8.9213367415
39.0555158045,8.68886110098
38.0494817623,9.93271711341
38.5740644185,9.02130861615
38.7429913171,8.14861554863
39.1486869615,5.16749199608
38.7200641051,7.16082963588
39.1011965991,7.37415086082
38.6535182066,8.92219534146
38.7179207056,7.60384861501
38.1671230202,8.75012075572
38.6341929582,6.84329378269
38.8481823421,5.72140720317
38.3360817465,5.96177267075
38.8248817669,6.17037501167
38.8966058424,5.68463378376
39.2870001113,8.30100852731
38.6809788058,6.73576554585
39.4180418087,6.89895980051
38.4018808583,7.63594294273
38.3223926838,9.22257359144
39.3281333482,6.87656728147
38.9330754765,9.70448899936
38.2781450364,6.68002111215
38.8174526989,8.69425390636
38.3729889831,9.72250301264
39.018563801,8.85619683285
39.1662167287,6.92274335302
38.9283663642,6.50827182946
38.7547933339,5.92952284217
39.0163604586,6.13191577214
39.444175118,7.79567194449
38.564854577,8.34964986754
38.4391810697,6.80165383694
39.4215827966,6.31381461691
38.7688718393,9.55089696466
38.1955784527,7.00905363087
38.75610999,5.36779549744
39.1035430711,7.66072141846
39.3944709623,5.34626604855
39.2831965996,6.77766123626
39.1763772723,5.90077997828
38.2248908104,8.05057253394
38.3695197612,9.51436256875
38.2944236047,5.61359482639
39.2066599012,8.16117168564
38.650792089,7.72287314431
38.5553847828,6.65950796595
38.440425753,7.33465495494
38.618915942,5.53291954103
38.1458230513,7.55487399785
38.257464315,7.17848487127
39.0800229923,5.57636537625
39.1079850228,7.27208799026
39.2375410338,5.61526744856
39.2541852632,7.38596658284
38.7400368079,6.22829344458
39.1558127193,7.04372190084
38.5967206791,6.57165833044
39.3201251784,9.01269224866
39.2303588765,8.84299005616
39.2369529043,8.68956511915
38.95654839,8.91162905867
38.3446809289,8.486709739
38.3775460905,8.71874849267
39.2298484434,9.27947918115
39.3697876889,7.25958739103
38.8277978625,7.44696637615
38.7555169686,8.43139819265
38.9144514319,7.30100579494
38.5387788942,7.7518400952
38.1319987838,9.9081242839
39.0144884967,8.18605115484
38.3607030498,8.32041825048
39.0611654353,6.71219347687
38.5972969542,5.63019973664
38.3298552732,7.93495917731
39.0777778396,6.88979776839
38.9148424327,8.31334711178
38.3812342779,5.6262984646
39.0403700295,8.43106890311
38.6702731448,6.16602167474
39.0166486479,6.90525579015
38.3782934416,8.87337721236
38.8468481538,6.77916553691
39.3856880106,6.79500120102
39.3606068727,6.71605170197
38.8851593052,8.389265177
39.4250441272,6.41254790172
38.9471510057,6.84484907715
38.6333453334,9.45114986888
38.9544023036,9.5090337164
38.3809882935,5.18234806932
38.3591111145,6.49046784119
38.6666996844,5.38381158377
39.133989822,5.39708493699
38.8830469821,7.84415174263
38.5277533433,6.8513816608
38.9577862705,5.20832149447
38.3781149285,9.9302489588
39.2220771213,6.70167243309
39.1087458408,8.18301375086
38.1727216743,5.72392666272
39.3964815068,8.97277954457
39.110075689,6.00779387118
39.2273254698,6.28937078227
39.3610447465,6.95586719955
39.49322501,9.83253785268
38.3891422417,8.96177953827
38.5193858175,8.45336599474
38.757807382,8.97083563645
38.4573736304,6.68583099243
38.2617380721,8.10793213272
38.8886458329,5.26173607897
39.2369540413,7.25190247692
39.0098232155,6.25154637823
38.4538020296,9.78675907458
39.2066225181,6.02608259497
38.528974071,5.76953208481
39.1972381335,7.78608559397
38.7057346878,9.92816943351
39.3570350715,5.52973437051
38.912500288,5.56848756127
38.2635006433,9.11401997426
39.2590283772,8.99482730608
39.4341628413,9.19560340595
38.5786115215,5.97825829194
38.6318840612,9.7616995474
39.149317048,5.95246798945
38.7166896276,6.9435568613
38.1393599674,7.74262538003
38.3354932884,7.33841068787
39.2178082243,8.76939327528
39.0791955982,6.57588199476
38.793895329,7.78493717209
39.4318553106,8.09007410761
39.2682115006,5.47887022735
38.3099117958,6.44928549259
38.5823975556,9.66477489245
38.2210571104,9.97305614021
39.3490877903,6.2498370942
38.8236798411,7.56123960625
38.6054116398,8.41256056213
39.0443847689,6.64535185503
38.808886579,9.36160576099
38.9047926939,5.05276729148
39.1880346267,8.94155735907
38.9788239467,7.84248117601
38.6337218438,7.88579848532
38.3845240296,9.12522162753
38.5540056058,8.19523409818
39.4657703093,8.8812580854
38.9823963088,7.10918132128
38.7766047262,9.0894583388
39.2778545691,6.48618675412
38.9983380808,8.12889749889
39.3444719704,6.34849393125
39.2164595458,9.38947299529
38.9517522965,7.92159909742
38.3420971679,7.12782515399
38.7664255972,6.75119323633
38.4349231955,7.14788993538
38.74080749,5.59899623389
38.9826555344,5.67089227342
38.2895789583,5.17277620384
38.9243134543,9.36314012856
39.4469236448,8.35234806266
38.5009135951,7.60558064681
38.9333124999,7.62661624229
39.0132715745,9.43655172294
38.6284582664,6.05785982436
38.6094491672,7.80684350334
38.5522256679,8.85620313145
38.2685361578,9.51425773727
39.050163979,9.93223560846
39.0994641468,6.81168883412
38.2227174267,6.82716921504
38.7454899774,6.08528448917
38.3087078676,5.09823025935
38.599916037,8.78033802156
38.2538027149,7.78192545694
38.4495205327,9.02737470156
39.4180183925,7.88835293916
39.2701910222,6.97679810772
39.0660421597,8.94711596858
38.2069648458,9.72618125256
38.8806701902,9.85132364009
39.3542352519,8.70096198121
39.4638580505,8.75629378257
38.7288085208,8.75576447257
38.7505697081,8.5085928027
38.5317766575,6.50226927734
38.3008531048,7.86675532366
38.9932115845,9.81893026724
39.1058390645,9.78677698175
38.305398673,9.9105828741
38.5728673204,5.44921136382
38.3182606105,5.54701423251
38.3623317408,8.1011865144
38.8404203999,8.24582850998
39.4926603577,6.93786594417
39.3212200133,8.49386106746
38.9819835392,8.02308218164
38.546386659,9.82693472569
38.2459225375,8.69743744368
39.2861916612,5.35614859242
38.6994057647,7.78554272755
39.0232400975,6.48472389279
38.1361799735,8.27454448516
38.2878937692,8.04592842837
38.0379017235,9.15996161065
39.0144072631,7.67878170612
39.0006726275,9.21505115912
38.9939941545,9.11702501911
38.5165937704,6.61649028892
39.2484601383,5.92041805685
38.4301281385,6.45277027396
38.1777339126,8.92906764723
38.8898982222,6.42881415218
38.2772463121,7.10611300273
39.0836811575,7.96482843202
39.4226256931,7.58544243538
38.7461918035,6.83091726051
38.3903430022,6.16331710674
39.1362120767,6.65974782486
38.3537953177,9.83265186682
39.304161227,5.98950534482
38.7143955764,9.62026595783
39.2336067854,9.89604993623
38.2907319772,6.29553254162
39.0543106284,7.06908018343
38.9037576538,7.04898028306
38.9572105213,5.91899728294
38.1625083879,9.2476126486
39.0499491698,6.32222752555
38.2831514004,5.95371514268
38.6864745809,7.39992124495
38.4260732427,8.52334906838
38.9331205663,8.11139773188
38.3024994818,7.57090033925
38.3030163207,8.87352452477
38.2383500154,9.30757935398
38.3659245375,7.81081880729
38.7193646275,8.66650490032
38.8325308744,6.61812408735
39.3180324186,7.17127625805
38.2488991181,5.74029143646
38.9998464463,8.59211989427
38.5391161717,8.75481509816
38.162419396,7.95136074764
38.4411860683,8.79988537245
38.5751569878,5.04627754085
39.1091798599,9.26944672047
39.0637364695,7.17679915698
38.0966829516,9.97545247837
38.9318776563,8.20408363102
39.2342692079,8.00831317606
39.3646485492,8.81774662776
38.8931288272,6.67559536951
38.9706808803,5.29863469468
39.2568667452,7.07607161196
39.2824755589,8.77235813522
38.6070125592,5.29369727156
39.3933302338,8.27208174646
38.6042782255,5.9146170756
39.1976268926,9.06517005158
38.63093846,9.87229179178
38.5546055657,6.12606605904
38.6722623963,5.20230904896
38.8089422971,8.05574913553
39.1551228714,6.57033986476
38.0731022034,9.24120994276
38.6506237614,7.31223635168
38.7920425688,6.55680078643
38.7856778112,9.63537076208
38.5365768538,5.59013784694
39.3546462388,5.1268775897
38.2634268369,6.94339704413
39.3810129814,6.05689288628
38.8338474684,9.76875416622
39.4195413956,9.74404490452
39.2532333671,5.18459470386
39.1154340279,7.55808732769
38.6695307398,8.59606165251
39.2397048009,6.60695305808
39.1383882875,9.87598914618
38.9398851563,9.93264527507
38.60807145,7.58786544157
39.1120117043,6.08435429603
38.4442695154,7.7044060809
38.4711549884,9.89450909141
38.4827273358,9.70932241122
39.4585978072,6.69946569793
38.205450723,5.83148096167
38.3337185747,5.4693704655
38.9848863,5.44438377528
38.22909561,7.55750038245
38.181771046,7.09750760086
39.0304090873,6.84721991792
38.9090176802,5.99160416611
39.1878380441,6.23144354736
39.3080157854,8.60390855218
38.7162000565,8.05354621794
39.0161367307,6.77491185738
38.4177558419,5.80899634526
39.3466308715,5.24817656886
38.9249376395,6.19157278226
39.0900991621,7.48584455248
38.2994104997,6.02820436024
39.229103065,7.33217039453
38.6748258779,5.88861287988
39.1267042803,8.84629703459
38.6338667912,7.48199287788
38.3965509252,8.42242225667
38.7221457523,7.88126587262
38.6186736113,7.39247644518
39.1373893047,9.5811825345
38.4014459708,5.30767956298
38.8034857534,7.00880776475
38.9027997736,6.08390869994
39.1028545217,5.85645937123
39.0836450595,7.873134986
38.7500532251,7.98160823848
38.9309055075,5.43201500059
39.0906616651,8.59338939271
38.3311756292,6.77176735069
39.1569596419,7.52574035049
39.436801486,9.28881415799
39.2789223032,7.74731000295
38.9587116782,5.49974576487
38.439403148,9.24718966806
39.0120164089,7.43108604644
38.4641509449,5.1579544188
38.4464222825,9.348764877
38.8014614945,8.35326131222
38.6738517911,9.01635293126
38.8161797011,8.79360531301
38.1942882762,8.63213644489
39.1290668171,8.51661610141
39.4096690456,6.61657254761
38.6974319052,9.32999064108
38.1923683096,9.41972561865
39.2079529327,7.67808678147
39.0544880284,8.78547033788
39.026641007,5.12300727361
38.8074285658,7.86648365698
38.2266536596,5.05207486074
39.4827657795,9.7043786227
38.8433466505,6.90297046175
38.2458650157,8.52546212044
38.5561836144,6.19424804298
38.7894910463,5.05822753749
38.4077285543,7.43673440644
38.6866621124,5.80632633148
38.7214382731,5.53289442133
39.5383127991,9.74092010414
38.933868097,7.5080212761
39.3504930471,8.08560972852
38.868743502,5.90902119012
38.6746604406,5.07901376403
38.9227144612,7.38665880476
38.463090239,5.57232977367
38.7796183732,9.2653715937
38.5054275242,9.13999909004
38.8034712672,7.9281771652
38.803767839,9.83321678183
39.489839939,7.47727154633
38.5284151617,8.94412076803
38.6456611867,7.01483479733
39.2225404844,9.50809410796
38.5103218911,7.2309254555
38.2271426755,9.20953329143
38.4841821358,7.51169103088
39.3306055183,5.44122680344
38.9384156091,6.7555940519
38.8695595118,5.48925005953
39.4903439577,6.81933727051
40.582982304,8.60068237149
39.9589327813,5.2499922404
40.7814922602,7.40482381397
40.4219357702,8.13551242335
40.430276833,6.47412840397
40.208513003,9.81588893138
40.5580910005,7.59160191224
40.63501854,9.89720944928
40.1162832407,7.15281454068
40.7932757665,7.85628245077
39.5681698258,5.0531498635
40.3664859962,8.53432964471
39.6416477951,7.32280560984
40.2140333613,9.6923582789
40.2695801836,9.44651597097
40.3042372835,7.7771535839
40.658114111,8.75343140825
39.7493266916,5.97257796215
39.9686598979,8.3192413247
40.4082537184,8.38980697224
40.4905863445,6.1246444078
40.7886728497,7.19350752727
39.4392893488,5.84505151099
40.3293816563,8.88368213776
40.0255165881,6.40806848885
39.9305658808,6.21316182162
39.5729067025,5.31831912003
39.6081237822,5.42007746859
40.2368919328,9.93331303882
39.9005109993,7.61139870802
39.6066348313,8.70087753244
40.3057098144,6.98269047621
39.8386729176,5.99068316126
40.1239766567,9.70928950383
40.3082920756,8.58016675393
40.1387442697,8.62400334797
39.5518548249,6.73569281271
40.568177825,6.10526658091
39.5344960898,9.13203289667
40.2137595663,5.1879830536
40.789466568,7.68960755015
40.1673420209,8.7255932774
39.6591525973,8.77273206544
40.0035218306,6.09439376856
39.6752336145,9.04806160207
40.27988241,5.03846259105
39.7607876957,5.27002532805
40.2514567879,8.32928376928
39.7824680974,7.07486694064
40.5539728442,7.07897786037
40.328050665,9.47585997981
39.630307204,9.55449344755
39.8898988598,7.86732036279
40.1972952219,8.83173045553
40.5211260207,9.43346043405
39.4649577982,5.10559369486
39.9263573583,7.94074246704
40.8658308942,7.30883992943
40.6190149316,9.36595753094
40.0914774976,8.85164468866
40.7338963002,9.6452476146
39.6480342552,9.15490491158
40.0829441034,8.30475552904
40.0002541702,6.89479558508
40.6278628065,9.69439306463
39.7544701876,8.19580774034
40.6128165425,6.8451137144
39.897107331,9.92284319554
40.1169540036,7.30717732793
39.9950273968,7.21524643091
40.175033012,6.62021482234
39.6998249919,9.60794715692
40.686652097,7.19914785371
39.5178728175,9.3343971655
39.8919219927,6.94976733054
40.3942820297,9.18562416446
39.8772643534,6.17726891694
39.699924424,6.14920939943
40.3233907987,6.4334916875
40.0166168738,8.63558925739
40.5535253128,5.73923555112
40.7688765186,7.78998194977
40.6738176148,7.96016029887
39.600949497,8.46742358641
39.9903214335,6.63158992902
40.5393238676,9.8503808209
39.9733451347,8.11335190786
40.4860070101,7.91296726072
39.6073975824,6.8342923555
40.4546542871,6.6250911622
39.5090655092,8.60373838842
40.1783693536,8.32448739079
40.7762570821,8.23017357533
39.7342650436,7.8454224133
40.5952475319,6.25544717783
39.5739370581,7.38855898613
39.9744043455,6.28485214919
40.6048555725,7.14363358521
39.8721686264,5.79715275581
39.6819762365,5.93953472422
39.7780748144,6.57174021085
40.1952692375,9.144913723
40.3688594723,9.94784591889
40.5796993867,5.21786647262
39.5557691493,8.23759174135
40.4959931185,7.76840086575
40.1955789305,6.2112769056
40.3128884558,7.53789557581
39.757473011,7.21931518888
40.1432303007,7.97302756605
40.1824730014,5.48804061743
39.9185878673,8.04228070368
40.1577840645,6.31490422394
40.0429190191,6.32490937572
39.795430017,7.367507124
40.218553618,5.7205742177
39.8826981116,6.49572815087
39.841644557,8.33230657067
40.1776764039,5.2721987105
40.6862461838,6.66425008329
39.9909258767,7.01861332016
40.1688635297,7.10852565553
40.0067193891,6.69152350176
40.5186221692,9.53380484339
40.1589981706,7.20753181942
39.7547133173,9.12752983482
40.5566562188,6.46316170897
40.5953494876,8.7177176762
39.5601663048,8.17210204357
40.0128624412,9.56821840568
39.6057326526,9.80270149781
39.824605156,7.28736793064
40.6079276722,9.44715460278
39.6994080058,6.27991721857
39.550655658,7.19502866338
40.5816975031,7.43041568397
39.9304997597,8.8848842422
40.5451031147,8.88633337217
40.0601455594,8.74319654482
39.6848800735,8.12041422757
40.1297037712,7.52680256609
40.5168209239,8.06039656686
40.2567085421,8.74014048698
39.4669571648,8.17971208518
39.8344552541,8.53258222627
40.5167933154,8.14359331703
39.4967864843,8.08845328626
40.764178691,7.91736316202
39.505438507,5.27177886105
39.5459717648,7.62426181577
40.4834164256,5.25284812564
40.6788905376,9.04320518358
40.2747842452,5.43303477624
40.259369984,7.67938961828
39.7370097706,8.85241438572
39.6111853353,7.09504584121
40.1595269232,8.99551096093
40.6039073403,5.31781331084
40.8124054683,7.33119708728
40.2219996212,7.89706831168
40.4850644091,7.13559736196
40.1245716761,5.91423431715
40.3952238317,6.93612525712
39.7705458386,5.79568257251
40.3436857873,8.46779126719
40.6823343247,6.29023747448
39.6754966845,7.55366648772
39.9122679774,5.53690799154
39.6129378433,6.69245912073
39.5666876392,8.77563808151
39.9334247684,7.27930872595
40.4574490068,8.9470967929
40.6131706458,6.5088117022
40.5813767649,5.96042282566
40.7507267105,7.48877383539
40.4331059203,8.30296361919
39.8877875821,9.82961998449
40.25224849,5.27591522491
39.666115395,7.18324688914
40.6240800234,7.5285364596
40.784143967,9.23481749431
40.3523769573,8.06250059899
39.7218245497,8.30304339341
40.635419401,8.28891239403
39.4360711296,7.15013016989
39.5356979469,8.53309800701
39.8495341328,6.39098780172
40.2609147629,5.86057545608
40.6941056286,9.28672923105
40.729247379,8.32218561407
39.4272869967,9.64216500339
40.3789287804,7.16904280188
40.4955132843,8.57708995111
40.3457351768,9.5526918059
39.514997436,5.68553675968
39.633601782,6.18118616319
40.3152432259,7.35577998771
40.7426000032,6.85202050451
40.6985515876,6.75180139104
39.5420929576,6.55545175797
40.2462252396,7.17325889294
40.7089776311,9.20565953822
39.8129113116,6.89142625446
40.7165183757,9.37842775617
40.011100886,9.97828843789
39.9719542591,7.70379503642
40.1372584522,9.06018830201
40.2314691707,7.3414350347
40.2329800359,6.37824397477
39.4087094504,5.72109620925
40.7495690765,8.42455533176
39.98411435,5.72670925294
39.717367965,5.6107941283
39.8197876665,9.45298066332
39.6898841212,8.41017762908
40.2590045039,7.06565655529
40.0340135308,5.64328470033
40.1200560743,9.90823367092
40.470887845,6.83911050217
40.4460281424,9.60772221041
40.5209903381,6.27741500403
40.0121297551,7.34358095315
40.0333017961,8.36676499347
40.0844114988,6.4432308925
40.7187728788,8.90278371551
40.5581514913,9.76982082756
40.3552204614,7.94400237546
40.6301323663,7.7508858331
40.0955141221,9.31112659673
39.9267409218,5.04340677403
40.5316277952,8.32219016587
39.8282428242,5.04259008089
40.0391858718,5.92510175576
40.858842504,9.05819989268
40.1600721252,5.65325234585
40.3717118473,5.45500765463
39.6406927405,7.80238129107
40.2411220568,8.41775141482
40.375247029,6.63803303965
39.8766274621,6.60767988873
40.6351622805,8.83413291782
40.6416159936,5.41969603086
39.605546442,8.31883970983
40.816524412,8.8519059634
39.7280729926,7.31221805033
39.7272607268,8.52210427343
39.6214345588,6.00099941165
40.0995054294,5.7211864455
40.6247179683,7.88789645106
40.5923357853,5.63319691553
40.6003046142,9.26878738764
40.2716457451,5.92264834048
39.4658429602,6.12262297695
40.7748471154,6.98956696852
40.1054472134,6.14076856857
40.4800957695,5.67510320945
39.7768340374,9.35029895244
40.2461579302,5.60301038684
40.4254628871,9.49216576372
40.0242416019,5.53749268757
40.1134526621,8.4155869139
39.986781623,8.43945229537
39.742582936,7.95946805589
40.1585328889,6.41989739702
40.6135822589,5.13955247734
39.4639317398,5.99473570172
39.4290913385,6.9749460969
40.0932240979,5.12779327339
39.5413044835,5.15123024578
39.7197670302,7.65547004628
40.0321094742,9.26142354583
39.5066788352,9.42536093674
39.9203257705,8.65132713441
40.314320931,9.75336089144
39.4837237629,5.92715706485
40.0053820749,6.77587357604
40.6240432788,5.72252126603
40.4827189703,5.44558994614
40.4236862846,9.84336799022
40.0893060016,9.7919070604
39.7113010304,6.06178182963
39.6341148257,5.52644462186
39.729368125,9.24159884933
40.590512505,5.88763787752
39.8963622176,9.36101472041
39.800828343,6.24070592145
40.2003034857,7.78261413098
39.5474188384,9.63796169908
40.7438002108,8.12954539684
39.6283668423,7.47252049158
40.2290681057,6.44702207592
40.5211653147,8.67636102842
40.7292398118,9.13095159921
40.5691526163,7.8427960027
40.5103566917,7.34119549898
39.789925081,5.88830551355
40.3184767474,8.34544922191
39.4420390174,5.6088169252
40.5267114223,8.96614631562
39.7230098487,5.3104158917
39.7861106108,6.98194283834
39.6776449152,6.66596337735
39.6674217048,5.04632578373
39.8008837253,6.06551555538
39.9312315113,7.52361289128
40.6710678765,6.95037061091
40.3803755921,5.06563539651
40.2969000301,6.90592713509
40.4236759413,9.72560731966
40.4510510381,9.09306620495
40.3521358051,6.82016592763
40.4053265005,6.74397750326
39.9426032572,6.68132577579
40.7798852544,9.32631850093
40.6173450988,8.95471861173
39.5700465915,6.99506693857
39.7401999366,9.68511647676
39.7706603575,6.82840386999
39.9725474129,5.88485762508
40.8537855829,7.9031743877
40.5761608665,6.94204019559
39.9762587852,8.0058851039
39.5911607322,9.39306199406
40.7903368505,6.74805089972
39.7807075139,5.1014456442
39.4809944915,9.52909581494
40.6678331937,6.5711130321
39.7889124727,8.35235830304
40.0258784064,7.26960467774
40.8214212474,7.27466638931
39.6794232906,7.39819441826
39.4564191427,7.25260665337
40.513637902,7.5133702763
40.7252694876,5.88470787838
40.3572029091,8.75335236696
40.5459070386,5.81523376243
39.8713900678,9.76561581913
39.9206053811,7.79065887079
39.8913517481,8.46163684981
39.5775161737,7.54532510634
39.613610789,6.60900551375
39.8332392161,8.88346995643
39.6048829583,5.91356910523
39.7825074583,9.7751575534
40.2610557071,7.49171210225
40.7771612157,9.05114721625
40.1857060736,8.19318371352
39.490379872,5.76339760143
40.3873327165,7.71461635409
39.8599504119,7.18174078006
40.1512072792,8.25031788359
40.2202434281,7.25382356102
39.5057261574,5.38621122129
40.2966180869,9.03279074551
40.8177012039,8.34700334405
40.6544920142,5.17671437862
39.7840792131,7.74069843091
40.5235638993,6.54780505397
40.1722892845,5.81892533742
39.5454252558,5.75496461171
40.2027944008,6.00636261648
40.0354201307,5.22637913505
40.6748344871,8.48222660562
40.8458126987,7.81118682483
40.0147161341,8.21941415116
40.1205886357,5.40853530486
39.9060616549,6.78414679023
40.3353177356,5.88957640546
40.7286044127,8.79986746002
40.2749519832,6.28677202989
40.7558521378,8.66491680256
40.0123250123,8.83206863717
40.2833250063,5.50747373133
39.9615395089,9.28456438081
40.6043747643,7.26068565593
40.5147314053,6.91467972148
40.3938057751,6.15959317543
39.6181397155,6.09740078578
40.2193634076,6.11413641541
40.7326182648,7.58008914506
40.7249051772,5.23667265216
40.0105059929,6.20057155431
40.0905441642,5.47264516778
39.4690109836,7.35119928256
40.0366447682,7.92445583695
40.5433837815,8.78544834832
40.0976357853,6.49384649456
39.6115190522,6.38539320468
40.5897348445,5.05847009192
39.538031493,6.0547870902
40.4880775041,5.04417952443
40.6657939083,5.95972440637
39.5876510896,8.07725849182
39.8762363402,7.7113630766
39.6999706776,5.19253792174
40.2119266378,9.04342553324
39.6297506944,5.12925990363
39.6147170229,6.28257833852
39.6136331177,7.88943637108
40.4886189747,6.72462280385
40.3431601221,9.65239687511
39.6123810593,7.70779493246
39.9575537415,6.49829802411
40.5696838507,8.49768187931
39.7218140841,6.53146809249
39.7822798411,6.47685976193
40.1109365483,6.95221016851
40.485544596,9.90895481557
40.1200740001,8.17668464153
40.6312851283,7.63476248997
40.1098047974,7.62298796384
39.4201326791,9.08467390154
39.5550931724,6.90206299318
40.3376532779,6.52010416527
39.5335985258,6.45622577719
39.7035826976,9.86177482033
39.7130460444,6.21383848231
39.8551322047,9.56083806204
39.845775786,8.73234328365
39.5765167751,9.88614097858
39.9692474908,6.56290874118
40.3250744218,9.41999240811
39.6789886026,9.37104963048
40.4395240658,8.01640807725
40.4825826238,6.37019728706
40.4120846228,8.65246367942
40.1241253044,9.38635691408
39.6288075627,8.17210862386
40.6396746966,9.61345036088
40.3637751624,5.6521293849
39.8363348712,7.81384078545
39.8999013714,5.21106521236
40.0873417498,7.71204871646
40.4752094454,9.0111207374
39.7474843463,5.03451302809
40.0599028211,7.13048202644
39.924863363,8.18984634919
40.2248409269,7.56961779022
40.4726116551,9.99351679675
40.0253680852,6.48191623841
40.1243816486,5.22293194843
39.8589225872,8.22110704456
39.9403851137,9.68306018656
39.9598175416,5.59871371608
39.942007345,8.54948889725
40.719063183,8.72536994215
40.1907928321,7.44211800746
40.8187488809,7.48707602476
39.5601440509,8.91658781852
40.2749957777,8.14371302026
40.3408438604,6.35114397411
39.6146597871,5.6463187683
40.2916814601,6.18043897889
40.0622510004,8.53054646909
40.6742776471,8.19075254548
40.1761098609,5.05059087041
40.0234590678,9.36204938582
39.7906443013,6.15294883679
39.9466249336,9.47944062644
39.6518173477,5.3357882898
39.9497184597,5.36030877876
40.5477681485,7.67878896641
40.6584056258,8.56467884275
39.702233584,8.95328183414
39.9481508302,6.42399331216
40.0839942541,6.01551479637
40.4061090485,6.28160350317
39.9594035871,7.86221926619
40.3180121106,7.26188185734
39.6177784149,8.97032655586
39.7721382008,5.35061551549
40.2358312384,8.94828907183
39.9689663448,7.13325236822
40.5538438575,6.40388862355
40.086381548,6.3791307451
40.5555674743,9.93593409277
40.3164885386,5.22078307154
39.8549288965,9.24098896313
40.0964115876,5.31701389651
40.7234387732,8.60022055601
39.8237032997,7.90280304727
39.8807811828,6.85908539392
40.3067040401,5.13833073258
39.634711412,9.95980941412
39.9664157019,9.18755086298
40.0345967405,7.80156833797
40.2736447395,8.51748888206
39.9699369298,5.81196405187
39.8969402149,5.35331792407
40.4303880418,5.35439444099
40.4442398784,8.48853747013
39.8741713998,6.28264206703
40.807300026,9.1210182474
39.6104868139,5.23292148863
40.0992142632,6.70363269546
39.9327657833,8.75994115748
39.8468875566,7.41736143977
39.7192908562,7.11911943159
39.8786761944,7.06347147576
40.2087709614,5.91229748851
39.7541475153,8.05865195788
39.9592340645,5.99160417366
40.1741289755,6.8928518513
39.888913435,6.09095459579
40.1004604806,8.22908058618
40.5280435624,5.36484407842
40.0453200269,9.86116811833
40.3484673051,7.61622838851
40.363460684,8.58639944271
40.6312132688,5.8131398947
40.5017354014,8.42061820431
40.3114301547,5.73895382709
40.7578214739,6.67881010649
39.8529945979,8.11840441779
39.9315859136,6.34317153752
40.0639391322,6.26169583495
40.0372919824,7.64937817311
40.3938009844,6.56680445568
39.5401382482,5.96301118442
40.1625207304,9.31778253469
40.1221017113,5.58248079978
40.3161364832,7.12816471739
39.9712947183,8.97167978631
39.6856085669,6.34481460571
40.4726843498,5.15919756916
40.6803015195,6.49929658852
39.9890806757,7.61873996453
40.2974486068,9.99883035039
40.4430746172,8.8498711592
40.2439522441,5.10207542698
39.7940500666,5.19013604181
39.7865992186,9.01630727787
39.7000337176,7.74987171606
40.243625405,8.25676412452
39.6673379324,7.26250108722
40.6418358809,9.78796284012
39.5050924957,8.99716999367
40.2021639843,9.41035536512
39.8228240395,5.47188947546
40.377960604,7.05971091316
39.7663311875,6.39673684005
40.1771528682,8.51644181948
40.8405612534,7.56862986893
39.4768072953,6.22921953462
40.4486343203,5.55650431285
40.2328163314,6.83056913523
40.2652203281,6.50595444229
39.9825487495,9.87234954523
40.7295644492,9.84910026024
39.893139482,8.99946025375
40.0010836484,5.30902792798
40.6006750463,6.72265172979
40.8044677007,8.94029564859
40.6133856304,6.62871578068
39.7726597869,9.61005675001
39.3847084638,5.94685885589
39.9304073756,5.30435349425
39.9148290857,5.42202454773
40.0743218975,7.42813573713
40.626008642,9.16763836789
40.3395005651,7.443524613
40.8842039544,7.23758169637
40.1261495639,7.85919615269
40.7978834895,9.53185363312
40.5704714867,8.21876819456
40.4703205351,8.22679234064
39.8400869392,7.99843154228
40.1206815787,9.23561774904
40.1101163452,9.6035053767
39.9018382514,5.65748044136
40.3196262271,5.34382238103
40.0168626186,5.04676991259
40.4147363323,6.68545584206
39.8076538798,9.87069964772
40.0671114981,8.99171805329
40.4869335482,5.97427263452
40.4223011311,6.04537119531
39.6397662865,6.50546195129
39.9386523797,9.60700372665
39.6532781848,6.97115410086
40.4980982391,9.76388101556
40.2802805502,9.3471971943
40.1726947725,6.51872639389
40.5706061516,6.34440506841
39.5719331747,9.47963573842
40.0742918288,9.47751129515
39.7324205248,9.42950760826
39.8424725747,5.37977560776
39.6565281407,9.4587918966
39.4984496569,7.70332833886
40.3548027648,8.24379330749
40.4118536738,5.93794462038
39.7004285101,6.59517120267
40.6876420574,5.33093659526
39.8200623453,5.58561337834
39.8427732695,9.6773390816
40.6869903833,7.4417480403
40.5384434759,6.64528472018
39.6479033749,7.98374520381
40.7924140148,9.59438174858
40.4076192248,5.85383719436
39.4079690097,5.43557130994
40.7377217723,6.20130846513
40.2837604733,6.60581613085
40.29759944,9.24516145767
39.8434023711,5.29044502951
39.6273823936,8.86655556373
40.2205435657,6.95439829768
40.694265892,7.84991624227
40.4702044036,5.78629522405
40.4054972814,5.25284767366
40.117118709,7.7752815692
39.5311518409,7.10437523802
40.5109065872,5.88723637476
39.83836615,8.66731275783
40.3781264737,5.77765811951
39.6145718337,5.74720851106
39.586365285,9.20809393932
39.4753041684,7.04663927749
39.9617017054,9.77833046043
40.8684391102,7.64124181175
39.5271405238,8.67403866115
40.3051783363,7.85991151714
39.5637326401,6.21600408704
39.8584777193,6.71154942869
40.2994038057,9.17917618918
39.6961021053,5.25862273649
40.5579863917,9.59909703284
39.4777702442,5.50639493638
39.8311040377,8.80137617409
40.3151212779,6.09042314171
40.5595110007,6.18684110707
39.7669981615,9.9657874012
39.7532377323,7.41600143639
39.7913429549,5.69844569286
40.5303267162,5.29057921835
39.7008472526,6.42451648355
39.7036973694,6.76877842128
40.4475892995,7.43338129344
40.5345441918,9.68861093718
40.0223950374,5.41272794211
40.5692589925,7.98919836976
40.2891156817,8.80792385834
39.5506181106,6.14801612113
39.7376688295,5.5222199035
39.7346431678,9.52441311653
39.9736261855,9.0676421324
39.6161706392,6.92016849989
40.1403578422,8.92042090774
40.0573033197,8.04028084597
40.036027764,9.69074861826
40.7141287362,9.54726472806
40.2365294236,8.59336728746
40.5617474698,5.13793411121
40.6366421796,6.05288752592
39.7714842046,6.31649163394
40.406221952,9.37874194374
40.3062608881,8.65971325119
40.1710018617,7.02821823901
39.6112106845,7.26561401392
39.540394052,5.57843133573
40.727940593,9.95722556952
40.3910839722,9.00463493023
40.3219408282,5.98802110575
39.9464566446,7.42779321821
39.7859884652,8.92670374991
40.3128456196,9.86060995507
40.6763615012,5.5279553767
40.4136455591,5.7246946447
40.3952194284,7.8303488865
40.4983464808,7.00949388654
39.6006476806,9.72247110857
39.6987220614,7.03955496887
39.757819243,8.72707607012
39.781999064,8.60713192043
39.5547386625,5.47341648512
40.0949230859,5.03256451485
39.8648317992,9.1030262352
40.750571851,5.98950329998
39.6817927631,8.63263247186
39.485103193,5.03245981087
40.3968403984,6.38472222227
39.8163341839,7.6621582237
40.5415475745,6.78646521301
39.5783072462,8.60787492401
40.2537551168,5.79626138587
40.5076574628,9.19063887954
39.7120135617,5.42734939472
40.0658250449,8.13469496374
40.4768551841,6.20509664391
40.0908264599,7.05578073594
40.6552078575,6.16225266008
39.5531171781,8.8476353005
40.1969488312,9.51679260858
39.7116706323,5.11802369676
39.543293995,7.29747691533
40.0212068979,7.53791615361
39.891278835,5.90520777318
40.6425920554,6.41080659873
39.7946876217,7.466012785
40.3961744105,7.34512828975
40.2830005495,9.10892984168
39.6159167237,6.75395903917
39.7084246896,6.89457162178
39.6520361403,9.67233986697
40.5311916418,6.04351332321
39.7975354062,6.75435803544
40.7149590181,7.09332126713
40.2194046807,6.71497611788
40.2047929735,5.36382367056
40.3148825983,5.81360166327
40.2229339017,9.25432861133
39.9598283568,5.47571601646
40.6122725826,8.08931485264
40.1599015003,8.09557125542
40.627728604,8.39330674191
40.6079610439,9.52449656338
40.6424971233,7.35775288093
40.2230718977,8.66856004255
40.252529073,8.01327294881
39.9898500895,6.35763952701
39.875436474,7.35360525011
40.6993718067,5.10072971713
39.5100990987,7.57131608717
39.4998205588,8.02045928085
40.7391713119,8.98817761842
39.6167419328,7.61471996822
40.182612709,7.638123117
39.5256226455,7.89450636837
39.6636409296,8.23412449913
40.0607322825,5.83000444223
40.3720288195,5.16277031383
40.0713127762,6.57903012
39.5219395785,8.4043892076
40.4451517356,7.24495857128
40.7095047339,8.05606049846
39.5575481805,7.96292011846
40.4125016512,7.52068964899
40.3595226512,9.27905281953
39.7915358819,7.56119643126
40.4595992058,7.61866068432
40.6997476237,9.71680099796
40.615115153,7.03766758659
40.0330439977,8.8990939599
40.2663789879,9.6026158026
39.6775813226,5.83576949949
40.8285599341,6.91214471283
40.7283215978,7.29800365597
39.8303019354,6.81273787979
39.8940255195,8.37732289496
39.8000716986,8.43635131161
39.8419935331,8.94758870469
40.319262513,8.96455090739
39.7202400061,7.47492494301
39.865287514,7.49382029621
39.6292404143,8.54784327972
40.5192053721,9.3186640977
40.6420100412,5.89679941379
40.6597036884,8.6617653419
40.355479092,9.09741259608
40.4171468853,8.5640107795
40.7662774781,5.03486393365
39.7750349684,7.14437136128
40.0732796878,9.13221208149
39.808824981,8.27759102881
40.4432962925,9.26622471936
39.9502371725,6.15232214304
40.5668834638,5.51422850958
40.164888974,7.69703173014
39.5450849718,7.80396224821
39.6917944798,5.69923231932
40.072035401,7.20764632016
40.7672361313,7.99732375855
40.3437293958,5.55333852251
39.6869271412,9.75286296281
39.5448569771,6.65774016139
40.577716498,7.91393864842
40.5633828236,9.05941570353
40.6988100635,7.68185989962
40.6769067574,9.45384956882
39.7693261361,6.66941616434
39.8760397973,5.1219133139
39.8864165616,8.28945785505
40.4546702621,8.74619148068
39.4805265718,7.94769625766
40.1213081081,6.2341061296
40.1102181474,6.83011868063
39.8485842797,9.99467895075
39.5571234963,5.83199915381
39.9778720056,5.13881262344
39.5196913576,9.23881570813
40.328060356,6.71063135877
39.6157839125,9.28821056781
40.1933961583,9.6085902877
39.5842446855,9.04925591734
41.6857794194,7.90769598391
41.8413743034,9.31171260259
41.4181804062,8.74304381154
41.2077624397,7.42093152313
42.1451003287,5.65315311556
41.5429095003,8.15518724194
40.9974505835,8.77170870794
41.0447379925,9.16567110504
41.2603739956,6.84368307079
41.9061829948,7.33730112623
42.1170511715,9.1690043601
41.4406800266,6.60083889167
41.5174776196,9.78285788135
40.9567386995,5.348897438
41.6725767841,6.75203647183
41.2032423792,9.23404413105
40.8663187377,6.38720926109
41.8781713583,5.65757672638
41.861426129,9.6065438143
40.9146796528,9.91772197294
40.8970203833,5.93475843509
41.1822231587,6.52317844838
41.3306588504,8.1598997927
42.0065706449,7.56459942222
41.6037538188,5.98039918796
40.903528229,6.07242970176
42.0325526663,7.79036397284
41.3491368017,7.53873830546
41.6954194802,9.03578592388
41.9614575503,5.95659875889
41.5131986619,5.06034554286
42.1289800259,5.50309529763
40.8730388769,8.91968930879
41.9780176189,5.65023804561
41.5765532123,7.81849932944
41.77121499,9.8570829077
41.5791027574,6.3055120625
40.8182398011,6.17851250072
41.8554623011,7.51132484985
41.9189819947,6.02588645631
41.7197289675,6.81418178804
41.1327843216,6.63612814773
41.0878852837,8.89182526546
41.2500352513,5.10214371853
41.2145991257,8.12028625462
41.7051053164,6.4290668452
41.9671255161,7.29700204546
40.9075045241,6.9022127076
41.8100564411,8.99950286272
42.0025249343,8.52643483414
41.3072162227,9.6272988713
40.7885404684,8.07301906458
42.0376247316,6.46001385238
41.2773495706,9.54071529014
41.3429590751,9.34323013363
41.8129361724,5.42811189296
41.2955054603,8.90258179277
41.4734538172,9.37354952224
41.4501478269,5.47172479136
41.9008645231,8.80950014069
40.8608673249,6.82383561874
40.956008467,6.00557121111
41.7010730232,5.43542445722
41.196184856,9.7684204884
40.8450913621,6.65963315485
41.6656666813,5.90777985617
40.9797957277,6.83283398746
41.9665067102,9.01590025561
40.8809981291,6.98505269349
41.1619902688,8.36568830021
41.1405547224,9.66038189091
41.0050456216,5.61886173068
41.9946630716,6.54868409402
41.3201810018,9.18362263097
41.8363343397,9.65577602829
41.6836370609,7.21680610144
41.6963060821,7.3252327894
41.8713362036,8.21058380298
41.9882900892,5.73294329066
40.8378423439,7.0856924802
41.1757291011,7.86712296947
41.2507132602,8.68007505903
40.7598425355,5.53630202059
41.9344039383,7.63643085838
41.3724302919,8.5817644219
41.9441265226,5.32160230825
40.8311291454,9.17315230789
41.2596662041,7.69500898838
41.1496265195,9.32844465738
41.6151550508,5.04307008326
41.6489186021,7.72766454202
40.9680750584,8.94377203306
41.3061029855,5.42898231413
41.6153314277,8.46356218009
42.0446395992,5.41986473445
40.7850787621,5.34471140083
41.8527762239,5.34477790257
40.8232965623,9.9492241688
41.437151227,8.16301389313
41.5936775575,9.50335295495
41.5831314168,9.97286958782
41.8901218061,5.03797166459
41.3462000347,6.21942872777
41.8250259749,6.18583161589
41.3868761323,9.99193659304
41.3888108254,5.94608645633
41.2272083688,9.12059187484
41.0817888189,5.65554113959
41.4493422643,7.8449770901
41.0725564349,6.00103860504
41.9254200482,8.40993047715
41.2911645902,9.9373288108
41.3132788463,5.11876814801
42.0320192707,9.58178628513
41.629170018,5.23856266851
40.8049402367,6.31682717874
41.2481488351,7.59866772964
41.9001893526,7.72528716849
41.214178135,6.33705535224
41.3277403202,9.09617582136
41.8438362909,9.74160849508
40.8858610813,5.40662459593
41.6910726564,8.41852011941
41.5659752447,9.34519581009
41.5058365643,7.54863701986
41.6905300241,6.52729077525
41.9997342922,9.47374895286
41.4956077388,5.9797449245
42.0489904799,5.91483485014
41.7548063511,9.66085690703
42.091099014,8.58118145271
42.082422837,7.71474706358
41.2290689888,5.41588914046
40.7732230341,9.45476236792
41.8455828867,6.76753902025
41.9249181104,5.13509543325
40.8472379475,8.44053901186
41.1217153384,9.11661227357
41.1613599108,9.44092277536
41.2281748022,6.94932530192
41.2656066717,5.51530938825
41.7842139331,7.37367591799
42.0402581463,5.32347100173
41.3687774407,8.93381879171
41.9724583756,7.37954228375
41.3830358381,7.45958548581
40.8851063489,5.85970870069
40.7488220518,6.09991024682
40.8780642389,5.20630755265
40.9468096823,9.22472504523
41.1792042411,6.8179141744
41.7156343027,8.73543892602
41.2337098389,7.16305107037
41.8440303945,8.94702961078
40.9046538966,7.73075450859
41.4214429509,6.13890572843
41.2384668638,9.33256781523
42.1139440757,9.24799144904
41.7671979138,6.364505745
41.0594992939,8.60702301472
41.0158192404,5.85097485598
41.4324600929,7.71122087077
41.0684179789,5.05083731445
41.6170577086,9.72487651577
41.788754141,7.57145329978
41.4789911325,7.63772469903
42.0201770427,7.94627138196
40.8820640679,8.98160600852
41.9325084717,8.48706276748
41.1482503564,8.44630163513
41.5016477204,8.47344237903
41.4077919336,5.79859969058
40.7199998713,5.72254453822
41.25880429,5.15662659062
41.6060381612,6.37517716236
40.8608320895,9.29486188581
40.8683842914,6.74049107559
41.9927631414,6.068877339
41.9002585701,7.43988671893
41.1278734684,9.54874288025
41.5618457083,6.83692040034
41.2474418897,8.20607256651
41.9743033579,8.77239874292
41.7192347148,7.11793724843
41.1957698705,7.24784429063
41.0538948462,6.53888932951
41.9309913374,9.94131038822
41.0931887617,6.84235035378
41.5521938569,5.21983510501
41.6002906623,9.63404431007
41.1835454127,8.74277882611
41.7158439804,7.02733409209
41.7102700021,5.05251031126
42.1584623678,8.59958297965
41.5732623887,9.87815262947
41.6475922001,5.81290199322
41.4409274872,8.37779851297
41.2214211423,8.01722875714
41.1104247003,7.80092363442
41.6343655474,9.91654237555
42.0030535373,7.87735388231
41.810218994,8.73888602218
41.9841414445,5.56501461915
41.3624710846,8.84150149373
41.0797754424,7.69507534598
41.1624632472,5.72398497631
41.0817823115,8.38662333547
41.6236151243,7.26196755756
41.5654663925,7.62866806233
42.1506754638,9.52588381606
41.9012564967,6.10613849174
41.9815684264,5.38960725421
41.0121240788,7.38946782674
41.3367479131,8.67318702385
40.8584877946,9.39349918724
41.0104439801,8.12543068168
42.0990253641,5.26750305642
42.1029936628,5.85105503648
41.2394169231,7.79596358486
40.9956338268,7.68762437722
41.5083808644,9.66240529933
41.8891310439,8.00186209929
41.1631978703,8.63524457185
42.1335860905,5.36045008328
41.2095893119,9.51500777083
41.0807147714,9.39253828678
41.283302169,5.8771021642
40.8157166896,9.8726565715
41.6254023673,8.0750407752
42.0233213184,9.88059021364
42.1088537674,5.18712738433
41.109282534,7.17018353724
41.3164541274,6.32040915887
41.6580705562,8.9765686265
41.5423602558,8.9073392187
41.8530987736,6.68210810035
42.0368361369,6.14174412383
41.4838752335,7.30277110866
41.566031834,7.7163343306
40.935692878,9.568315338
41.6813393076,9.44913438814
41.2084116018,9.88438486825
40.9873538492,6.09375533774
41.3042460432,5.04108039208
41.8133685627,5.88243414999
41.8074691608,5.04498593497
42.0548411656,8.98944296915
40.8013782449,8.593865952
40.8961847079,7.41605662769
41.5073333902,5.54920282738
41.1456430301,8.94806756152
41.9574755157,9.78328365484
41.8348577228,5.11230309374
41.5424626985,9.05605841471
41.3817285284,9.25996298318
41.5898212731,9.41602787469
41.3575115455,5.72231772988
41.9041043688,8.98921006072
40.7928111167,6.25183302201
41.6683848761,9.65992127051
41.4577911214,6.93542670204
41.0630280238,8.17640348173
41.0032847608,9.84729615279
41.7446036528,6.28722807479
41.9241653428,7.83863789552
41.9115964286,9.13561337799
42.1441099936,8.18506111459
42.1000880213,9.41152917856
40.8008488173,5.62312287334
42.0411805866,6.39853649396
40.8301828165,8.99844118884
42.0431741639,8.79350219156
40.9797822665,9.98388965259
40.9792035281,8.22383910495
40.9664131343,9.77910581006
40.8483330554,6.55068293383
41.773996062,5.50309357454
41.6715525009,8.31373949673
40.9406316308,7.94413099657
41.5211115226,7.24353940514
41.6026122314,9.2371074944
40.9420287031,6.3301504197
41.4687237968,5.16187543251
40.943841915,7.31163763744
41.0825131545,8.49254021984
41.6813091168,9.56588974758
41.7277151087,8.05832263991
41.3157828788,7.33021073982
40.9187251732,8.84278236221
41.4337798212,7.21447311056
41.2894407142,9.27590917192
41.1052300081,6.9457800339
40.8999845501,7.5160064181
41.7386217174,5.91953382018
42.0909707564,5.58638290356
40.8242079785,5.96497076312
41.6300390883,6.58072157977
40.9233431711,7.15222966679
41.7281454685,8.26959350194
41.1254044948,9.19379663209
41.2441332848,8.32120999312
40.8891441311,8.53693853649
41.9638773589,6.17732789451
40.8722527643,8.27156459557
41.4584962518,8.63836604422
40.8967717896,9.75175274062
41.6174132289,5.33025932736
42.0594629384,5.50595481736
41.2121947415,9.97590276823
41.5911362612,8.98154642613
42.0526140834,9.30790389946
41.7168643221,8.80439142275
41.2896780189,8.0363687121
42.0499021811,6.65313390759
41.4866242253,5.37640884977
41.9003681255,6.96346140973
40.8910505611,5.2974993519
41.3054245991,6.52799586124
41.6750267894,6.60612524477
42.0531968354,8.18425108891
42.0328034229,5.02932309779
41.1829904121,5.30093365694
41.6901479875,6.67174408095
41.3770390316,5.38408830743
41.2202394181,6.66214672289
41.7411929465,9.76012919149
41.3041493485,8.49903041928
41.9934281636,6.26933094266
41.356450029,7.66138242297
40.9616996341,5.05599692388
41.8403651478,6.41852597501
41.0568623304,9.26851003854
41.8325215284,9.92617799109
42.0327562013,8.36923265636
41.3658347233,9.68867582231
41.7454967041,7.96543195838
41.8923041279,9.22947701786
41.0595797333,8.94056373561
41.4242563616,5.61836969961
41.6372002754,8.67842017354
42.0908494327,7.46615061617
41.4301181611,9.09964890227
40.8848623125,5.69556328836
41.5773524009,6.61820360729
40.8574144571,9.81748413361
41.9915193916,6.72811680784
41.123519308,8.13038409439
41.757509187,9.95401932865
42.0856040916,9.97808603068
40.9514909449,7.60273867324
41.4425314733,8.88530644357
41.030515072,5.14673420125
41.3521405003,5.55660260413
41.2073794252,5.93790386215
41.0066134958,6.34410314646
41.8346356043,9.4575405951
40.8722423627,9.12816319241
42.0201717167,9.20470619885
41.5730697741,5.77607011736
41.1075126447,7.46097789893
41.0462154185,5.34356795092
41.9980245439,6.9044788225
41.1636826111,5.83773317917
41.2818356099,5.32157274333
40.9666950787,7.22702381927
41.1728665118,6.42552000692
41.1236643509,5.94258644207
41.5679611517,7.33289517259
41.8055957804,7.03248295813
42.1047809766,7.63359030386
40.8179927692,5.90166713739
41.9240516495,9.44941463624
40.8198651875,5.25436278235
40.8400913241,6.10848620901
42.0147598914,8.27511568189
41.7387802435,6.97435788629
41.0684474048,6.69266987686
41.9024180377,7.56774013309
41.8235891836,7.28107045283
41.0219503784,5.93736181675
41.2703430999,8.59511785827
41.7717082903,5.67497921427
41.6573578641,6.98262089583
41.3488854099,7.8582925912
41.3093464614,6.90920695817
41.3694191004,7.13453438832
41.3617254067,6.96942494071
41.4729067945,6.81830522566
41.4101576177,8.48548061873
41.4785480647,6.52218409123
41.979307673,8.0356389947
41.3155099353,5.62457340222
41.1335610467,9.9435210561
40.9473044722,6.60545993722
41.1533700343,5.48020963956
41.9366715094,7.50640334922
41.6568910454,7.64049779845
40.7570899314,6.60002428477
41.7525543984,7.87997230962
41.5266991379,8.71273027935
40.8459634585,9.56163915105
41.9261789293,8.70393395133
40.9864491291,8.33425109917
41.6256822787,7.06781166192
41.8137896872,6.29033753678
41.7850691891,6.84432124485
41.5356190502,7.45835354362
41.5204183025,8.03160642076
41.7952061591,9.56343734155
40.8902809572,6.14917526121
40.7224380771,6.45863701827
41.9658773229,5.0377840495
41.5822340164,7.92376538787
41.3665005472,9.57358125637
41.7037697879,5.74659031034
42.0166484684,5.13870231955
41.0005796872,9.92376010357
41.1060701276,9.84822365418
40.9903108271,6.95817587668
41.5937504009,7.18502811529
41.9198427403,7.22968363691
41.4753912639,7.37386279296
42.0170895703,8.71757609545
42.0096296589,5.23006549946
41.916659442,9.54280658033
41.0540631577,5.44865788272
41.164307854,7.05588090029
41.2510649684,7.35270778316
41.9492444648,8.33151384351
41.7244144572,5.84207863981
42.1175220551,5.75596119073
41.4238419708,5.26848630346
41.0402817658,7.06919557001
41.2782885045,9.42436836402
41.301202444,6.6652211086
41.7259576386,7.71876997041
41.5290171779,5.29747900401
41.0546751373,9.0353240542
41.4995207619,7.7880937968
40.9130046882,8.12309026763
40.964502261,6.18240712455
41.6612190376,9.82371857434
41.9366832372,9.65922142977
41.0783051237,8.00033913093
41.1102959012,6.45560753871
41.2535732708,5.76795987237
41.2954411455,9.72187595324
41.7086674144,5.99911594305
40.9769427465,5.68851397338
41.6862591176,6.32790281649
41.7264608396,9.15746858111
41.0143095232,7.76295453472
41.8412826457,8.46181110378
41.3066544448,9.8302106553
41.7777917936,5.58601560922
41.336485998,7.7618098678
40.9238604987,9.82642422263
40.7919028778,8.50778783139
41.4758421814,5.73900569265
41.8105668465,8.01690341376
41.5026216601,7.17478576339
41.5081009644,8.25727096997
41.0372660197,6.63908675107
40.8438953142,5.51188940289
41.823940057,5.26099243618
42.0649441842,7.32517088855
41.9858866365,8.12774469782
41.803310436,6.92439951785
41.7861268609,6.49362822409
42.0672193579,6.32702193776
41.2074421891,7.92989065543
41.5731639007,6.52835523115
40.9084025801,8.74925633892
41.975483815,6.80585124951
41.1731845649,7.53859079522
41.0168695244,9.35157697763
41.2480001158,6.59826370821
41.3987646577,5.05424979416
41.0540487841,6.76760685436
41.7717854647,9.08670697554
41.8042793168,8.08974463751
41.8512158066,7.37437470082
40.9378767599,5.14939787797
41.9936431258,6.35282687711
41.1379673021,7.25553183816
41.1117643026,6.1605452728
41.2973696594,7.43130000398
41.4828539446,7.72337763284
42.049202813,9.70580505635
41.8361313881,7.91767905227
41.1821395515,8.31102422517
42.0304685503,5.99488114405
42.1468899489,9.72552639586
40.9893485573,6.26947343094
41.0606625483,9.92174124784
41.2695743165,5.68703031685
41.7606943262,7.2037778501
41.1471053459,8.2222657515
41.7514233632,9.28923182642
41.8391693719,5.18406008518
41.7765241421,6.6098922426
40.9611949716,9.67587551528
41.2901431186,7.05304019953
41.788039416,5.96386353003
41.2315813546,8.41209410606
40.9826315303,6.71433912519
42.1018434178,9.03198684712
41.1532194968,7.70859896393
40.9405114371,5.79032926995
41.215075395,9.5958773325
41.5440496646,6.43716810794
42.130323059,6.12277949003
41.2550346049,6.43959872668
41.4558190947,7.1356100697
41.2166088974,7.48308914465
42.0532991358,7.11366396738
42.047109233,8.09728313133
41.1644723444,6.88298205171
41.9457542948,9.29368782551
41.5145082753,6.58769621224
42.0728306765,6.51184855655
41.5995021065,8.80141504508
40.9752825781,8.44681738516
41.4547189921,8.98160956927
41.3638118737,6.61060879649
41.8573977234,9.05140266017
41.1939245169,8.52357906349
41.9070015115,6.24683337777
41.7496701348,9.49694306896
41.6974614267,9.22379651855
41.3596179274,9.0185557298
41.8582359698,7.63615336749
41.6510789121,8.37170671124
41.3947671583,8.04836578165
41.037303598,7.86952590028
41.9833163691,8.84721939427
41.5262377956,9.16643284791
42.0664202468,6.08983206915
41.7208493561,6.11991112403
41.4422484107,7.44173892094
42.0289177554,5.81990040598
42.0244304881,9.07978583861
40.9369113648,9.34043411719
40.8121195183,5.71439450725
41.4280151016,9.63686517949
41.558545055,8.3576773671
41.256988958,6.25353692294
41.7098782397,6.21254600186
41.6788145887,8.88855796249
41.5033108763,6.3420185832
40.9185510374,6.76497199568
41.6598117035,9.33499817303
42.1219418912,8.28226132066
41.2873289885,8.7670838882
41.0432236786,9.62824617277
41.2685319435,7.51471059038
41.0772937158,6.07727974368
41.4977593505,6.69194756156
41.162655437,9.03997479743
41.8031099158,7.69140332954
40.8171018503,8.14753448137
41.9980589966,7.01548365492
40.9588796606,9.10565368423
41.3863764492,6.55137811381
40.8636991978,9.49021679021
42.0035350169,5.08911123149
41.6009994564,5.43001594936
42.080125819,9.79729044141
41.908456897,9.38137994485
41.8813503945,6.54219939187
41.0220364039,6.02059463967
41.8001452633,7.79725024179
41.4133188256,5.52910180011
41.4024676893,6.31471043532
41.7373514013,8.9682596544
41.6130921728,5.70956430923
41.6320576193,7.4142131735
41.0513914529,7.28033741856
41.3602368071,8.42964114987
41.6417476245,5.14706178865
40.9211363765,9.02539512367
41.2214252948,5.61920367406
40.9122672517,6.48019042225
41.8664404787,8.34951176508
41.4307123513,9.72400204813
41.4416973337,9.1982673722
41.5546511521,6.99180244249
41.0374783688,6.15113849062
41.9239406081,5.85311350446
41.8760704028,9.8555234232
41.7486742503,7.64805869441
41.5562395186,6.24763934058
41.4381011492,7.04618080474
41.4931076718,8.81805067458
41.0059936979,7.15703804677
40.9837045963,5.40840208321
40.8886379283,8.65517344558
41.3281277205,7.23545961851
40.8580244086,9.65748689464
41.4967763208,9.99552375889
40.8283512481,6.03480299498
41.1594017674,5.12159438156
42.1169610673,8.11442925604
41.0641025639,8.28768629419
41.8034466119,8.16831361487
41.873231063,5.52647844245
40.9971073682,6.4319407633
41.4686631363,9.89882598439
41.1397066125,7.61844095128
41.7863234805,8.55238592229
41.4078553426,6.49223582341
41.3198429587,5.20999127001
41.2164217085,5.22057146641
41.7080917274,5.53681513154
41.3831493049,7.94774347812
41.0329310634,9.5436293292
41.6119326851,8.25457783538
41.1035722207,5.23760953386
42.0100178951,7.68050512951
41.1567451951,7.98029482911
41.4018141428,8.26144084669
41.0956238763,6.36353147555
41.3871651915,7.39659043276
41.9959223728,9.37649930022
40.8868324538,6.25536009096
41.9552146143,7.14188483495
41.4652307216,6.2347351321
40.9591311177,5.88213019186
40.8524654938,5.05326512331
41.1004631046,8.81130992973
41.0743139605,8.08115472069
41.7072848097,6.9017926902
41.0676482271,9.47090434956
41.6651283247,7.98897285944
42.2021659975,8.6390428399
41.7638086484,8.37108944135
41.1358156299,6.74565665075
41.1116625003,7.91373549314
41.3984525302,6.67272889608
41.289114941,5.99130630065
41.984379925,8.94239712409
42.1057770904,8.67932551736
41.2318117882,9.67299141557
41.9376069778,6.64085389598
41.8143375171,5.76953535378
41.6412335043,6.07943442593
40.6957596339,5.61898432678
41.8948774364,8.58068138147
40.982778309,8.03199496481
41.7956084214,7.48530921132
41.6215098366,7.48699560515
41.6815637623,8.56364229499
41.8798697524,6.84789745541
40.9199661097,5.59629289459
41.3645613671,5.47968375712
41.2959889519,7.9572815217
41.6115813054,5.52521997651
41.4980361256,9.28010496371
41.128970383,6.25581073344
41.6295229481,9.03736815356
41.4683679512,7.93234818442
41.4046377935,7.31208216407
41.219804918,6.16452561641
41.6067815832,6.69692157775
42.1937016378,9.22158598864
41.0205238869,8.86068634698
41.6915757302,9.71119590285
41.5324131802,6.18858343314
41.9934927345,8.44680403005
41.8202471689,7.42648915817
41.2541711386,8.99609339431
41.5479130733,5.64808056032
41.415647825,7.77857406683
41.7648732871,5.34862909099
41.4170099328,9.8044598206
40.7900521282,9.75387761454
41.5265569944,9.57358060833
41.1591989707,7.34361607091
40.9647807875,6.52210741241
40.796985061,6.46764558547
41.6956821298,9.91003885279
41.3778845918,5.85434627786
41.237477644,6.74370611388
41.0482025601,5.549546072
41.8012933429,6.06438913742
40.7508624337,5.45159749497
41.3786296358,6.87639473654
41.8004616573,8.63654654197
40.753082684,6.38208669231
41.8939306967,8.11441961178
41.5872510878,7.55621260297
41.9383012135,7.93690505145
41.9128487397,6.74311475391
41.0194789021,7.9431444539
40.9596936504,5.49106874911
40.739768089,6.51893296543
41.9528839247,8.20424131926
41.266366069,7.88399378272
41.6118402814,6.91463069529
40.8162585551,5.8046175742
41.432859241,9.54548191468
41.6410342863,9.13101861055
41.1383827475,5.57620912515
40.9641978971,9.44417449504
41.2235310311,5.03964146634
41.9809925519,5.47349668218
42.0562971969,5.66685302654
41.4194179754,6.04659169764
41.9024001107,8.27129242543
41.9090585588,5.75724808989
42.0053389324,8.62475728611
41.0614912074,5.76899735685
41.0482769642,6.21761691961
41.0797933895,8.70580309325
41.0626228842,7.56205186671
41.8208282763,8.27190151793
41.609034291,6.17743743276
41.3542094532,9.50081609796
41.2503795481,7.2866521484
41.9476421337,6.438197639
41.3829813692,5.14417286271
41.3647604874,9.7560290222
41.7602541926,5.14642543064
41.4690509736,8.1015525044
41.8032813832,9.20224495472
41.5105867905,7.86033907021
41.0138085742,8.53751340267
41.7176294706,5.25383556124
41.6286082215,6.45895821714
41.5396014806,6.89634395872
41.6721435628,5.63415019238
41.2979197969,8.25712393545
41.6852884909,7.53328701064
41.4779867541,5.86114654612
40.9920454917,8.67649509708
41.5884750219,5.868077762
41.1449205129,5.37739754403
41.7376412686,8.67260160753
41.418321894,9.3349869602
41.2285367122,8.26427447153
41.3883584982,9.86279616819
41.5348402953,7.10060519458
40.899714678,8.36680368592
41.1175004381,8.55844244718
41.6358875999,6.83286315278
41.4613399239,6.43606568612
42.087040723,8.4922641147
40.8131692701,8.74351271936
41.0522790341,9.74175850604
40.8664639656,8.01225048685
41.5665308102,6.77171117373
41.9123105664,7.06472499568
41.7984008327,8.8666159388
41.3592158492,6.41194438077
41.3990679324,9.41616854438
41.6944124724,8.16656763826
40.9448364946,7.8455964108
40.9831130537,5.2444347776
41.7354424018,8.47403531842
41.6767732636,7.80795239891
41.7259037553,7.43927741805
40.9877092207,7.49550930056
41.9062914443,5.2389964967
41.5325028965,5.46518331052
41.1448330634,8.04971879346
41.9869916406,7.46184893332
41.6305802227,6.26560286321
41.844733901,7.15140747964
41.868453529,5.96292696753
41.1973312225,7.67296121309
41.8995365314,8.90393397763
41.9104510089,5.41792647673
41.7686766982,6.7325352476
41.5244039915,6.09659009889
41.1831064986,6.03942502157
40.9695608939,8.59751536346
41.4978407556,9.4638476745
41.8581474331,8.66334136317
41.2100466929,8.85169121828
41.662693389,9.9664430704
40.9369709531,7.06111878822
41.3247134312,8.34797724412
41.895134581,6.33682029973
41.5560537702,8.57631841362
41.3253348926,6.09671849322
41.4560751807,8.54976815912
41.3522165042,6.76826833082
40.8019907084,5.14773425308
41.0348760232,7.63222575148
41.4423117822,7.51390855851
40.7249758953,8.53638246975
41.762762269,9.37440013834
42.6249350292,9.58454088748
42.9535469702,8.43044760662
43.161346877,7.00916345227
43.3137727013,9.75372351697
42.9357789824,8.02015438024
42.5933994196,8.88716143968
42.2106986198,9.31457628721
43.2820914485,9.66203754462
43.1820063069,9.88138809269
43.050100706,8.46120876944
43.1466474461,6.82521300917
43.3302545878,7.88712106646
43.3247921607,5.28562250369
42.21313426,8.7299852514
42.8122870399,7.35031002698
42.6412358974,8.99128017816
42.8564121779,9.32733706976
42.5091228148,6.95573815552
43.2895977333,6.43330075832
43.1184534991,8.94894954685
42.8517859776,9.7894787026
42.6226688112,7.72581245387
43.3636271519,5.3790156855
42.6000843868,9.74842313146
42.8963315479,5.79165616263
42.2364383322,5.61655847954
42.4653393027,5.95272101387
42.9438163651,9.95307887147
42.6176513575,7.96169350677
42.482532687,9.45196537641
42.9949639076,7.82436047464
42.7974145325,6.28809109552
42.3299603702,6.16708356432
42.7454042087,8.72809343364
42.7725304272,6.7570921126
42.4789450835,5.33849255274
43.0791098594,7.60351148946
42.6122741174,5.97552868134
42.4898740771,6.42696203047
43.0133031272,9.07196697686
42.2063245331,7.7836089728
43.1724307325,5.37874474016
42.2392560534,6.87028717582
42.1504541841,6.54506802707
42.472707943,9.19620037113
43.0227340569,6.02869858685
42.5791023283,7.24918828028
43.3479744073,9.07129583508
42.9718740329,9.32147528891
43.1547985544,8.85194533246
42.6220263513,6.51478392384
43.2619270884,9.22443644397
42.7480665421,9.33748351973
42.2050946555,7.64080252224
42.2789529642,5.53069106644
42.4756735741,7.07515947432
42.9932065508,8.36254569056
42.9613001571,6.50416258276
42.2030857297,6.79332341009
43.0662413014,6.53118252394
42.678751003,7.17361725903
43.0159057114,8.55756040958
42.3121637481,7.42641052196
43.1611866275,6.08853718745
43.0780339278,5.04612929161
42.3321977303,5.15825199473
43.3703935964,5.15384693239
43.273860244,8.82780953499
43.2614963313,6.67956579455
42.8755031773,9.14059407159
43.0088469678,6.18796006159
43.2804997754,7.7703288035
43.2746735156,8.15671725267
42.3071710519,5.44952374448
43.444130815,9.75230240965
43.388588929,7.00160247531
43.1806276047,8.96905090407
42.5650893767,5.49038762783
42.4452776612,8.92948993074
42.5026133652,5.67969122147
42.4208646927,8.56284549513
42.3781608902,8.8490267322
43.316120507,8.59193902293
42.2458251533,5.06514293396
43.1115169169,8.24993829661
43.1306350943,9.9584784681
42.1894347733,6.24830154379
43.1020988733,6.30894006801
43.1178450367,9.09882890663
42.7071687288,5.06445299353
42.5281551593,8.45211911836
42.2817682049,8.33811403829
42.1915316202,5.25185077058
43.2421669806,8.92866371806
42.3301537214,9.3693439934
42.5306438592,8.28843148113
42.5028705016,7.1762026562
42.5767394435,7.52810971142
42.5861217732,5.59255725594
42.3588438911,9.75490410804
42.8517556325,6.66077191572
42.5080792616,6.6189473181
42.5751445055,7.03415747514
43.3427844657,5.20526867442
42.2682641401,6.08398496051
43.2363945436,7.14521416806
42.6049440176,8.14132795734
42.1492513938,7.11837156485
42.6146005647,5.2482430685
42.2924464677,8.18969888168
42.2131010301,6.00236002998
42.8732209424,7.95493157413
42.8935437942,7.86390138162
42.4575280975,6.28773462839
42.4209082207,6.22821828961
42.0987948573,8.01440766547
42.451181303,9.00172025369
43.4427109957,7.74078485722
42.2413244276,9.76339677429
42.016141015,7.2193774165
42.2490702035,6.68649880151
43.2164095848,7.60186212453
42.1271563734,9.87975361748
43.3705829706,5.0855536603
43.0243880055,7.92010600108
42.2826437462,6.39213885565
42.334170554,7.50402326955
43.4497847482,6.09062556221
42.37502602,5.32464178446
42.2660124701,7.46256894026
42.3858303075,7.56874104431
43.3592436211,6.49788714944
42.2170055581,9.5991544608
42.8417071288,6.04045669258
43.248608813,6.88034766132
42.7870797636,7.86140931649
43.0640596776,7.75286613709
43.446188517,6.43938521744
42.5919110126,8.59516242442
42.8705522408,6.35081405435
42.6788668021,8.86383819375
42.6536006022,6.93080970845
42.3450434974,9.54863444273
42.8167362024,8.16262870128
43.1227291459,6.93254161763
43.2087259368,7.86749952578
42.734578949,9.03438026344
42.8411499887,5.44000776038
42.4558799996,6.71996400984
42.8363043669,9.23412677955
42.4400925525,8.2434912296
43.3640556598,9.59547939382
42.3145461997,7.63647056241
42.8358199745,9.8619563448
43.179088642,5.46166365037
43.193032862,9.71221618106
42.5970587361,5.34361625514
42.8972572114,7.38815216074
42.4443180241,5.75881309791
42.1891618226,6.35497531034
42.6736802348,8.78770845736
42.9417780397,6.40672617495
43.3482517656,5.45526920483
42.1378660809,7.38377826023
43.0185691373,9.77899186378
42.5912754183,9.40757694592
42.6990608327,6.32617567132
43.0277997316,9.51039890518
42.177546999,9.04243273529
42.2168843374,9.951325266
42.8245861373,7.78814345661
43.2962579861,5.67896419872
42.551853814,7.3627122034
42.5929864054,6.9681706607
42.2189694469,5.91785058832
43.0225198963,8.21793648416
42.8949859659,5.36208557581
42.6285745132,9.22207840743
42.352893726,8.46140164889
42.9353101156,5.28293794175
42.3666281095,9.96561985035
43.192966367,8.43551224839
43.2236418366,5.75391270618
42.0986619531,7.89140762619
43.0498374772,9.31662908022
42.5538542459,5.12184125596
43.0461929088,6.92961964818
42.9124691396,9.07902541898
43.3171022666,7.56075360697
42.7641888748,8.08315776659
42.2893523622,6.01905670572
43.0173786731,6.82413821058
43.1641058478,6.19713760646
43.292339828,7.24462047549
42.92893434,5.16108583595
43.390416988,8.79295259786
43.2796915228,6.7477787003
43.1067699697,8.06621402806
43.1238001113,7.95032497899
42.7092389223,9.41106434973
42.7956184358,9.10313881632
42.925573754,9.22117045567
42.403306922,5.65705538197
42.2594265102,7.78605245058
42.4507615187,7.35573694806
42.3410297066,5.38885864537
42.9498237449,5.22784204361
42.6442351677,5.80759209773
42.9468785128,8.50901538743
42.4275703008,6.92912024402
42.3579998988,7.25194399336
43.0741223262,7.00270954742
43.3107624546,6.88219418838
42.4097407721,7.17268003344
42.741240452,8.9303068673
42.203704666,5.46274472072
42.6398341951,6.04519832518
42.6984137814,8.62228537379
42.9336133164,6.32054581022
43.3318697219,5.03056327804
42.6631936738,9.78323479349
42.7529795664,6.14415936497
43.3867601332,9.34552491455
42.2292992528,7.38330241471
43.4177715207,8.87893259581
43.0981150354,9.85793119759
42.5790045369,7.1274408589
43.3012113327,6.29969928503
43.24246816,9.56633079654
42.712152774,6.97264070217
42.9040998141,8.35333910174
42.6338687963,5.14814134042
42.317714129,8.6339171478
42.9143225893,8.93922309365
43.311736283,5.92303953358
42.4217429411,6.99149038534
42.8495306543,8.71327890982
42.5691158256,9.0546608303
43.026424531,5.67041122394
43.0508201906,7.99419573234
42.6012786249,6.3693156983
43.2539509825,8.49201944889
42.6634364797,8.38410337033
42.4133331623,9.37717090679
42.2338700498,8.39065035833
42.848849635,7.09794845079
43.2236170863,8.35358733732
42.9535142726,6.02853928483
42.9007648846,5.45352093547
42.2146897599,8.13864292799
43.0268196213,8.96517134922
42.462179472,6.36083193908
42.6714768314,6.68376983356
43.0294150591,9.24524236066
42.7084761936,5.72089404629
42.9542050221,5.81702106477
42.8014487483,9.43503763097
43.3715370204,7.74934040896
42.2782741697,9.35028161882
43.346848929,7.157910454
43.2232089394,7.99775382994
43.0639769616,6.21497213391
42.6413178345,8.69911814736
43.0658080112,8.88431309591
43.244330177,5.84563034984
43.2042416052,8.08890025042
42.8727653079,5.10600400152
43.0322160697,8.65590680027
43.255700895,5.18437516188
43.1540602973,9.01534955082
42.675820542,7.87926395448
42.1115189684,6.02411246197
42.2215272412,5.16255404713
43.0149945844,7.07354021975
42.8394429661,9.00481785715
43.0051148512,7.676700894
42.3696791614,5.95493205122
42.7525878409,9.90850783611
42.7510801257,7.54627075242
43.1036884622,8.56582436648
42.5046713926,8.38547607641
42.8296170231,8.36495744516
42.5140072741,8.80037963836
42.6416276425,9.44750233174
42.9547303958,6.91424521429
43.3222642653,9.39827574153
42.7205016898,6.01954004935
42.1286799349,9.63249875143
42.2764214758,8.46275554132
42.362463717,8.25499831945
42.3914690995,9.17947549296
42.6807467592,9.69084984644
42.7651626421,6.60819948864
42.3980952128,7.82432979976
42.5625859049,7.65232662393
42.5847868321,6.56632070218
43.3105361076,7.08153068225
42.9505710935,8.08210042817
42.2338951006,8.29585792984
42.0796377321,6.89276120961
43.4199536063,6.28391366087
42.7888991275,8.62983238228
43.2095595139,6.63932314897
43.050470078,6.69332573549
43.3752281304,8.22045973844
43.0944914886,9.01671494577
43.0003710273,6.98200264436
42.8837713211,8.00531002215
42.2060072668,7.06105181506
43.3804990251,7.10518650097
42.3701996496,6.05152856179
42.2505302836,7.26234246373
42.558526093,6.47095280015
43.4077223257,8.69942850338
42.6422051399,9.33235946582
43.2663389659,6.9701768113
42.4400711865,8.76362454104
42.6203056573,8.47501120215
42.1424012343,6.70883897309
43.0252754017,6.39825728073
42.5497847453,6.01568268495
42.5386838236,5.20385435186
43.4275382772,9.91874908502
42.246881641,9.52960830553
42.1278097539,7.8057589378
42.2948093303,8.27502720983
43.0167707537,8.05112047752
43.4111878975,9.50957322864
42.2185706738,6.15699073372
43.2244480163,6.12288162588
42.7485289663,7.4756444507
43.1919454922,8.26494139189
42.4347989503,6.83987996448
42.4370818827,9.51592983056
43.4848689133,6.35144331151
42.8517236421,6.42864168767
42.6185461263,6.24663503858
42.7540005989,5.83559409162
42.5131824797,9.55181300598
42.3576873276,8.94285470969
42.9437907309,6.69655824517
42.7525980614,9.78247944041
43.364289555,6.25518926541
42.2606460771,5.35251484321
42.7290071429,7.38658777956
42.8830016939,9.59452673937
42.2784663981,7.05674636687
42.4324300058,7.74582533671
42.5692977614,5.90245174409
42.6091297161,6.8575066746
43.2947462447,6.18593168348
42.5919819314,7.81327293252
42.2606990625,8.83401808906
43.190997072,9.32195158025
42.1285363649,9.31823229157
42.3919676937,9.01369327278
42.7421718527,8.27537184918
42.9252619717,9.75553444846
42.4073623923,9.46784049915
43.0152651892,5.37020476257
43.1858564417,6.47755937224
42.9706990527,5.93427222434
42.1630143897,7.31286975624
42.7091766985,9.26738104188
43.2176741239,8.62549661626
42.8853923623,7.6139399154
43.3853795265,7.81449893371
43.1324473102,9.40952009279
42.1431043206,5.9299446243
42.2376344752,7.54422435104
43.3347589971,5.78932316143
42.8609651087,9.95774770713
43.2060951971,7.33173082828
43.2245029379,6.2742769995
43.329030628,9.95120904544
42.4564998513,8.10110968056
42.9507660823,7.17492517478
42.2068695408,8.2281890082
42.8446372934,6.90315658373
43.2234271215,9.0210793304
42.6555074291,5.53641207663
43.1887376575,8.55442607316
43.1353584976,7.42567592663
42.4019363318,7.91228234253
42.6792294272,7.44800603838
42.5000552879,5.05562658188
43.1159679751,9.76943318027
43.3740227169,9.23579495376
42.7318838113,7.76048232898
42.8928374717,9.49537017034
42.5723691626,8.00490088925
42.3387910409,9.44155675294
43.2383882943,9.78741172917
43.0032977217,6.33000657225
43.0852545476,5.61461930276
43.2801741435,9.85830090473
42.7614873468,6.67076208711
42.5340657675,8.07043736288
42.968640827,5.06487521091
42.1275692227,8.78933463314
42.591558975,6.63344998049
43.3460219161,8.91071582234
43.3199555833,5.59443461395
43.1083126235,8.74433598598
42.3262002737,5.25631761138
42.7712266421,9.61580181387
43.3232580598,7.99273878734
42.776278232,9.26267770062
42.3297835034,8.750868558
42.0772066014,6.57139811101
43.1836002312,8.17844240493
42.5068678341,6.22419881489
42.1580836929,7.7286395639
42.7689565301,7.25420202842
42.6713439055,6.1488302387
43.4299998306,7.14576284849
42.1904850784,8.33832434814
43.0066291881,5.27164759969
43.2330047314,6.80971941821
42.3241889965,8.53206445944
43.0937314415,8.35011850528
42.4185062859,8.33903557735
42.8334707306,5.80183173287
42.3627059194,6.39229315782
42.500888461,5.13650044728
42.6842112325,8.08610559676
42.9607042121,9.56065896501
43.3271363901,8.30504276877
42.4928664181,7.57347344724
43.2078110371,6.5662810801
43.4768533736,9.84167088582
42.6888539431,8.54703593899
42.5415876023,5.77140190828
43.4349490895,5.47769483901
43.0610173672,9.59004323172
42.7476528514,8.36035542809
43.2217559665,9.11485818554
42.3594043417,9.0882510195
42.5967321757,7.45553936333
43.3298060222,7.65697207329
42.7235913726,6.21943249452
42.1528000003,9.80118673937
43.0585023396,7.50467015425
42.4463518474,6.13807101082
42.5960481351,8.22200511076
42.8062867327,6.37455370286
43.3551499848,7.32179825788
42.9748505187,5.59619813668
42.3599243299,6.25501414649
43.3777834369,9.83225001915
42.9471668167,9.13495901094
42.9718395563,9.66453514919
43.3333347565,9.48803724994
42.2865992658,6.29611165381
42.1590932442,6.89402433955
43.3142386098,5.11589078203
42.3023263897,7.8660926442
42.6528637712,7.63558465248
43.2699292014,8.24406683047
43.4321708224,5.22910865655
43.0410226725,7.14857949736
43.0169171766,5.8618433831
42.5656859288,6.12784895448
43.0903247521,6.87372160323
42.8246063175,7.52221148167
43.1020371747,9.28063858856
42.8471441196,7.19094640892
42.1198622801,9.0939909558
42.4497770306,6.51352771428
42.3307008564,8.38923700993
43.4079546847,8.01376527086
42.5618375352,6.70575794154
42.7619755902,7.08691495097
42.3658817278,6.56937732295
42.8696759316,8.44263600808
42.4221025464,7.50416200395
42.8030442415,5.95526456748
42.2300002561,9.42872415398
43.1309123541,7.67707099437
42.2959969351,9.65868617176
43.1315536627,5.22406919078
43.0731661619,9.16752605121
42.1944524312,9.12987125818
42.5679867354,9.81375581295
42.9308995554,7.08054803967
42.5298253921,6.79073656261
42.7824173276,8.5167114578
42.5046608135,8.17386086667
42.6950075279,6.84025826248
43.4536807504,8.93709575553
43.3438955542,8.13182123196
42.9046130671,6.05603615054
42.1351906158,8.40012668128
42.1657711403,5.55556838143
42.4869317251,5.57255543441
42.6684914214,7.53467586202
43.1351694608,6.62082142838
43.0330302801,9.40914292034
43.1387927514,5.83345370937
42.7414581382,5.61752306517
42.2071995417,9.85471712883
42.8619923231,6.5328423084
42.7225201055,5.35317885601
43.3228247846,8.70223328588
43.1726154282,7.76521547076
42.419947483,9.85435771332
42.7132380712,9.50854584892
42.6776703628,7.05284313815
42.8826703727,5.02848531163
42.5111099272,8.90076469321
42.5750675168,7.89933795955
42.5319139687,5.41252688466
42.4748872247,5.46683543807
42.6501924515,8.28959945884
42.7940412626,6.20150972285
42.7080196882,6.08474640482
43.0631733145,8.81654427901
42.7752069441,7.15418240948
42.1330970781,7.21805563151
43.0784717563,5.26296657298
42.7487223852,6.91511333629
42.5241402099,6.30988834179
42.7107711077,8.18166240279
42.9296251012,9.86240401417
42.7848410635,5.15011000691
42.6495620393,5.43851086941
43.1844613076,6.93759362178
43.0967051775,7.3179757351
43.2185357045,7.69888038935
43.2846664312,8.07372483714
42.257773695,6.22047074339
42.4124723479,9.65157877222
43.2653130367,6.50886462752
43.2321336314,9.44247339562
42.21835673,5.7155210116
43.3594749872,8.06876063793
42.9409093414,5.50355867571
43.2183229105,8.72624175846
42.9983173858,7.58054701127
42.5297191969,8.97956949942
42.4407187485,8.45095346429
42.7533233237,5.47768786657
42.835805599,5.65897217269
42.8086583548,5.38170703637
42.9044740416,8.61275915203
42.7027899618,7.99646044755
42.8464238485,6.13337561388
43.3578782116,6.09127712261
42.7402253757,7.65238257474
42.8981703427,5.98532440144
42.8644936878,8.07936104505
42.7466180769,8.82730940307
42.8954728854,5.24334680955
43.1731634095,6.72318491114
43.038181284,8.2905447362
43.1060251859,5.32899023832
43.3564969888,6.00681716539
42.5831814477,9.67307415056
42.3332967073,9.27606560739
42.5971471316,7.58791876418
42.3349113223,5.58972307888
42.8651349883,5.19366868995
43.4254297857,6.18384170045
42.7779063572,6.84634272115
42.7890132075,8.42549152892
42.2648782359,9.06515694958
42.1826617239,8.07375820158
43.1311850811,9.51094690811
42.1888412162,7.46884228244
43.4152021298,5.40238425689
42.7721299205,9.70085137595
43.2413990213,7.42748523959
43.3905826876,8.99708040427
43.212251168,6.36911951312
42.2468963934,7.71767450315
42.2885194679,5.94698842109
42.6476167336,6.45539678568
42.9633205147,6.60423618583
42.5432707801,9.2558319485
42.4073374907,5.41141396926
42.8855952815,5.87797937729
43.0094122228,6.45647613505
42.9594418777,6.12149603196
43.070474037,6.12165549826
42.7672552649,6.54023556143
43.0256418023,9.93781770056
42.145323379,5.03877475209
42.4174953173,8.66748609573
42.2511869933,8.95397132498
42.8553609219,5.5563189833
42.065538509,8.88258871178
42.7742454795,6.0718141615
43.018403276,8.12627510174
42.1967109443,8.47189690131
42.5235934788,9.35536115228
43.2691633512,5.39172641697
42.185294287,5.84446315263
42.2181681624,7.96403365264
43.3175100042,7.4279274019
42.3620527401,6.94455445516
42.83341646,7.92165185667
42.3890691078,8.04640459957
42.4717157668,6.04778060204
42.4905868111,9.75003311512
42.958870307,5.43887709915
42.8148431936,5.2703131658
42.2245256161,7.1557941607
43.4267576207,7.52959977734
42.1152019732,7.00372472408
42.1933955023,7.85434450988
42.5295991912,8.69732115107
42.3304424035,7.97212035092
42.0882261768,6.21828682347
42.3368557744,7.34438655239
42.7055004599,5.23342899162
43.0723754695,7.21858335258
43.0909839389,6.7779772036
42.2308742151,8.55842842668
43.1375344545,8.4215140228
43.1327968254,5.7052278813
43.3033840059,8.99507322892
43.4286819507,5.96687230554
43.3739117717,9.69070067031
42.3123727387,8.88997069183
43.1538828876,8.48945283489
42.8547314435,9.69078389659
42.5687901245,9.47176206212
42.317188527,7.12622900124
42.9768730939,6.74904187693
42.7493032812,6.44749945428
42.469320967,8.85045951135
42.6847919672,6.56497630487
42.1952918672,6.08103625535
42.5834752062,6.91234333048
42.9428699698,8.7118748129
42.3890662852,7.69257042887
42.2037411566,9.67349212395
42.3924788612,5.8593312278
42.8096044864,8.78219212409
42.8932164599,6.78984348837
42.5832116829,8.37879143333
43.0960591033,7.8466862935
43.0315669501,5.17328508731
42.9740895738,8.8605621076
43.3615911566,6.68691179518
42.2951096956,6.76596174934
43.2959050836,7.36242806829
43.4291418512,9.12657924629
42.0785461357,5.09649782031
43.2291183666,7.06128886891
43.0929378689,6.0390897998
43.1760058012,9.8094177961
43.1904230197,6.88310699523
42.2900343512,9.16511531222
43.4126634568,8.46281972795
43.4118319083,8.54300908181
42.6396470477,7.38848346568
42.1295111312,6.29271569899
42.5144295277,9.97763350628
42.7272823049,9.17952885225
43.1744919471,7.22603637381
42.8365921858,5.7260527171
42.3305144848,6.48313479877
43.1274425109,7.551893526
43.1054043245,5.4095857464
42.9291193261,7.49553305304
43.1569324255,9.20439239279
43.2634249548,7.51147885702
42.5247975751,7.74013001353
42.4820642187,7.66712219102
42.8716446158,8.52554644528
43.4492202308,7.91794414096
42.301750476,9.86706766295
43.1582836692,5.03490252899
42.4968930725,7.96159165606
42.448053925,9.2780600791
42.8992706399,7.00383033001
43.1461275149,9.61598165751
42.9705101535,9.46338959437
42.9439812505,9.00800039536
42.2195717863,6.46471280001
43.417035287,6.04138663444
42.8857283779,7.28047719703
42.8415951972,8.26914168312
43.1448050126,5.12970097695
42.3572280181,6.78276367495
43.1050654546,6.42127107527
43.3893960933,9.42634047768
43.038757316,5.48956981986
42.4953036502,7.84353364823
42.9995027827,6.25194573581
43.4578767654,9.45514113838
42.6222447098,8.05082559692
42.3533110147,6.70455126233
43.0841770342,9.69134120726
42.3914651019,6.31799113623
43.3474680506,6.80372518558
42.3973484035,8.16322774774
42.9962065182,7.28511973131
42.6749171888,7.30847770437
42.5956947834,9.95935650864
42.5029953845,7.4563611669
42.2550558181,6.56981014331
42.3259746866,6.62837604489
43.2585755937,6.03377285523
43.2032861917,5.92989054445
42.3868957498,5.50980390573
42.5066728519,8.51894403538
42.4636934714,8.0420038782
42.4920785501,5.8418595519
42.8200370133,7.43159661436
42.9103892696,7.74191357611
42.6511126667,5.61341102959
43.2732976787,5.51368187815
42.9240909565,5.70729734331
42.1521888855,7.53732341641
43.3707159876,6.38244431157
42.8087440599,7.99390728194
42.6035741938,5.04816026045
43.0772298346,5.94217662662
42.9234351697,8.17530052838
42.148463558,8.53896718146
42.5508270554,9.16246308542
42.7561364203,7.93205431124
42.4319480035,9.56847226162
42.4561706133,9.94087796223
42.1705362574,8.86653186949
42.3303079152,5.7543066552
42.8146003459,7.69253058765
43.3467201263,8.49865758737
42.8188421358,9.17501287812
43.034942316,5.76172841889
43.0130096708,8.76072157868
42.0831044018,6.80388720141
42.7158171816,8.44224866535
43.2990206322,6.59057682398
42.9400200334,7.95067379543
43.1304795683,5.53623117713
42.4688221065,9.08842797413
42.3131778784,5.6603133676
43.092731965,8.16524046535
43.1257443172,7.11801203989
42.6083557485,5.68911576409
43.3434585783,7.49418912774
42.4166411903,7.63461665649
42.282997549,5.85428237709
42.6176596592,6.77929183519
43.1375835781,8.65337565207
42.1161849218,6.43868117841
43.3347539163,8.40189982844
42.8063577348,9.52771459039
42.9537079672,8.27605777844
42.9324929425,9.40583742829
42.9048569605,8.78400308047
42.3878896819,7.09678517495
42.7805101975,5.75423966298
43.0126777379,7.40064012869
43.3718579071,5.70493344161
43.1003630834,9.34522704489
42.8462949627,8.86833875034
42.7895667552,7.59367242448
42.639464542,9.10528119616
42.3343004031,8.31655684711
42.5104711936,9.64743883041
42.3360868383,7.75215033405
42.4246030469,6.42169307745
42.9024067575,6.23540894639
43.2802772432,9.06124838361
42.2831259081,8.07351199288
43.3113405674,9.14727043339
43.0066442389,9.16431984899
42.3748323288,5.05231019924
42.2568447362,6.96406770746
42.809455053,5.04704783024
42.4652658796,7.25804564445
42.4165395103,6.62036028403
43.2997271244,9.31755108157
42.35121485,7.03363882461
42.6870206878,5.92591252269
42.6388752284,9.869040297
43.3788488267,8.65129230315
43.2007758743,5.61212233239
43.1966891604,5.29024115906
42.3269220019,9.01308871675
43.1849470697,7.50986792177
42.1357713514,8.95787128696
42.4989634303,8.61162299685
42.5882645872,8.78421341304
42.4329060546,5.12817231295
42.3888668846,7.42706380759
43.3875914207,6.58833454724
42.9924956338,7.9976464097
42.7891488632,7.00435561022
42.2422337869,5.7872780427
42.2723321481,5.22351724268
42.4298746435,5.23168241599
43.2296948931,9.94690620261
43.4324599006,8.11817776645
43.4061869844,8.32067879072
42.1711021208,6.62969270729
42.3134189074,7.20198669151
43.1539360874,6.00677858921
42.3207525654,6.86048152001
42.5268377424,9.89055647398
42.161078163,5.12184729995
42.5417594511,6.86788888081
44.1166805386,5.97140260069
44.2215569046,6.9134949256
43.5312708561,7.29681811186
44.5253365964,6.22933277893
44.220814685,7.53598902947
44.2063372602,7.04167405682
43.6261897763,5.41821420666
43.7108558571,5.44098641686
43.8355873164,6.8423019467
43.9233726651,6.50969880185
44.042247542,8.43294818606
43.51041714,7.76159883587
43.5610989758,5.37280540185
43.4456194239,6.62851966037
43.7364587003,8.65956125927
43.6483492724,8.82312683832
44.3335996572,6.56793411573
43.5040105149,8.73457464194
43.8627618004,7.02370202434
43.9797913906,7.97860635989
44.7152099045,6.13374003981
44.0444510238,9.68617130928
43.7091923731,9.77554589267
43.7216240561,5.12331934843
43.5471663958,8.16954245376
43.5775054395,9.83008144357
44.1325737854,6.33082107166
44.1004559396,7.5202307251
43.6333848323,6.89152871484
44.4357375265,6.17361546256
44.603627635,7.12851939257
43.9840423944,7.31191043914
43.9469848603,6.87069244241
44.2568196002,9.52789678857
44.7234718809,8.32978843459
44.285938825,5.21460968387
43.9788104704,6.42978656081
44.2993093253,6.48795911921
44.1332065056,6.92085471141
44.227106877,9.83961964923
43.684797898,9.06634605997
43.5270828699,7.70320818317
43.8177759308,9.20958932201
44.5452720865,8.42775163472
43.7714261593,7.02624062118
44.4154030149,9.50043470797
44.0446852152,8.62032994998
44.1956397389,5.23516932531
44.4741559025,7.31853206649
43.5417666787,9.12434478664
44.404768457,7.34584471598
44.1259410137,9.43986916734
43.9044170919,8.76154223771
44.7255803782,9.7122206838
44.0840814909,5.23587842326
43.8791371266,9.92631968605
44.8026274136,5.54657751122
44.2223864596,8.46731366686
43.4848771418,5.05961508036
44.2202695232,6.62451432519
43.9865542344,8.53803663838
44.5107441431,9.49324695226
43.8764648652,7.9385802785
44.7955088678,8.53730364505
43.9529536392,9.12970563732
43.6328771526,9.98823808924
44.0575298563,9.60160845904
44.2198690127,5.84801300408
43.7241918764,6.43228909888
44.1376391218,5.89611969013
44.3736515777,8.24753551724
43.8301367717,5.94036755517
43.6059374294,9.02319676851
44.5713261753,5.89382037341
43.5945886894,9.92267667933
44.6810998786,5.79323055111
44.305103249,7.1746357462
43.6741990464,7.14931928938
44.2664766941,7.08518593486
44.5592801188,7.92504223728
43.4527597281,6.68791455063
44.2035288922,5.9392017898
44.2873414979,7.35756708642
43.9191641498,7.54678063434
44.7410970181,5.26146947331
44.3762122997,6.22436125712
43.7852175658,9.85917593048
44.4089082311,7.53003187398
44.5845301442,5.54874106613
44.6389295237,7.40516856494
44.5803054073,7.78084829684
43.5504398569,5.64485668531
44.0225652177,8.86081147207
43.6498578614,7.56942503785
43.7625331618,6.97192469366
44.5279358043,6.64876217867
44.1883783827,7.64508976941
44.0673019336,6.83601216551
44.4587325193,7.39108919875
43.7472280605,5.75655858165
43.5481928257,5.11402632438
44.2496713396,8.22409718946
44.3587131579,5.73303515371
44.1182016818,6.62966887342
44.0314233679,7.14711652082
43.5894826931,5.31849616645
44.7867040581,8.9450834055
43.5881031054,6.39542566499
43.5301334224,6.64477825851
44.3625939724,9.40799433662
44.1844079715,6.03000630552
43.70164956,6.25814718396
44.4480422842,8.20600088477
44.2266902022,5.10840709588
44.5982071029,9.54455983496
44.2985584126,6.98448758648
44.2130890531,5.33570756678
43.4350402942,7.08545026822
44.0980008946,8.24532386796
43.697991625,9.11969533499
44.1000035312,8.34270206202
44.525693517,7.24488131603
43.675582087,9.60913084946
44.0127084868,7.57137713954
43.9181403169,7.12921529383
44.5360822757,8.14810731883
44.5473556082,7.16558935864
44.4978948683,9.31201435621
43.4925817595,9.33441515638
43.9169688548,8.84246789044
44.6919104603,7.01934192642
44.192946484,6.56660512323
44.236117544,8.0796725198
44.5732073817,7.98372743147
44.1596393863,8.41709099098
43.6388874617,5.96853969743
43.5818359664,6.49752869241
43.4951359342,5.14875292303
43.6286772745,9.30375986911
44.4215119976,6.59854261986
43.5160286054,6.44520650404
43.456283742,7.81554937928
43.9012191472,5.51089861182
44.3495874786,5.62888868988
43.6165264044,8.25425264033
43.5371590571,6.81727546635
44.690002299,7.51286830119
44.0845884915,8.53603260794
44.2249254901,5.6206410946
43.6152934238,6.59892873299
43.4267386048,5.71949877137
43.8567446912,6.05032116702
44.5383899265,7.67758619462
44.2410544794,8.52552579285
44.0185376268,9.37514202027
43.5799868188,9.56981185556
44.7422068598,7.97821549608
44.42241752,7.99767790715
43.8005702556,8.03167010289
44.091121538,5.42607410233
44.1725593077,7.88280926441
43.5486201825,9.51330801938
43.975869754,8.68877131773
44.6964599819,7.90902961507
44.5894600618,9.24797041128
44.1447349804,5.55785366538
44.4344639113,9.21533614263
43.488953234,5.39203424775
43.6627071986,6.44768908641
43.6708977187,5.72136255153
44.430288567,8.81180104729
44.1347253823,8.85138089969
43.633985317,9.49473973286
43.4324328799,9.66298791866
44.6070850864,5.44679178432
44.819413842,8.71758296036
44.2642503598,6.67897866128
44.5516348435,8.29719736341
44.3369005449,6.38717639695
43.5624052333,5.94933953407
44.4474208618,7.24595004625
43.9830180357,6.29647254905
43.6859683392,6.99091370745
44.2855613499,5.39939641209
44.6917319322,6.2340552071
44.3767570204,7.43485865696
43.4270407346,7.30968231148
44.4922375496,6.74169401481
43.6879431623,7.35780768215
43.4363713718,8.39365110353
44.259748498,8.59695503955
44.3553970515,9.65256978591
43.6279183776,9.39958305261
43.8086699737,6.2543945641
44.7371144091,6.32425427251
44.7022837468,9.30435133786
44.479179891,7.18693161298
43.4612441843,9.60302759145
43.520122576,9.58634087345
44.4945673937,9.70765429239
44.3412141577,5.4433318814
44.4671532053,7.59748192341
43.6541440871,6.79758640536
44.1386654612,9.74418417997
44.8350559162,9.1692653756
43.5932459809,6.96564587952
43.7619133537,6.75611456338
44.1617327789,9.2195279218
44.2846675387,6.06774011688
43.959360672,7.22523058619
43.7606243653,9.21384248534
43.7566710764,7.57468039715
43.6248976193,5.09963528585
44.227328676,9.13675963224
44.0264413628,6.34524000008
44.0298083162,6.52377051224
43.4932793354,7.46071148488
44.3806703048,6.84004581394
43.8580286086,6.16803668995
44.144075994,7.24949620393
44.4928115686,6.04774661489
43.4134590428,7.4140605733
43.857037667,8.51952208765
43.8239742608,8.90697584857
44.3593133832,5.06800603323
43.5409077249,5.47453430039
44.1940941337,6.12105767058
44.5336327746,5.4715500634
44.3654697122,5.84572796272
44.621774512,6.19617249186
44.4332233571,5.92624254982
44.487609255,6.14634560986
44.1583313826,8.61406663456
43.514655983,8.11377861858
43.8070462888,5.82458509483
43.5225417899,9.9198664514
43.6903789256,9.19176459979
44.5270903334,5.93416470532
44.3757847996,5.18742677559
44.2204498127,8.76859045992
44.0557892405,9.25963829532
44.3852919414,6.91588809648
44.3952285109,8.89173290537
43.9695659723,8.77493824715
43.7513952894,7.41459438166
43.6913394214,6.35690188265
43.9891609884,5.63757857323
44.6462588525,6.3587565428
44.3164576437,9.0596169052
43.7971874589,7.13277878548
44.6489619195,9.29365349036
44.2101819358,9.04871778411
43.783173627,8.57346484963
43.7240265096,8.12127222213
44.3452561363,6.29687183672
44.155848874,7.00216231644
44.4298267177,9.68215579764
44.7042764985,5.19869435944
44.7235878436,6.83688884087
43.6250783396,8.44469710072
43.6137923724,9.71419509039
44.1356284003,9.34318148995
43.7852210057,6.44764670865
43.9778974192,9.85104505299
44.578053814,7.04779891277
43.4908258468,8.36668798703
44.128822515,7.08379476446
43.9434293527,6.00039437118
43.5499605158,7.94277563869
44.8362128959,8.99742318572
44.2071534374,6.42621630162
44.4792640367,5.60223395576
44.1288947094,5.14198618852
43.8207764121,8.69168828751
43.9390349893,9.49203871187
44.493258408,8.97781269114
44.4648592862,9.0365872108
44.0891410507,6.73829204936
44.5041836258,8.50230639262
44.239548026,5.16946846866
43.8978011568,8.70290620912
43.5553021182,5.21045143291
43.7282602855,6.89294001925
43.9753894794,7.7778369828
43.4808264646,9.53130124835
43.3736826985,5.64518648175
44.7114125712,5.86120036126
43.5995839353,6.28070530986
44.2006255408,7.33274178286
43.7559413437,9.07073192458
43.9410388347,8.95397939033
44.5022577909,8.61054536283
44.0559517785,9.46717587532
43.7239795865,8.25582776414
43.8348543169,9.67941473959
43.4906797692,8.85080425921
44.0437381983,7.39901458727
44.5565537453,8.79710467572
44.6898356459,5.04444715384
43.8352773221,6.50927851807
43.932959074,6.35284246665
43.5180749617,7.16899778035
44.5062226562,8.03701206119
44.5134852782,6.43373273617
43.8795704879,6.92243869402
43.6498867047,8.09061323327
43.7864619096,9.73314489472
43.9297578444,6.956897978
44.436747977,6.69063512648
43.7143625094,7.93661833802
43.8413471238,9.01949702974
44.5017954124,9.12930786117
44.2599283107,9.2817134585
44.7678002387,5.36806451815
43.7799517799,9.6202915127
44.4370942604,5.68568677403
43.5695844578,8.36008706913
44.3648116772,8.73286496598
43.8086425976,9.40869495301
44.5094245071,9.86743925486
44.6496193856,5.93009813993
44.389991394,9.94323836685
44.4151934787,9.08024207103
43.9175199841,9.04292027915
43.651916293,6.18584667164
44.1344586975,9.6344936994
44.5508898903,9.78174302041
43.8524872596,7.63052230642
43.2480643683,5.06107354236
44.2772644495,7.45504210009
43.9653351229,5.89387237858
43.688733845,9.36338019741
44.6525739976,7.2892403049
44.7070207258,6.54757054
43.9420950182,9.68655107848
44.6174386237,6.67704396905
44.3630575554,8.36006652139
44.1038037974,9.85665554456
43.7161941371,5.90035548146
44.4788931896,7.10002912312
44.5606326438,6.00286483215
44.4278315996,8.6686811491
44.2777987333,5.78777142282
44.5092064259,9.57953470506
44.4948242118,5.8444905889
43.6776003866,5.56401598328
43.7948906579,5.14256183136
44.4637910588,9.41570037759
43.5552748055,9.26991965393
43.6339571768,7.90853149143
44.6655076197,8.84228883416
44.6317849006,9.46436032642
44.0806702189,9.05916079229
44.6321662191,7.86307930051
43.4827954048,5.71589758963
44.3489168902,9.81379169926
44.7740172825,6.23156726233
44.4914564333,5.37970863915
43.6814373116,7.82281269234
44.4252183067,9.59884143824
44.6217771917,7.60345159068
43.5122980154,5.30291607378
44.4857321779,5.20794467628
43.7565770435,9.36173938764
44.3155555805,8.16895847143
43.7384301856,5.2009626909
44.565835489,9.40944514478
43.6981316897,5.38089049871
44.7397149279,5.14705030981
44.3730182378,7.79449221462
43.5320409817,9.74758772478
43.7542100959,7.87283005501
44.6992788249,7.68014635987
44.6865920316,5.33249066703
43.7108481617,9.52662999651
44.2797305148,5.90182873762
44.337709784,8.01757675567
44.7912542774,5.4672258104
43.7125224217,8.49256723144
44.6130329135,8.2369352734
43.7271937768,8.86267357741
43.977051092,6.2356625839
43.5586305412,6.56995463406
44.3007591873,9.4772121142
44.1385860754,9.11108979912
44.0545047202,9.76809517122
44.3677195815,7.08323461421
44.8431940558,9.41902728981
44.4972093463,9.951967858
44.3239135752,7.52739925733
43.8338696533,5.23060907721
43.4892669164,6.92588560771
44.2355900608,9.60816574334
44.0437184462,5.53440648153
44.2804064361,5.97411304349
44.7578485841,8.12684678454
43.6856973415,5.28935098329
43.3876078565,6.89325943943
44.7291928549,8.73972231277
43.8850552893,9.5990664301
43.7018726216,5.63557201411
44.01999609,5.16768897788
43.71015182,7.71773590847
44.6393143696,6.55649607833
43.9619607778,6.57313064492
44.7079101198,8.25489761735
44.134768639,5.83072706457
43.997474859,6.7760554899
43.5492872366,6.15061903598
44.143421506,8.08488391497
43.6935173975,6.58148614706
44.5764540011,8.49440452053
43.7396989175,9.68372250929
44.4466489984,5.12671136096
43.7760076517,6.56657100574
44.6458016767,5.6385249306
44.248348206,9.39509986891
44.088957185,7.80624563405
43.8684656827,7.74022956607
44.0475837851,9.10696101612
43.6163695537,8.01186080797
44.6483454102,9.01030330686
44.3351590145,5.25677032377
44.0508031763,5.89519353115
43.8969170032,9.22343968698
43.9042734541,6.12318531125
43.9834627401,9.2145682341
43.5704659509,8.81280630614
44.383978949,9.30493684247
44.3195709857,8.09221189204
43.9012628846,5.86235412247
44.6938216096,9.13834392773
44.5988162134,6.4623756722
44.6118482514,9.14511718225
43.5897845087,5.55672437382
43.8123533032,9.29102505248
44.5644408707,6.85445847552
44.4821617885,8.35038574003
44.7632714845,9.42651821508
43.6254825614,6.06659337646
44.1934971516,6.70805408171
44.3057136052,5.32118902948
43.7087689436,7.48258363225
43.5348990544,8.94671666701
43.6163455794,8.74078413301
43.9013016129,8.26098867193
43.5757749444,8.09444287167
44.7977829954,5.06554326693
44.1054818814,5.6529508501
44.7679838732,9.13780318256
44.1272311445,8.76162984333
44.5780268248,5.04846220023
43.5757567076,9.36158145143
43.5155748444,9.66800046634
44.4975819859,8.88215205352
43.8745140074,6.42323124882
44.1654158775,7.99096190725
43.9823506217,9.6038034043
44.7054023417,8.18122052344
44.5319502888,9.04215273223
43.8576695134,9.45003838531
44.1986576001,9.68176158021
43.6922706677,8.3553987189
43.4860282085,9.02903351867
44.7025270986,7.59826542115
43.8401230912,9.129633578
43.9887531058,8.21190123107
43.5571414661,8.64462330386
44.6740288056,9.07695509898
44.7075415269,9.87085462309
44.1113342816,9.53837310417
43.4566547679,8.26395455937
44.3906894139,7.91048876738
44.5680911993,6.55982207021
43.8960547197,8.6101550752
43.5019037374,6.25500395124
43.8327836399,7.4605094388
44.6983871243,5.43574133942
43.5450027929,9.43282558455
43.5136985956,8.46170390384
44.1764992995,8.16938719427
43.5678868842,5.04029268674
43.9888404234,6.092740188
44.6076640119,8.06022713422
44.2697837862,6.75840874619
43.4539631392,8.62861320925
44.2783446952,6.18542455097
44.2697168989,7.93437343653
43.8848485394,8.04210018702
44.6380819798,8.77179353681
44.0413178447,5.32343830107
44.3408537606,5.94150472792
43.4132432933,5.03188144057
44.7128679894,6.91505299221
44.5886028862,6.76626450658
44.4316588113,5.76488343995
44.708958512,5.54722679752
44.079057723,8.14231272999
43.4018501999,5.8820607293
43.7946978614,6.36389266867
44.3257164156,8.94284433463
43.6060514423,7.2218872358
43.5009141886,8.30961291591
44.0899548089,9.16666789152
44.5949339157,8.87644375607
43.6564157549,5.18206030494
44.5477857615,5.42060825262
44.7564360809,9.03736201208
44.5795775181,7.49948257748
43.9523516798,5.25364860305
44.4060422998,5.51823065774
43.4303817388,6.76329737651
44.5176802944,5.2910295815
44.0080341213,5.06073192884
44.3895904849,6.50088060607
43.4200768393,5.33478942078
44.0525316441,6.25742665716
43.7652719788,5.36153281794
44.4797020548,8.73163370221
43.7737840079,7.66914935898
44.4105539956,5.40989612135
43.8920611911,6.73583331571
43.5916895855,8.52067364272
44.1797780973,7.42334525711
43.8659328538,6.33095176525
43.4602115617,7.64053459765
43.6677277157,7.06282023836
44.6037915034,9.05372985323
44.0706146332,8.96394488253
43.8912686081,5.60978974445
43.672317195,8.68818372535
44.0276498429,9.53995174095
43.8470092807,5.72522138301
44.8070241542,7.74727418945
44.0075570833,9.04357416093
44.4491979601,8.27130182638
44.1971385109,8.30945956665
44.4031660541,7.17886236905
43.7823501455,5.57832712342
44.2584224377,8.98066994994
43.6222359787,8.15368253219
43.8350263424,7.55298510095
43.5862432944,9.63265816901
43.5172481491,7.40032877194
43.7985631625,7.95123816792
44.7918109776,9.22387040748
43.5192443612,6.03064135933
44.7857908827,6.39995590441
43.6662441558,6.67907842928
44.1613197888,6.22101608161
44.6201919025,6.28114909496
44.484910472,6.96989401986
44.364587423,8.82586876982
44.4731325787,5.45662167365
44.6198845248,7.69417081757
43.9387236105,8.4296774384
43.9029763996,8.37467919154
44.3609691673,7.61442842804
44.199611366,5.44536703411
43.8730575766,5.35220309504
44.1852942299,5.74798199016
44.095129111,5.03417450469
43.7889320168,6.12747372629
43.6275034391,7.29634599405
44.0027570628,6.18664124619
43.7444170567,8.19309070727
44.3047556981,8.8095274672
43.8324259139,5.65528333556
43.5598891302,5.7541201344
43.7168739808,9.27228281492
43.9634784794,7.66088952782
44.6417175378,8.14540732055
44.4862873226,7.93936379565
44.2395049239,7.25831693864
44.0300765775,5.99478610655
44.7413966305,5.93025531057
43.6069867843,7.43989076009
44.4276544814,7.69336616847
43.9664477968,9.28968668509
43.9930135144,6.66050519824
44.8251200194,5.19412090015
44.6353445565,6.01965954271
44.5719825516,5.3495417897
44.1320126293,5.30233521241
44.6613399775,9.78199518726
44.075451115,6.1591054206
43.6069262119,7.74101136369
44.6546827472,7.74919537524
44.4273550179,8.53397850289
44.1916780076,9.48647708892
43.6058903843,5.86481943915
44.2078909043,5.53391168412
44.4357189194,8.44406746218
44.4914768085,6.51540180397
43.4834930683,9.97493959982
44.4925363148,5.51995796771
44.7829141668,8.63368467988
44.4702855812,7.84506515
43.5199705963,8.24605274518
44.0961205689,6.06330601344
44.5984395929,9.89721469612
43.6611182681,5.49330579849
43.819667976,8.33070507301
43.8725323651,9.77561420011
44.2497319665,6.30435240389
44.5641763724,7.32719100846
44.2919081157,7.70192146224
43.7708494201,7.78645888618
44.7845404685,9.326111736
44.2556914816,6.55787710599
43.873109518,6.60991406932
44.579002094,9.66095858257
44.651165845,8.46783072146
44.7083883238,8.55003506351
44.5675661011,5.78609875711
43.4545698449,5.79968084747
44.6341744981,5.38453068561
44.0443716031,7.71774671318
43.57826034,6.72741530606
43.5967874504,8.8895864148
44.6058666823,6.93178053303
44.7193899885,8.40387106
43.4984230815,5.89750691684
44.617308629,7.93660275017
43.5175491784,7.04470936826
43.6324816093,9.12008967287
43.93264861,5.14573053978
43.7711111559,8.423630417
44.4380803042,6.41898804202
43.3987356267,5.57014128173
44.135431524,6.51657020604
44.0699750325,8.03497105145
43.7120868862,7.64442083673
44.208722136,6.98337810141
43.6776285642,9.89659997184
43.7907030764,8.15888918283
44.32407687,7.86682726089
43.7039020635,6.11547879569
44.6555128131,6.8424960937
44.1601947354,8.70647116347
44.4421894471,9.76406876196
44.1343013961,9.03022078859
43.9075296251,7.36948732241
44.1427441801,5.37042549457
43.9256198896,7.90522853365
43.7198858854,8.9696967106
43.7207038349,8.02185955793
44.5511620325,7.86380937412
44.6922438326,9.2227811763
43.6932756892,7.25463801787
43.4904051677,9.2192122187
43.6879992722,8.19346994019
44.3944543278,6.01944229935
44.5175780778,9.2146523596
44.569523035,6.11075870095
43.898956942,9.37094282024
44.278021407,9.9510704151
43.7628439129,9.97074197337
44.5094160821,8.24393048921
44.4803640739,7.4753395927
44.7010734563,6.42384983039
44.6090255703,8.56714974027
44.2764110873,8.67829066424
43.9171130006,8.49334326748
43.9998630471,7.49354947725
43.9833140079,8.09625374645
44.6870439876,8.93785413501
44.1232608068,5.49280549846
44.3316213825,9.56228642554
44.3918769271,6.99685355662
44.1972212127,7.73999296216
44.2872443477,6.62166820084
44.258284802,5.03922441712
43.7076092318,5.80815473791
44.5612575326,5.15765702143
43.4339857833,5.1252564564
43.649630002,8.59985871401
44.4740401737,6.83963719481
44.3603573097,8.61054168336
43.9938378728,7.87344860271
43.4461258678,6.83695836114
44.7257682352,7.80797794256
43.724276137,6.50072931307
44.0385827869,6.92008010108
43.7266578656,7.06701714244
43.57337337,7.63632165223
44.5832163782,8.96796390765
43.4698904724,8.20011254085
44.6096775518,7.20314027293
43.7227101227,9.43738141297
44.3592854041,7.26987605714
44.1738912752,5.04539117695
43.7971695031,8.48784971465
43.453416064,5.64731385647
43.752951118,9.14955693758
44.7608086706,8.46773424362
44.6144269806,5.83811673909
44.2801353409,5.7073587219
44.7805132086,9.65230245146
43.865347399,7.1935353615
43.5916073356,7.10843832203
44.6199691612,5.72726947349
44.5921598641,7.25896335174
44.6503628682,6.0756603335
44.3501927161,6.67581693002
44.4811121904,5.97938216304
44.4340382508,9.85503984077
44.1196715435,7.17585692692
44.6031134414,9.32524963849
43.406885355,7.22177609489
44.4132392698,8.11124723862
43.7851186874,5.05514932789
44.3003312842,6.85570044338
44.2568593326,7.81643231415
43.6052658437,7.35292164283
43.6508721184,7.65684101689
44.7586544853,8.85031616016
43.980729912,5.42516611265
43.6102455132,7.04575500603
43.8149323553,6.9361060495
44.5813631127,8.69993092734
44.0788682044,7.635706683
44.0875125094,6.99418542126
44.0829911007,6.42775280753
44.6598368733,7.98974424196
43.4746283494,6.53497451657
44.208916013,8.6857562431
44.315746056,9.34055296285
43.6557774341,6.52079814531
43.4939581423,5.55983365279
44.3232585753,9.18312865665
43.7689183272,6.65439415164
43.8552291231,8.43739204049
44.3317628095,8.48794782289
44.2942268992,8.28648469405
43.6662978706,8.90106706906
43.8015356627,8.22567579738
43.7864101497,7.2431559356
44.5599661712,5.65596081512
43.8032296505,5.45626629205
43.9321826554,6.18681198848
44.1737544046,9.93772727239
43.8005593102,7.34466272185
44.1724353409,8.96213128483
44.4879106693,9.64675569756
44.1259678347,7.71323235566
43.5484687167,7.84491371637
43.9168470068,5.93123817281
43.9896454747,7.03203956317
44.346201382,5.38164314476
44.2922435358,5.52176347264
44.2027503562,7.16195383951
44.6518566313,5.13537578383
43.6013826437,9.20818738405
44.4149215223,5.30148775776
43.8939636344,5.057233526
43.9151339726,5.68716489395
43.4991691162,6.73194316956
44.5431964468,7.57306686989
44.2894872716,5.13650824755
43.5055996613,8.0307945578
44.2802626013,9.72370733366
44.5131039609,5.10703967258
44.4345390783,6.3114306904
43.7203373314,5.50562587046
43.805001226,8.09704045393
44.6267192779,8.35664646675
44.6714177098,8.64624218812
44.7669481075,7.89985043638
44.1722925804,6.81619701089
44.4907564141,7.76060918737
43.7216420344,8.75870109001
44.5450854955,6.35251356032
44.6143718734,6.61729386807
43.7991664114,9.51808904749
44.1269704187,7.33330034344
43.9160696555,6.27098546526
43.6902617854,5.04389011012
44.0535337244,5.77034475666
43.9757093305,8.32752636783
43.9329511273,7.4556672294
44.0489026119,8.76346396513
43.8759628058,7.27284198374
43.7343857204,6.18716766725
43.8612962156,5.14047177468
44.0775154488,7.92224347135
43.7667103164,5.68666114506
43.9856207811,5.83969534507
44.4683404968,5.04546964882
44.369338345,6.13046550101
43.5716582244,6.89285040515
44.4304117571,6.75418598668
44.5330418148,7.40617157567
43.6337048419,5.62392302023
44.4036798104,8.98973488135
44.0938873945,8.69358186727
43.9629878842,5.33711561981
43.9326539688,5.77456336499
43.8278518143,8.79307636968
44.0421564133,9.95585973734
43.8505714161,7.85662963797
43.7395806811,6.01668476445
44.6132561402,5.24924354578
44.375188805,9.72226996139
44.0523646406,7.25204165408
44.3595043753,6.772579291
43.8804291258,8.15913125038
44.0330670781,9.16624474296
44.7027162845,8.05969487657
44.167787707,8.5107235717
44.2594456447,8.40031630817
43.528451549,8.56682404642
43.990792652,9.75296126756
44.2446241796,8.88422066601
44.4459045311,6.10140768076
44.5111729835,5.73343845415
44.6807040061,9.38781824069
43.5363774919,7.53574950123
45.4311161172,8.79929050737
45.4845447124,6.44087285852
46.0081936588,6.24841185645
45.6655163408,5.30184000363
45.1965119681,5.41712652129
45.9400341793,5.66042889316
45.5218826418,8.54494395289
45.3015264717,6.50240189767
44.9195124657,5.27744035554
44.920438004,7.1637395349
45.5256530347,7.67143702888
44.8328066817,8.78794799018
45.6761370094,7.17805454595
45.4469350485,6.50460280416
45.5676603774,6.94325651018
45.2784251722,8.47239563655
44.7518310934,9.79390652008
45.737101637,6.75819160537
45.5683362419,9.27177831851
45.5886838704,9.42612651997
44.9979631787,7.82169553059
46.0428245419,8.89835819544
45.0692647404,5.02940154964
45.4349806544,6.61108190794
44.9087432735,7.87388207349
45.1111870864,9.08026178806
45.1004309721,5.94189999015
44.9516981894,9.39110459097
45.5765921767,5.21499732324
45.2625605433,9.15599275115
46.042800003,8.73956556617
44.8174822091,5.29595542892
45.6223526796,8.31476770217
45.4440387701,6.29452225584
45.7377771827,5.90266249866
45.2482870616,5.84195996417
45.6553114324,6.43790011327
45.0168845153,9.8725813323
45.6699467394,7.46278241659
45.9522335093,7.87521889423
45.1176150871,6.61423800988
44.7778262098,7.21979079979
45.2564241677,8.1430948233
45.6075362037,9.50875352237
44.9624385975,7.08716656066
45.4015632055,7.68552106016
45.8877316393,5.59678823875
45.9346000315,9.2302647645
45.0714369984,8.72599638534
45.7515145751,5.61053599859
45.2668211925,9.27595275543
46.0704317153,7.58474908569
45.0093971376,8.1012398196
45.465081529,8.30820785415
44.9713118448,6.98574199269
45.3062246959,7.72105013048
45.207153386,8.41271040696
45.1200670293,9.35058238865
45.9291783736,8.60287093106
45.7757493085,8.12943717032
45.0521515651,9.53128103067
45.2812022239,6.58750845846
45.3179502737,6.43049584192
45.108306836,8.60454850317
45.6640161284,8.91880120912
45.6871583972,8.5291961098
45.3582209659,5.8157658508
45.2892470258,6.10248129691
45.832234294,9.22699507745
45.8781744226,6.6745550058
45.0156187471,8.00633096233
45.5383180854,8.80639920911
45.7357559223,9.81245791621
45.4301433673,6.71960095648
45.1959570506,8.67233468053
45.8952545915,5.19006777063
45.2607125192,5.27695787569
45.9054423166,8.41919174039
45.1043349136,5.30936794526
45.6010602821,5.5385290817
45.3970273875,8.98968767873
45.9490307686,9.80378575626
45.9114728984,7.45895239456
45.8892525479,9.59955746989
45.0202183607,5.22130702813
45.6040259,8.4322072728
45.2150513392,6.62618031655
45.499340111,7.53141005986
45.9103022143,8.79821996823
45.0069179629,9.18987433726
45.9756492785,9.43289693128
45.0623193841,6.11928494406
45.8567942858,8.6530389388
45.4301697211,8.01303855538
45.2290717338,6.33658665357
45.3650051811,8.62613691424
45.3802391385,7.80410192486
45.6397539815,9.20895263905
45.1690793805,7.3147510792
45.1365915928,7.98214338465
44.930022294,9.92479227955
44.9222865761,8.82216240702
45.916150244,5.50875248311
44.9416928502,7.29131941369
45.3748636003,6.53513334377
45.3861709199,7.90448419968
44.7740809312,9.58623173672
44.8580024509,9.2719941771
45.73676694,7.26220330781
45.9134840235,8.23746459759
46.0807017035,8.96334319018
45.7257140129,6.36177258491
45.2882258265,8.96972249576
45.4794698832,8.45264224741
45.3683716142,6.38647914573
45.7185584803,5.67379835384
45.2419669801,8.06200251073
45.2018943825,9.84526963358
45.6927166063,9.11311650826
45.9328167912,7.23129861582
45.5169755107,9.35833738965
45.6612888608,7.74551573182
45.6055085508,6.03511970353
45.7602873807,6.6076407952
45.1690562043,6.68534673732
45.9898698911,7.60815466267
45.6143522179,6.35418088847
45.4634270148,5.05150347237
45.826831568,8.31685146705
45.7304978228,8.77741765382
45.612388526,7.54134698686
45.2684165565,5.35382664125
45.9085490025,5.84823257235
45.4164887212,9.32385427669
45.6700483842,7.36148561415
45.9263234685,6.25691360509
45.4877521976,6.96510576937
45.193129096,6.52808027258
45.0554675625,7.12247079609
45.333471371,8.24200183504
45.5106201871,5.36803258569
45.1107837231,7.56564980069
46.07232623,9.47266478366
45.7653789471,5.15431712409
45.9472224299,6.89822927927
44.9356811109,5.16410758873
45.0346019782,9.80754859321
45.8112308084,8.72427737558
45.6879922073,5.8284590714
44.7818373499,6.82840148741
45.1095101546,9.45853333995
45.0085221558,7.38467631079
45.3094851973,8.36746307677
44.9922959112,6.08397308323
46.0810721943,9.84885090245
45.7746256529,6.0365252512
45.58931832,7.80316542
46.1732152167,9.87409720819
45.982113959,6.01840333342
45.1924276522,8.49248723041
45.4844196651,7.44472144188
45.2602628285,5.93825180896
45.0114463186,6.61611091712
45.6835494259,5.20575790322
44.7815307393,7.09800150261
44.6917517112,7.23367676337
45.4576864342,7.24453257067
46.0790970424,9.61081548736
45.20007357,8.82497264083
45.9054555984,7.61100206384
45.1413188013,5.52141299601
45.4921861241,7.87023036614
45.1874267092,9.97454680871
45.2677169153,7.51048545179
45.5269632924,6.7644586036
44.868208056,6.80798949488
45.828526043,9.77939530971
45.0849439318,6.9487992268
44.8888971056,6.35853732362
45.9928823581,8.30299478735
45.1604044616,6.885133889
45.4617246318,7.62396068836
45.5237268608,9.52561785379
45.7012085025,6.08221366534
45.3868002228,8.30720240631
45.6204770759,8.49582875559
46.0169959616,5.578426808
44.7434267597,9.96808977867
44.8626760418,9.08477399497
45.6504329247,6.9275972162
46.0768939104,9.14800446522
44.8588895328,6.6935555493
44.7969536629,8.04976279685
45.2001399218,6.96810113331
46.1299844665,5.04685834671
44.9863552032,7.5719759047
45.5825340891,7.19014837449
45.2095033283,9.3835700354
45.2358106445,6.75352707621
45.7688259829,9.94045385596
45.608757712,6.15187316087
45.7952644651,5.96491019057
46.0410072298,9.74416006268
44.9717585404,6.15950091652
45.7192891055,6.68930093409
45.3397301678,6.79671942451
44.9238200582,9.29601022712
45.7158890847,8.14606048907
45.6440311019,5.72856183142
45.2824155636,7.84539771105
45.5719027674,5.31980283518
45.4376975327,7.36112736316
44.8480414821,7.15907999173
45.3706833852,9.22638055895
44.8569542624,6.44356546802
44.8446622794,9.9805737231
45.8700887845,6.03521678246
44.8824662475,8.57145022046
45.3374369413,5.20389471543
45.7573325591,7.91162528098
45.7894897443,5.24581391029
44.7014120017,6.63993318108
45.9213871568,8.89728037935
45.1492629045,8.37808019979
44.9578395998,9.56743894473
45.3760088933,6.46336991408
45.027391237,8.18645816175
44.8574316621,7.70770243493
45.2446657602,6.42986117581
45.5811445315,8.97434855813
45.353029877,9.14151776654
45.4323450189,5.63124182304
45.4375781288,9.16153501732
45.6873774876,9.3956750694
45.7341700331,6.9821032
44.8528573395,6.99806783044
45.3815590281,6.07834291484
45.3999664187,9.70078388689
44.7713289956,8.20701685217
45.64634628,6.74931034123
46.0453830722,7.26157552284
45.3270197247,9.3611541208
45.3032429012,7.60170201789
45.2631269125,7.15637487783
45.9435487859,6.51181435417
45.2144588934,5.15904608337
45.7194296298,5.52483499307
45.3368625222,8.07878429022
45.1224262315,7.04557670028
45.9970414797,5.75636259859
45.5398971476,7.0282815391
44.7590637524,7.61223070825
45.1220409691,9.92240610609
45.4517378433,7.03570822851
45.9210407802,8.34750591845
45.0561654249,7.30370266524
45.803906626,6.8001492089
45.5906433828,6.25531691943
45.8956109434,6.80400121514
45.8639153148,8.55666708826
45.1481037078,6.76933074804
45.5508878526,7.31847425372
45.4502088088,9.39844023727
45.8342117841,8.05430892102
45.9064549019,5.73136547321
45.737710067,9.22111386425
45.3163141415,5.61437266541
45.1907920124,8.9255149188
45.8108313888,5.45097939983
45.9836113303,6.41151923474
44.7662388651,7.4459572982
45.5114605816,7.18068870706
44.8438212113,5.69979738468
45.253614654,9.95094294279
45.5635912475,6.44549425722
46.008005995,8.59791301642
45.2498060149,7.24827726499
45.0175171097,6.42999372912
46.033884656,5.04927943541
45.7357346527,7.64799936094
45.0598686061,9.27770864215
45.6584885217,8.84299898093
45.5125175341,6.22303027856
45.7293416983,6.45911026536
45.7070761809,5.12548092977
45.3119631583,9.46268452911
45.4762128754,5.28736976514
44.8281718593,7.85374627676
45.1036440838,6.19650361526
45.5414061906,9.16225880296
45.4360311122,8.21531927737
44.9343426335,8.16810408128
44.9938659774,5.95749079046
45.8091337646,8.96117641246
44.829726947,6.36537728335
45.3149259795,9.06356303174
45.8306392692,7.86781470232
45.7840879855,5.06337709488
45.8783822377,8.48793356109
45.9123869191,5.41154094903
44.9973425894,6.88659531296
45.8244615986,7.62218277627
45.2590314932,9.53075554035
44.965906436,9.11711055926
44.8222130677,9.51671879868
44.8646573481,7.48151933229
44.9930614625,6.71257235557
45.0214482819,6.25235595909
45.4285112474,6.42085476092
46.0320757101,9.55613216865
45.8179404045,8.43043906764
45.5668858706,8.72705567267
44.9546908332,9.68447774076
45.1282755438,8.18255329118
44.9864566531,9.25848346897
45.507166683,9.44395372272
44.8995952925,5.91516363202
45.9293999414,9.11921130906
45.4346923833,6.80540497211
45.8305195201,5.14382785286
45.9445050311,6.09414249659
45.8901954946,7.35833862897
45.3568993936,8.71944678866
45.9678839114,5.3533301224
45.8770139604,6.1538272628
44.7889280504,5.77562140228
45.5397954893,8.37223939268
44.7262600686,5.70335662136
45.4681035029,9.23985547812
45.8782476415,5.26427109922
44.9401244265,6.40894733973
46.087855252,6.83255163923
46.0607458888,9.3840617653
44.8058257878,6.16388248435
46.0667682493,7.6652379484
44.9105901169,9.20268145086
45.7128610098,8.31291882187
45.7444311045,5.75270543522
44.8109247694,5.96694802049
45.1044809149,7.21372800072
45.8176149739,8.89517403325
45.7148279335,6.84961170413
44.9821080823,5.38939830754
45.8007115358,6.09274086517
45.5685352691,9.6090349219
45.9554869647,5.0311846185
45.5952786385,9.07194696695
44.8436133251,8.85687725806
45.1928801411,8.01090993733
45.0581650682,8.3095667203
45.0596513787,9.14646932549
44.8390483322,8.15313598461
45.2114339186,7.5757728118
46.0122471576,6.16123598952
45.8860766612,7.76980425206
45.6749022104,9.00785835166
44.8356550767,6.29767387183
45.723766336,7.71977108703
44.9441527749,7.4592348598
45.7692206767,7.07459178417
45.5361647206,5.64149705461
45.136729198,6.4125737918
45.7784504073,7.15833647564
46.0445292519,9.24216855742
45.7547516217,8.86780696924
45.438834595,9.60029797252
45.0550502654,8.40330775128
45.623161202,8.57960394491
46.0122860158,9.08847957854
45.9192549252,6.97608660627
44.9406129055,9.80925383393
45.9311356442,6.35987761507
45.8016012643,9.54315770141
44.9329524459,7.36926486838
45.9931522512,9.50610050504
45.3411145194,9.56010716173
45.8794153945,9.01749600886
44.8599945948,5.59358514753
45.3902898915,8.37819678599
45.1590218578,9.76608454228
45.3445601595,9.77846011043
44.9781494263,8.50265750091
45.6549770475,8.68079986942
45.0486742708,7.47556982546
44.8029299746,7.53669242848
45.07691605,6.71397460598
45.8763873217,8.73744112809
44.8838163079,8.674720696
45.9200981243,9.51533545229
45.1324232853,6.29107259239
44.9049508853,6.60168806786
45.7635750902,6.17406850214
45.5373279105,6.65534625863
45.1447002047,7.80884968539
45.9643944377,8.69537161377
45.4315210766,6.00463414412
45.000071039,5.66895863904
44.9132263914,5.0508341151
45.969931892,8.00220927935
45.6868644702,9.88214394765
45.0898875371,5.12840105066
45.7663841267,9.0257798885
45.4104758232,5.45214003277
45.6971647416,8.43280093755
45.0005694167,7.21416003838
46.1415689166,9.22292974178
44.8718299423,5.39455138805
45.9939250426,7.78945401885
45.3842358907,7.62198100222
45.0294508971,5.60642588121
44.8797065333,6.00223216755
45.9435764615,8.12085905435
45.1898310604,7.22021084491
45.5640976618,8.64436779965
44.9493144251,6.50318204289
45.2773491908,9.81788376264
45.4062571699,7.13237222336
45.4479395794,9.88468732039
45.6285678115,8.77609764291
44.9336494706,5.45910792848
45.7714637215,5.83103076199
45.9653384243,7.05880482004
45.4444060578,9.7775716906
45.9525717778,6.59546050773
45.8326335836,8.81329475081
46.1014881438,5.51768177063
45.0421650916,9.07834796478
45.6442172778,6.62833969624
45.5341317266,9.04241690238
44.9257810151,6.73761036237
45.9542223863,8.51584825418
45.065235122,8.24122183741
45.4754086717,7.75168309947
45.3902333087,9.95641840332
45.8926472656,9.44765736898
45.7641486875,8.51371967511
45.5645664919,5.09695626278
45.2035421739,9.92487078648
45.011038403,5.08962836827
45.1344002504,8.51314144729
44.8737547718,5.11702429857
45.7997231009,7.47177276334
44.9744938506,6.028006549
45.0716784326,8.49905135228
45.7299131862,7.43052257724
45.1387924166,7.68854843693
45.861713341,6.53471686578
45.4528453706,8.38541961621
45.4041195673,6.18108049533
44.9745217051,7.92491079842
45.2581543168,8.86484130032
46.0037332346,9.8899035031
45.6399596106,7.6570456682
45.2446383101,9.74753846758
45.2656813173,7.04767721494
45.6391110229,8.00985029693
46.0595261465,7.44770328936
44.8504593458,7.30126074765
45.7435486296,7.98874827281
45.3470279919,7.98473019914
45.4491709817,5.36741283709
45.7562370615,8.66972769095
45.024667437,9.95457155127
45.8977112678,7.67725278793
45.6726464361,9.52915797537
45.2237033395,8.33753293469
44.8950306092,7.53436556992
45.4001719291,5.55355216399
45.5028680391,9.69857174424
45.6156755639,9.70495316971
45.2650788776,8.71391664866
45.3168770916,5.9019586663
45.1992902794,5.32229091674
45.6011879841,7.09989255508
45.0874457623,8.98740666256
45.1473943087,9.15991695015
45.0033938869,9.31889266501
45.2218336031,7.41479955261
45.6084997236,9.34606496663
45.9387630158,5.94304288694
45.1024044532,5.6026067165
44.7948723174,6.64329318604
45.2290677052,6.23400374108
45.2715530303,5.058643608
45.3728863173,5.09589916589
45.0985032495,8.84789135813
45.3249291366,9.89100395377
46.0310381842,9.80347241885
44.9179968811,6.25672261276
45.3364823629,6.2863310426
46.0346998138,6.33293700927
45.3075299545,6.18756239095
45.0502744211,5.76226418743
45.9993401859,8.80789959954
44.9084898913,9.48431061958
45.5456128241,9.80051709466
45.591020538,9.90587649861
45.8152363063,6.43527087991
45.3376820434,5.51731837967
46.032500416,6.64186627051
45.6609336006,8.21159671893
46.1050835805,8.75524198023
45.1772535144,6.82075163428
45.2441632356,6.86166137084
45.2082638352,6.01961362333
45.817331939,9.12516170357
46.0113847214,8.40934905493
45.3643443587,7.31711709223
44.8755796494,7.62409180683
45.3498407982,9.64267185126
45.9246820207,7.55383466346
45.987316085,5.14149987606
44.8734787487,9.34397915919
44.9088462906,6.90653544393
46.1106315808,9.31813212906
45.2909045566,8.64332886469
45.4970592749,6.87468277826
45.4176026666,6.96847970095
46.0365527162,6.89252747529
45.9912951435,9.33227504289
45.4680707001,9.07752343226
45.6887201456,7.92356476835
45.3141505367,9.69884423367
45.9928483626,6.47352014923
46.021930068,5.45260999484
44.9851941266,8.63325462591
45.2987719036,6.37528720151
45.0092981418,8.80163945746
45.061975462,9.6202187653
45.4692332121,5.71692186242
45.9066114228,9.71227878063
45.8340999116,6.23568268143
45.085146643,6.83166520816
45.7229727978,5.44300801514
45.8477918833,7.25618448066
45.044740691,6.03073661943
44.9303246435,5.64252717426
45.0457274766,7.03568392924
44.7840517208,5.62016756028
45.5514764235,8.46081874336
44.7143677279,9.50282008374
45.8104379955,9.66643897843
45.3296621436,6.6792078182
44.8364321333,9.7338271122
44.8106988489,8.36410663736
44.6823219914,7.15354782573
45.513061375,7.11185899955
45.8157207531,5.5595691877
46.0398904674,5.24278176692
44.773158114,6.70834435771
45.6364115884,6.52270590952
45.2837108584,7.3291976419
45.0750665203,9.73434811408
45.2014360769,9.0489312115
44.970604939,7.69891053033
44.8510417795,7.40242178449
45.8960809737,5.08859083947
45.8517592508,8.15811634751
45.5098187233,9.98641696345
45.3779691138,8.15536742852
44.6873949496,9.61524179644
45.8411911174,9.31443989298
45.6600559749,9.47304748183
45.6933996767,7.08334664763
45.4881489186,5.86248136534
45.1527560894,8.77064424121
45.4601444793,8.6520723165
45.7278403003,7.55483717501
45.5227388251,8.1488806881
45.4857538933,8.89963344322
45.1933636881,7.92034570295
45.8686440132,5.93863733086
44.8464646667,7.95367117923
45.8606939971,5.34398803722
45.874430129,9.88511428011
45.0568268271,7.64635191073
45.1635400078,5.75345650204
45.5382436408,6.54931413146
44.9156084402,6.07155430681
45.9858969872,9.63938044298
45.8568982038,7.53679676972
45.6288215594,5.92639652908
44.8257153727,9.86740770214
45.9431216158,5.26587645365
45.0094749254,5.31334575962
45.8763600152,7.95382003922
45.4929799979,8.99796366491
45.4378143201,8.11238124619
45.4024959298,5.91600008198
45.5507301403,8.25317195042
45.6485824264,9.8045893232
44.9551542403,9.01440086701
45.3646286568,5.32903519899
45.522009732,5.9639334169
44.8823321676,6.15410639945
45.0628475676,7.74300896115
44.815589726,6.07616351438
45.5296567815,7.97334267827
45.0536953057,9.34946468069
44.8893057938,7.78205898271
44.9131487122,5.83262855413
45.7507830667,5.35535180561
45.8046178272,6.70805846452
46.0513713678,7.14143530088
46.0323040352,6.07622249137
45.7901335972,7.36238919825
45.7874246242,8.59203765628
45.6377071546,7.26091863852
44.8928322862,7.23249269345
46.0273389967,9.97861157613
45.7121500232,5.98530232683
44.8846305806,8.92930212735
45.3238537556,7.09218903168
45.7190586335,7.82286953916
44.9954803725,8.90902056581
45.9983344391,8.99299474967
45.1376427961,8.29418729205
45.7092532917,6.5367155425
44.9773648086,8.2732019008
45.8274951995,5.6767938411
44.9667643935,8.73630844635
44.8047031802,6.89811071074
45.0806348986,5.68474907729
45.3025383129,5.42850419896
44.9592766821,5.55413040066
45.1066364058,9.82429330598
45.9412585458,7.29901887156
45.3187875424,8.56235692696
45.0772141434,7.91600051247
44.7879204938,6.7683157649
45.5447777913,7.60695554082
45.2109622039,7.73260008383
45.5488381913,5.73756377332
45.9044083501,9.37773559787
45.8017887616,7.71723145503
45.6052410011,7.90934509375
44.7653112282,6.96846724257
46.0887711563,8.82846040816
45.1531140273,5.05980505345
44.8762449609,5.50689520803
45.2232324586,8.57258549578
45.210885533,8.75065060393
46.0811461019,7.02869597503
45.7283803017,8.07573606702
44.850167572,8.46740008223
45.3911250419,7.53631280001
45.1527681449,9.26925578264
44.9860763118,6.78911201978
45.0032054943,9.48093638053
45.6643664868,5.05062913042
45.1263724443,7.46032790801
45.0484266285,5.53227804629
44.8606328633,5.79440093156
45.4462831594,5.78930814986
45.196116778,5.91703892253
44.7998004992,5.86484353553
45.0796959863,5.42465315959
45.1902085287,5.63883024782
45.815857475,5.88941042427
45.4228957411,7.45905219715
45.5794629453,8.08303692486
45.7932129609,9.85622155362
46.0338966816,7.82971760894
45.494012216,8.74403181055
45.5067037181,6.36518132372
45.830877171,6.90147914818
44.8475397776,6.22219387514
45.6368003274,5.4128542117
45.7082972685,8.59905350908
45.2307121464,8.23877868338
44.7247949822,6.49435842334
45.5262939315,5.45066829058
45.4876422986,5.54485271755
44.7038336558,6.75679137791
45.8452994967,7.02998522139
45.6300242393,7.01167917644
44.94399153,6.67760964186
45.0699641868,6.51676625168
45.5083791806,8.06395169864
44.9605819525,6.33233983391
45.5697605721,7.71379823198
45.3869173141,8.46181180671
45.4046485423,8.55663858214
45.3937195833,6.8883869057
45.2254650978,7.65493544311
44.9295392518,8.38506502116
46.0713197181,5.35036734014
45.9825567589,9.72854368577
45.2811368357,8.79065622929
46.0088585674,6.96536145131
45.3619223631,7.02752742149
46.0004816233,6.81358930013
45.3897887469,9.08868608979
45.3857134627,9.40426585888
45.4306312258,6.36264326367
45.5860878348,5.82305880329
45.5965483568,8.15746709399
45.9977897145,7.37575912353
45.0500103594,6.35023956384
45.6515002637,8.11265095508
45.3449798169,7.23941061305
45.1789666647,6.13726041393
45.772167324,6.51564048321
45.0957135185,7.39247966587
45.037002653,9.4031384387
45.3477890333,8.87543683334
45.1514667857,5.85056343496
45.6760726688,5.61031849729
45.7241958818,9.48246179929
45.6001139306,6.85115105876
45.2515013492,5.51549911181
45.6282300764,9.56832666493
45.2617730474,9.61839457579
45.9130152571,6.44498994813
45.9605607124,6.71092811992
45.1163574353,6.05924993577
45.1060094416,8.06250742941
45.0879003849,5.81167577819
45.8481106068,6.62131365293
45.1841045875,7.49847278614
45.9740309887,7.1824635221
44.7693350638,6.45816802971
44.8012889013,6.5482285783
45.8374176225,6.32692966206
45.3068930521,6.94351660994
45.7743320118,8.21602405386
45.7701437257,6.26656125042
45.7539766709,9.3247581025
45.5060318779,5.78691684798
45.3792792767,5.70860420131
45.5898136512,8.87512751141
45.8910475316,7.15285945191
45.1920181433,7.06273006032
46.0062177382,7.51192577153
45.2879800857,8.29709003035
45.0725783654,9.20674563885
45.5001364475,6.08621342134
45.3237708176,8.16732341327
45.1641129922,9.56472816195
44.7928775624,7.67366684667
45.4258156205,9.48160408222
45.1651532792,9.67591095289
44.8785297146,7.09646531931
45.1455267735,8.44663155764
45.0133821932,5.85750417111
46.0887933342,5.67713374864
45.8288962401,5.78197793579
45.6208971345,5.64859039168
46.0255554565,5.84042348282
45.7004719187,9.61734952392
45.6769646035,6.25244567066
45.6431500596,5.13914506185
45.4616343435,5.16794065411
45.1563892208,7.13026668412
45.8051581137,9.41902958617
44.8591886195,9.61526973568
44.7232341263,6.01720247022
45.2685471784,7.98625156138
44.9551663709,5.75128959958
45.7213778408,9.7236471335
45.2126922639,9.48363045523
45.1144909254,5.20340469918
45.5754757137,7.43287458915
45.3325687728,5.98740619963
46.0714712574,9.6837344124
45.1872970475,8.10751510446
46.0989701768,9.04548668829
45.3381373824,7.4312725637
45.9787230709,7.70933251686
45.1847711696,5.25010456312
45.7457621475,8.93705951925
44.9339072617,7.99060726477
44.8584066468,8.25462574831
45.6714973692,9.29503457867
45.8050327489,7.9464792796
44.7456025243,7.34150047074
45.5533183367,6.30048470773
45.2753564466,5.73205846687
44.9974284832,5.47610472062
44.8923799422,8.06859281792
47.2485202106,6.00972170131
46.5244708099,9.63794895801
46.0793363229,8.66603755168
46.3286037046,9.26610310156
46.2835641141,6.01181118107
46.0745592422,9.91319273895
47.2227001907,6.85225759531
46.3256395499,8.06045642385
46.8659097253,6.16511235441
46.4550700201,9.72113907405
46.3938044247,5.06446538576
46.9650071049,6.26266964188
46.4162931788,6.19504658512
46.2017246243,5.5033224097
46.5456491651,7.64598344003
46.6323654051,9.58111010039
47.1492813933,5.33222314226
47.1497202663,8.77820360963
46.4978972331,5.57738418014
46.634220086,5.9313507395
46.718344148,5.95838980625
46.1872294589,6.32493656849
47.1230994559,6.26792665344
46.6768937371,7.52356674702
47.3290300883,5.33334133174
47.3750122265,6.92319017329
46.2264936646,7.11887759396
47.0566336429,5.1523861308
46.2232126847,5.23256677162
46.2508623662,5.31891623333
46.8870056018,9.70635300991
46.9783371026,6.44734848307
46.5912157058,7.81072837901
47.0059075421,7.53768637053
46.6857331281,6.60888407746
47.300335056,9.76678358239
46.4109635106,9.19044819072
46.249762056,9.69418934862
47.4031646767,6.7241238626
47.1855216413,5.64040680036
46.6543316379,7.97223748518
47.0042824408,5.71876323358
47.0224635302,9.26643453371
46.2775341894,7.72645428184
46.5046607285,7.83779357783
46.3513141271,9.57495536656
46.7695776059,7.54355980209
46.6134032226,6.79934481846
46.4889983891,7.26554122668
46.3887817867,5.79114065854
47.4246148823,8.01002223656
46.815637228,6.47317625578
47.2092485111,8.52041792426
46.9662158097,5.89838230406
46.7514052257,9.90058537771
47.0983437454,5.84490820681
47.385365852,7.86255712469
47.2103111554,9.52420032301
46.1757040684,8.70633443793
47.3361974596,8.82765012598
46.8476481003,6.26326935024
47.2500157386,7.63457711724
46.5268147459,8.07751730411
46.1038219807,5.81337149538
47.0209239338,7.79522627328
47.075848236,5.24305188793
46.3823087051,5.89084170489
46.6147673943,6.11097033722
46.8080966195,8.95641211074
47.1405217066,6.67275402114
46.4859711525,5.8147074227
47.1837825517,8.43881051303
46.6901026315,8.59593190189
46.4407626752,8.32292875053
46.8163358883,6.94304203181
46.5342037433,5.72293947402
47.4774919496,7.27196332963
46.6841743439,5.84394856114
46.1528624765,8.9060044831
46.2502756611,8.94744247068
46.2893597673,9.57681814283
46.5849526844,8.56448210968
46.8978476449,8.56352156095
46.665756309,8.24397178723
47.1105973371,5.64419182863
46.8084030264,9.25445093424
47.0304304967,7.08105821064
46.8293831113,7.62672794576
46.4274380617,7.34569653858
46.8999652642,9.9666776934
47.3228544101,7.48404596871
47.1394968968,6.03439348961
46.4173279454,8.64004593391
47.4328475,7.18958837818
46.3360611034,5.96842660477
47.243692989,5.69793941747
46.4455824974,8.74749374431
46.4435638026,8.45116429832
47.1124704943,9.54233497639
46.8289153596,6.84221598377
46.89652426,5.89832150806
47.0834729185,9.89371189046
47.3145380326,9.42782149337
47.1442098702,5.1419423484
46.9887844751,7.20157809303
47.2387700303,5.06123692514
46.1734802892,8.5187973493
46.9103124043,5.27691692513
46.3017470677,5.56750013533
46.6439860718,8.15636216059
47.1049011568,9.69146040629
47.3782375072,8.09010852727
47.2515362957,7.44319672312
46.4751888576,8.25115545119
47.0652768242,9.61764518993
46.3937009691,6.29611702681
46.1111512508,5.45097167894
46.8422678716,6.62248056858
46.5241568908,8.66029788278
47.3325335348,9.24219684019
47.2320786241,8.15081814797
47.0025472473,6.03988892371
47.2413199376,8.08269895641
46.7675633281,9.14388812144
46.8969965192,7.40623849974
46.5778209617,5.8750088884
47.3183920179,9.68066340999
46.8109603473,8.69074983919
46.3974963073,7.89100179402
47.0247947027,5.43449660996
46.1397509382,8.39802583796
46.7821071996,6.57734535658
47.2375922327,8.95116737302
46.315775673,6.95638793306
47.4943102085,5.06434996046
47.1342807933,8.09354429068
46.2498718842,9.33096797255
46.9166951456,6.49406565391
46.657108776,5.60416753148
46.7041216423,6.14470377827
46.8467891013,7.11765823903
47.1349871983,9.62996479506
46.1750923684,9.36474941239
46.1609445704,8.99414147712
46.7156582886,5.21863193939
47.0797352926,6.1367524313
47.0740351929,5.59085900956
46.1931815172,6.02883619881
46.6615915851,8.48380990848
47.1902765891,8.86016226754
46.7657456666,6.66364204709
47.2696323919,6.54733147956
46.5297454311,8.02185465782
47.449524116,6.83333694369
47.0800171404,7.49578555798
46.4949334532,9.18305228845
46.4850993572,9.55822125259
46.5813417615,5.79835150486
47.1671726408,5.92756325221
46.852490796,9.01261001522
46.1931277956,9.12061410942
47.2912973513,9.87084311437
47.3238007789,5.6539896314
47.3342417137,7.234956877
46.2571342942,7.63192428847
46.4790965372,6.54758451291
46.7219782388,9.23393630831
46.8367072017,5.45681532421
47.1531926678,9.14148567034
46.8827663759,5.37641200807
47.4273521272,5.67728571596
46.9165271532,5.05873171037
46.0580335863,6.5406489146
46.7591182623,8.50461044415
46.7860785941,9.76505479289
47.2510138577,5.28274509922
46.6820214491,9.62113922829
46.4231550331,7.81404850006
47.0590695992,8.76614720821
46.3064838891,8.17445351834
47.420265527,6.03795765001
47.2725136751,8.81256295225
46.9879786671,7.37142195016
46.584874801,8.1846392511
47.1638603502,6.93943101963
47.3130691226,7.81277861623
46.2691006008,9.87366184166
46.3569364945,8.47812699921
47.105029761,7.75617710106
46.3747847641,7.50291821886
46.5716602236,5.66208412282
46.5435443934,6.47006435223
46.7755120892,5.88904939341
46.5715028903,6.58559377521
46.2383739948,9.79396302458
47.2749494783,9.50939972919
46.5327958143,5.50561924669
47.0774798525,7.39228808175
46.3627421238,7.63179757463
46.5421184256,7.08732404916
46.6203952036,9.36398933956
47.358367944,7.01731533644
46.7371964645,8.74295704346
46.2929050343,5.04910925335
46.3135011606,6.56281700942
46.2279919495,5.11061984105
46.5654163751,5.42656450297
47.2113867144,9.06026087721
46.2616339286,5.41782884755
46.9219653962,5.95766307966
46.0601758047,8.08736490911
47.2433783227,9.69156663225
47.0597731353,6.47246516413
47.2701450059,5.39883853134
46.3235097582,9.63262959447
46.4396331629,6.60380234037
47.1689381747,7.78564118414
46.4629114554,7.05329310548
47.4569624889,7.57963646313
46.930375208,5.84500784877
46.9276381565,6.34368497423
46.0610487976,7.92844939405
46.3214079167,8.26264277216
46.6633389754,9.26838870341
46.4459707607,7.65439118281
46.1233392769,7.19857667937
46.6508120466,6.50610975586
46.8918545744,9.17351613431
47.2032465238,9.19401325232
46.7298040956,9.43389080834
46.9435147244,8.71267278907
46.4295464344,9.10172648259
46.1501706173,8.09440441682
46.5447459458,6.8786917458
46.2788262557,6.86201611942
46.5945911716,5.32340274836
47.4318151667,7.08022684791
46.5052423647,5.65631314808
47.27651825,9.60242365636
47.0409097094,7.69281103739
47.3499256816,6.51323963273
47.1982732097,6.45631895744
46.1276702733,9.97710940275
46.936027378,7.97405105098
46.4610207966,6.82933140521
46.637211471,6.00573670255
47.3248236664,7.39452881839
46.6412282285,5.49245196761
47.2685867626,8.44003567541
46.5779686757,6.34164700237
46.2778269676,7.94763303408
46.0870221386,6.01832884785
47.554069202,7.2058929313
46.709435745,7.6280939438
47.324932749,6.82555491833
46.7371900981,6.51184951554
46.2794531135,7.20076973602
47.3155386669,7.31649903385
46.3286033851,9.80979631309
47.34644205,7.58176408276
46.7739122322,5.63469608662
47.2519126738,7.19883270624
47.2322726069,7.76422779436
46.9505777451,7.61438894603
46.2703640994,6.10433920945
47.1494015284,8.0172890757
46.8750850346,7.22091032124
46.1466382168,7.11302948824
47.1047982989,7.18206283543
46.528726388,9.32833461456
46.8189471444,7.93012570078
46.2260246435,8.12070558017
46.8567211652,6.55032712994
46.1237091846,6.24761557881
46.8595236353,8.7541236579
46.1523846032,8.2035637896
47.0581317838,6.55562139654
46.8742177411,7.75771630908
47.1718331069,7.70297499059
47.1515026762,9.27213877325
46.0321603552,8.20744739653
46.2006367679,5.83506808049
46.3093845335,5.6859946351
46.902049196,8.80316648418
47.3587799993,5.41323473771
46.168362091,5.39278001043
46.1948798876,5.73452915976
46.9227784589,6.60592989537
46.7475097211,8.82095008076
47.2816747568,7.71570066887
46.2073474053,6.61540700005
46.6002384393,5.05808043559
46.2145337501,6.25860722551
46.8735402456,9.79430382437
46.3872180536,7.25903744221
47.253928348,8.65484440168
46.9005785127,6.68959644271
47.2541056447,5.18447529071
46.467289624,5.46076719155
47.136426225,8.58060724105
47.3364514599,9.32239462853
46.6679664779,8.06185897159
46.7944495105,8.05684284994
46.7835328223,7.05885043009
47.0451757568,6.90239283915
46.2837837691,7.32009835602
47.1201943623,6.37116737375
47.0962106318,5.41387821532
46.8782157605,8.6372709122
46.9724286411,8.2933308929
46.6289046915,9.91100321085
47.2819477498,5.89245554541
46.7857063289,7.43884835861
46.4835086477,8.39058147949
47.1839552077,9.5861001234
46.8873839158,9.59753696323
46.3692377111,6.85125798868
47.3890316705,6.23464404228
46.7178569216,6.83125770281
46.3295371334,8.78866832523
47.0452564336,6.30776610251
46.6290724943,6.41151607775
46.5580138399,8.26798010614
46.4046559519,5.5996148862
46.7242716099,7.97732112406
47.3469390826,5.74116851453
46.1214444445,9.39915048195
46.4940455092,5.04854735858
46.3889219913,8.84517313309
47.295613859,9.00743908126
46.8024840396,6.08703635124
47.2628468214,6.65782307987
46.3672232875,6.62144642791
46.1367429615,6.47230619547
46.4690666596,7.16156429513
46.559617364,7.54170131204
46.3397432872,8.91488458012
47.3462842764,7.93320911085
46.92968115,6.41058408682
46.21552164,9.94648680602
46.6030680151,9.64796128801
47.2269462141,7.34657026063
46.7036715565,6.05235121213
46.6290970567,7.72618944359
46.2483227822,6.56344346861
46.7208158437,6.43031601697
47.2920370493,9.15494201113
46.4244797657,9.62402121862
47.0930016894,5.54036708678
47.0396770944,8.21571840626
47.1536157266,9.4164519742
46.3473545122,8.71984507014
47.3982359693,7.39953584204
46.7873846741,6.75161515549
47.112814783,9.82623159432
46.2611222902,5.17674840672
47.1644813898,7.43668107177
46.0807539398,6.10070297322
46.0585101204,6.43661301279
46.7295544364,8.6762236798
46.2033015929,5.61838859585
46.4441017808,9.89684633381
47.1902340248,9.65134680861
46.4993085471,9.00891678539
46.7683293882,6.34268417256
47.1358754049,5.4884950432
46.5882888626,9.04443795418
47.0773072378,9.35660918293
46.066380342,7.7602675636
47.3576524155,6.08505479929
46.4304590809,5.52193033906
47.3810604241,5.04983870592
46.8024454292,7.81205165367
46.8896664829,6.10622317933
46.139737694,7.7885113204
46.8731627754,7.50837037419
46.5662938023,5.60217568204
46.1907737817,7.52337532544
46.280385207,6.78948822174
46.6463438278,7.17818261076
46.9184857449,9.04252739045
46.4688616408,5.14024120384
46.9780301912,7.00060001083
47.1752070668,9.75768893999
46.826558346,9.87240151249
46.2094174799,6.42272256851
46.9742242413,8.05973798555
46.1459307039,7.61705652701
46.3452954982,6.05267439011
46.9784030336,5.95875384874
47.1770316203,7.24708696362
47.2273925939,5.34914481297
47.1176622699,9.95221644706
47.225278303,6.75287489542
46.2782423699,9.06791400304
47.2885997288,8.51354031754
46.5473149701,8.46033877391
46.7572860834,5.04065646987
46.8296066337,5.03216154382
47.1416024448,7.93982571765
46.248077634,8.65440629861
47.0204603283,9.69319362948
47.3824408919,9.03150739623
46.9022564539,8.07356138827
46.2886506759,6.3481064868
46.9372987039,5.68136312659
46.621102159,6.21999754959
46.8311874623,9.36583488082
47.0219461739,9.54092807457
46.7319962453,6.92286982475
46.8692277459,5.62729939087
47.0823911489,7.01494001405
47.0402478654,8.12407493595
46.3276549369,5.13591673952
47.0509813603,5.76806186405
46.3358541167,5.33800052544
46.4628335485,7.76301495684
46.5427798026,8.36382109262
46.8972084404,9.27429597376
47.1404434715,5.03947031528
46.7149750901,8.9628552158
46.6256173286,7.64506833901
47.1924244852,7.11765260668
46.7656469745,7.16932749308
46.771835971,5.18491303434
47.0283019643,6.63177050486
47.3144538084,6.43058063638
46.3105916843,7.07757728835
46.1245601252,6.64409026139
47.0387180971,8.67493543692
46.3889893131,8.13936168663
46.656036203,5.40125289751
46.985565324,9.08552680973
46.4421344599,7.41537589969
46.7327668062,7.73382311899
47.2297883208,9.35516323418
47.2094958982,8.34308108982
46.8223374971,8.35424540191
46.6414411986,6.93558590414
46.9720521494,9.78049333216
46.505416012,6.26489099791
46.5131203551,9.47977596698
47.3239989617,5.24581670288
46.998137922,5.82900875303
46.6243504628,5.21340857739
46.388777361,6.52180373855
47.2287710776,6.35816017378
46.8563541428,6.38129006223
46.1892166668,6.82123695101
46.6797697758,9.70843376785
46.4941611176,5.94106527322
46.6566260028,9.17692662611
46.3328575307,8.37142377959
46.8939087024,7.31837268135
46.4924481541,7.71116089835
47.0482999821,9.82931243357
46.2104866974,5.03458389926
47.12672428,8.96165359608
46.7203361922,9.84173049835
46.2804092489,6.62878487577
46.2378787903,9.23077334758
46.5132187288,6.14238639296
47.3242232308,8.64402395859
46.444557177,8.05374138514
46.4557396447,6.47601104076
47.2268533966,6.24605534126
46.5407629848,7.75443832505
46.8790101446,7.01964690675
46.5909006044,8.00056598756
46.7331466889,6.24493959865
46.9552129391,9.47305083871
46.9666444661,7.28405875309
46.2798526619,7.81961659623
47.3616097067,5.81531268426
46.9601667516,8.61177824791
46.3446479555,7.4222987434
46.5978625779,7.90580963046
46.6420971867,9.80665476904
46.8433193435,5.81760625005
47.1465013768,6.20178321413
46.6696804078,6.32687185092
46.2301633296,7.41907985043
47.0162307881,5.63224725511
47.3192251203,7.11985109896
46.9508522522,9.55039894506
46.3801688638,7.97953286706
46.2255673872,9.01703702918
46.7356311551,8.16251489461
46.6960965842,7.44707031456
46.8354429604,6.6868271011
46.3957953224,7.08387539001
46.2212833568,8.30610354133
47.202513098,6.12669812145
46.6760977432,9.06472273654
47.0834853405,9.07813212402
46.0886923221,7.83322287241
46.7458482356,8.88555682873
47.2602652812,9.95264685222
46.4762132786,9.3890454371
47.1641793165,9.48630825113
46.9124524162,9.84860570409
46.1887104387,7.17720123197
47.1764404922,5.24157502111
46.5158067774,6.38276063139
46.9918114283,9.88980766807
47.2827755709,6.9159133177
47.3137048052,5.54818663572
47.3861073383,6.35635248565
47.4252401995,7.78836082467
47.2537185936,8.23192319309
46.6807490871,8.88170492921
46.3540973642,9.36873706902
46.3330180537,7.55577484358
46.6277024187,7.58800132804
47.3518979437,8.22655902516
47.0612215501,5.6955984849
46.3657164377,5.42771228984
46.5806452856,5.96352316457
46.6883275134,5.12413868038
47.2040659135,8.02743000698
46.7831667872,9.64329669372
46.3297425271,6.71502950242
46.9318629688,6.79049355827
47.1089833147,7.84455727405
46.1688372637,8.60540026776
46.801723138,7.31965369624
47.2613980885,7.26441943902
47.0672686373,9.76358714835
46.1482195694,5.27778503599
46.4411468605,9.28444577329
46.6386552333,5.72642588095
46.9002797799,8.94460304365
46.5542327209,8.77192389363
47.2693629145,5.78459185939
47.0557369322,8.01285026476
46.214127143,6.20091522755
47.1898147692,5.42116223247
46.4946309233,8.16367364563
46.3742073659,5.51907038046
46.2946756314,5.80693495537
46.7622646262,5.41063178157
46.8125214602,5.34075061145
47.0492449653,6.73308841184
47.0334179879,7.14566159426
46.5058544838,7.46404491061
46.8417951306,9.49049154326
46.4041519842,5.99815374775
46.0956122209,8.31375567953
46.6360571612,8.69602079904
46.4262322766,9.81156267606
47.3163238978,8.03129546476
46.2403318927,8.03817555245
46.9425535377,5.57861686968
46.8926302878,7.69255547491
46.6830083916,7.074974746
46.3667982992,7.82326714478
47.3768579163,6.61092823053
46.4488126429,7.54879872006
46.0841477112,8.55944414606
46.369086097,9.88603149228
47.1411860998,6.5519224801
46.3574904648,9.71339691077
46.7773715933,6.17526894759
47.0519062044,6.23453648918
46.1609430976,6.13561404954
47.2247917394,9.45187445615
46.5603060431,9.73731646818
46.9546484828,7.722852549
46.5075454006,5.2426173232
47.0221340194,5.55050843775
46.4741721194,8.55156285618
46.1609920967,6.55466569134
46.4275107524,5.70609851057
46.4133006171,9.44451463508
46.995107191,9.9755280992
46.728122355,9.32118974004
46.7532279998,8.41455660414
46.465472315,6.05138214932
46.1061804078,8.47235465813
46.8572441665,8.26610584138
47.4187290107,9.4071774064
46.3033305989,6.21966306611
46.505025867,8.88192244743
46.747969592,5.51951962751
46.6728871353,8.79159236742
46.9410563655,7.11203120084
47.4941838661,6.61786077418
46.3188747937,9.15339594768
46.3712653417,7.7344238373
47.0462552864,8.58489647721
46.4100607298,6.76572209146
46.3285622947,8.63370804944
46.5986420703,9.11319446531
46.9061823686,8.38453322229
46.5489393051,6.99529505281
47.2259385145,5.51332862804
47.053926553,9.95519345668
46.7772864362,5.11597866582
47.357922246,5.98183683887
47.0042090496,8.98759630067
46.1523332354,8.00317922181
46.4921386727,5.38844817735
46.9398692202,5.46675313049
47.401267084,7.31881108565
46.940043956,8.17445612454
46.1287382598,6.38536672365
47.0127064337,5.34696595991
47.3120778485,6.3147292168
46.3879485533,6.41205940927
47.4033005612,5.49631932396
47.1257388428,6.80566943415
46.9376184387,5.77217036925
46.2395766182,9.53439240065
47.4634458029,5.57981657244
46.8547843521,5.54183763506
46.4061024754,8.22907150364
46.7235597952,9.97726399134
46.5517379476,7.21646339318
47.0910011622,8.30604444336
46.197223596,9.45313467764
46.7126776804,7.26437482027
47.0845588431,9.4550675856
46.4429060686,6.94287122353
47.1659796329,7.02867718634
47.2045722042,6.60752411811
46.9797953353,9.61721145932
47.1917420378,5.82949685813
47.2806942394,6.09035527695
46.4884408493,7.94738906871
47.306856532,5.4678270081
47.0232996052,9.42415252916
46.7255948829,7.90316918841
46.4546247642,6.35854027923
46.4928645601,6.64539911817
46.8643217864,6.74026823472
47.2610085597,9.25583137141
46.2189055185,6.50232768602
46.9830505944,7.46227389184
46.9703871188,6.70536571134
46.0727783964,6.73887415366
46.5273272779,9.10315508352
47.1040227643,8.48959093768
46.5603708827,7.15009809602
47.3103366581,8.14204897432
46.3852804219,7.02557840221
47.1679331672,8.25373231483
47.4196759288,7.47773696718
46.3462411867,5.24350612551
47.1376470511,7.34359987705
47.2341256096,9.81814132983
46.397926002,9.98228127265
46.7519641847,5.74440173235
47.2042487985,8.60704127142
46.1338749229,5.15927450292
46.1684205958,7.87755755184
47.234339031,8.73435975068
46.1746379851,8.79993865057
46.2671599687,5.91926218179
47.3810956953,5.59080332607
46.1992282658,7.77139154635
46.557435179,9.56081930832
46.8036165018,5.25714907809
46.58303819,8.11323584057
46.5174097134,7.35865538923
47.2726546391,8.88261019917
46.7778966773,8.23289329685
47.0228369065,7.90203995984
46.9198006025,6.9046754197
46.4278777072,5.20142167482
47.1734445704,8.18264717303
46.9588238805,6.15137920343
46.6971361633,7.3638050863
46.4091706401,8.94714234503
47.2427001239,7.95703223103
47.3553411846,8.92896635842
46.225344573,8.42953451246
46.6048491605,8.95362425124
46.3546427734,9.06860275627
46.5264012996,6.78589397144
46.8318276243,5.96711710647
46.4259555434,6.1036029574
46.1484423956,7.71059444874
46.6829121007,7.82533726828
46.9561600459,9.35817783021
46.1347025745,9.76130581081
46.5828739065,5.54681584138
47.410117299,5.2885515788
46.2207469846,7.71543418542
46.1273159116,6.9224718482
46.6857429273,5.03147584894
47.1843367053,9.89087986094
46.3614856627,6.12485407998
46.5218671941,9.97321225662
47.3309701385,8.3257811093
46.2215196817,9.60214940259
46.6226964726,9.48653102749
47.2118742472,7.856449466
46.4147348554,7.4715292111
46.1196866417,5.58993670919
46.2731885514,9.40737640049
46.4776444793,6.72282114255
46.3693219806,7.15485511306
46.2990778342,6.46611114105
47.2789823726,8.58254477451
47.3685729109,7.69240277925
47.126201138,8.39202879673
46.0324405284,5.9223525713
46.2690286724,8.85467465525
46.4195506935,9.52408439901
46.6089052764,8.8524569002
47.1457838435,5.73587604555
46.7112505998,5.3131543528
46.4289614206,5.32973937375
47.1031709366,8.1739720699
46.8357155739,8.15591814589
47.2127085143,7.53092122867
46.2184698588,6.70606071753
47.059261582,5.4863466863
47.0193620889,6.80629547079
46.8057997752,9.95469915499
46.8472154482,8.4790843164
47.3127574737,6.72954588243
46.1447536562,9.55290442192
46.5719441416,6.70204845
47.2546206265,7.01400490475
46.6107314606,7.29271032667
46.415874414,6.68506327441
47.0001079414,6.3768691929
46.978862185,5.17920730483
46.9847796154,8.86218562129
47.3226401135,5.11853378676
47.3781279249,5.89646774204
47.3014121511,6.16333464863
46.6059908551,7.0600184158
46.8620446409,5.16485694426
47.2533258642,5.60291918479
46.3742282125,8.56272897182
46.1509337858,9.65262102639
46.2930865105,5.48191711417
46.4679652789,6.42019030803
46.2911409473,9.9596955989
46.9738690981,8.50865458295
46.1220484642,7.36909952206
46.8160338151,7.71914860453
46.685254582,6.72166409072
46.5266002861,9.85243403778
46.2812672876,7.49636775103
46.7170803356,9.54832369439
46.150679381,5.92252041407
46.5550271083,5.14481488833
47.0566721807,5.94092749935
46.2608146471,8.74190898168
46.9519483921,9.23972825907
46.7490808476,8.30624841354
46.7789531239,9.03431294347
46.8498059054,9.08189094708
46.0940109369,7.51449029544
46.9920442074,6.54268840252
47.1177441543,7.60493530898
46.8029867192,8.58431379353
47.093021604,8.85733882961
46.1839153129,7.26629963663
46.9026081826,6.04003060717
47.0974400922,7.1008838929
47.1391805109,8.68015962572
47.0732724839,7.28374806841
46.5763296752,9.2512661562
47.085030752,9.19062715687
46.511844782,5.33218642162
47.1526687247,5.57083863203
46.2692114818,8.54386124832
46.3197927868,9.48551747201
47.0193204177,8.40394255053
46.996672886,9.1656200243
47.4028719612,5.18300737262
46.5697641148,9.16817977236
46.6066051636,7.4366399945
46.5521331015,6.03811669541
47.0395718819,5.06444878747
46.846383642,5.70880371064
46.7988449341,8.77480846425
46.7143579235,6.99542452725
46.9188903135,7.84761647875
46.6456582888,8.35989905632
46.2026327465,7.01959264572
46.8298735556,8.86128523942
46.3199380821,8.99517855015
46.182254054,9.2873531732
47.4951660147,7.38823105087
46.3965791559,5.15660681857
47.7118978447,7.39541436989
48.2486522909,5.21212514062
48.5738627214,6.70241506997
48.2455491553,5.31021254388
47.4728341098,9.74683609151
48.191336332,5.14287822027
47.6890648628,7.08205739681
48.3710054496,8.31211131546
48.2967346429,6.86292411863
48.7368061571,6.23874335333
48.0091283222,7.89923287094
48.1295004115,9.14784846001
48.2357065839,6.58648061553
47.5077406518,7.11920147119
48.219226921,8.9720487834
48.3220585409,8.59874906399
47.430293173,8.69944318869
47.6796381976,8.77523178628
47.8686547601,9.76964589212
48.2496794267,6.50736644066
47.6732242375,9.68715364452
47.866493765,6.77927689814
47.6995557658,9.25940427755
47.5836840567,5.44173684403
47.8017877101,8.29307350915
48.6919130773,5.77553678051
47.5378709341,9.40595604079
47.9183430059,6.78562429599
47.9666553217,6.00661720405
47.6198827382,7.41027142782
48.60365578,6.11243365615
47.4940211589,6.22293264817
48.0512170559,7.08431277381
47.9775190182,5.04458238602
47.5990221364,6.69238746825
48.5443996727,9.75503567655
47.6766960934,9.34495121573
47.7275796655,6.2679152943
47.8607559267,6.15369060341
48.3481736629,7.80071572904
47.9614034039,7.50536864932
48.1149333521,6.3230669009
48.3108994588,9.45372875569
47.9913304597,5.60391258917
47.804343753,6.46719569784
47.81052681,6.71475956859
47.8538126177,5.37509469739
48.6600709499,9.77684643664
47.934140714,8.10350227687
47.4766950149,8.74571166332
48.6054718955,8.79767879926
48.6088476932,5.59553730507
48.0544131801,6.84902881515
47.7793938381,8.97077987578
47.8561344601,5.46546725312
48.3853030376,8.66832499779
48.1099565085,8.68337676357
47.72359782,6.64816211423
48.3395657279,6.13306123859
48.2229428041,7.25423402357
47.398695431,8.63501999807
47.5682092528,6.16035950881
47.6920674665,7.31126318365
47.5859573946,7.08109850413
48.5099785272,9.85736010663
48.7814904193,5.60728564953
47.6795607867,7.22246388868
48.2070421786,6.00260307284
48.3088627133,6.29517120628
47.671083396,6.18954330608
48.4115120271,8.75944263647
47.5054052999,5.99660239524
48.0594103794,5.70567961321
47.836418176,6.36651766956
48.5323367145,8.3750773998
47.9390041123,9.73155087603
47.7976890335,9.06081592909
48.5130641613,9.19515665604
47.8548164952,5.2394593951
47.6489458849,9.99015041688
47.9087698457,6.98201671021
47.703321873,9.08053218948
48.5000077597,9.37710539799
47.7510808495,7.45808434015
48.6179107687,7.09773469492
47.662690236,5.30025060473
47.5812019591,9.12432527943
47.4763858659,9.51374713158
48.1541691043,6.55228889459
48.2153389536,8.77022256891
48.5000224628,8.01075383872
48.1105136854,7.87550685011
48.4033530723,7.46062692286
48.1838884627,6.23562347588
48.2375923083,5.64975168377
47.8811325038,7.40050618537
48.3492102834,9.16727339671
48.6601736746,5.34824222638
48.2512524809,8.67438892299
47.9757477564,7.13374077429
47.9393426647,9.51115111699
47.8764288664,8.46575336307
48.5634517074,7.8631311073
47.8094335747,6.61626810966
47.962849735,7.63335847102
47.6224138131,8.91213092777
48.1231367545,6.75009513026
47.7311749823,8.11413574012
47.785793634,7.99337322374
48.5532509274,8.58195681392
47.5430829113,9.86986709996
48.0634418479,5.32296452839
48.030036976,9.56053318883
47.8553042825,6.53615156702
48.3491732034,6.98031761
48.0124613509,5.95104272485
48.4414115129,5.38919675114
48.2940239578,9.35180183256
47.7550637935,5.1603633209
47.8497349309,7.48085833212
48.0456603238,8.52600107966
48.1565490727,8.4339222214
48.6325650148,7.0224134152
48.0291045098,6.45686248883
48.531818664,7.68103713184
47.5675064078,8.97288327308
48.1317291569,8.73165347643
47.7077151763,5.50674402992
48.1034153717,7.49589973041
48.1752300886,8.6729300375
48.6506641796,8.4210747215
47.6673190741,8.17527743367
47.9348635264,8.71697623639
48.4665806657,6.69599047022
48.4062513048,7.98864345166
47.8482150753,5.78835953214
48.5130476317,9.46307594534
47.9322519774,9.40895782129
47.5804573832,5.90238164794
48.0097610428,6.1082142544
48.3015395524,9.11204329944
48.3906589691,9.0892065823
47.8435226417,8.37797325877
47.5335428977,8.40469604569
48.0868050175,8.04504062444
47.9655355006,6.52416181704
48.4524493521,7.67148325475
47.7237509266,6.98219130625
47.6003118814,8.83197573059
48.3027455864,7.4324234676
48.0050347713,7.23957554362
47.8221882733,5.58889391086
47.3710219606,8.43129405778
47.7317902571,7.71634070935
48.2803210088,7.33545043477
47.4588153705,8.36642788446
48.6519977441,9.4618538277
48.2215212808,6.77395869052
48.4029771134,9.16131208914
48.3703586946,8.98851912608
47.5383881427,8.7415562416
47.9207673343,7.86686412863
47.7549517513,8.20104852743
48.3661099187,5.46051414956
48.6020362647,5.78012113962
47.5434076384,5.40544273916
47.4696083351,7.89827280034
48.1435414056,9.94871982864
47.9779583863,6.38846194414
48.409971568,7.57928537731
48.2136351736,9.46872627522
47.8319498321,8.68842614509
48.104543675,8.90504804463
48.1466303378,6.65142485044
48.118769711,5.91938082937
48.1509044814,9.71777303574
47.3757125826,9.93217326122
48.5672014226,8.47376500173
48.5032794217,7.0396645558
47.9025510161,5.61921651828
48.2626112452,9.03395605222
47.652044291,5.86397307308
47.7244776806,9.95825766656
47.9381418707,9.62770883202
47.8241889459,6.26143338117
48.5380776676,5.44412235217
48.5179827853,6.08813028809
48.3212545669,8.91152310752
48.4514435612,6.25740550743
47.5026806216,6.93176792752
47.5078640948,8.09079368197
47.7784764327,9.62948114101
48.2651041209,7.79390155793
47.8978384587,6.20702232724
48.4112114694,8.10793700393
47.5855085281,6.88498049311
48.4424778048,8.224060853
48.5876992033,6.02204266352
47.8188046105,8.09994541336
47.499877762,6.71608033178
48.5285770735,5.62431299177
48.4311970085,5.15121063683
47.9133019252,6.63131181987
48.6891002957,5.55192675048
48.0201480498,8.30317514691
48.0000955231,6.73209947628
47.4622215768,9.65023841668
48.7500940442,6.09315465378
47.7744604234,5.36533937449
47.3451952481,8.73872371954
48.4640021907,5.71899054389
48.5743463674,9.53809234193
48.324472108,5.97188448887
47.5961210316,8.27264648205
48.0963258213,5.06574864845
48.7211728429,6.8864590107
47.388682021,9.19642628026
48.252371503,5.39211335335
47.7976382216,5.9980547023
48.7659000105,9.52717475279
47.8577337986,9.55952409869
48.1924851982,7.16740845651
47.7591114382,5.45047187559
48.0729731513,7.77332256801
47.7187700725,8.48218539474
48.0542112225,5.5213269616
48.1643307777,5.73978707272
47.8936889359,6.44365320414
47.5101173157,5.1885699697
47.4218182301,5.84784102073
48.5693525126,9.64055944098
48.3165176159,7.20548122187
48.1015307813,8.25177137832
47.7601085538,9.43835130361
48.4475429033,9.03243397396
48.431741115,6.4363847148
47.6331739337,8.01895765556
47.6383705425,6.46730102356
48.5046985225,6.89610551906
47.9929522464,5.22825023819
48.1369533373,9.02542722349
47.6611414645,8.09194706689
48.6336898692,9.098713823
48.5065958517,7.43752748224
48.0063219796,7.98699371417
48.3191361834,8.40429830495
48.2383070058,5.89513068495
47.7465172492,6.54298543872
47.5208061399,8.8885949851
48.0543715977,8.97803787015
48.1665277149,8.51485966952
48.0211362882,7.41697239126
47.4385677046,8.09178596023
48.5655060709,7.60976658366
47.9014729769,6.72917889401
48.7169285871,5.86817461621
48.0341838213,9.64052425999
47.3798653243,9.11181269213
47.4665404524,5.24638853493
48.5847960595,8.66659698227
48.470253683,7.52067259929
47.7679855133,9.86159887684
47.8168811316,6.98474061303
47.543400752,7.79649384996
48.4020483547,9.37001787299
48.1923097516,7.8020102562
47.4935772921,9.82050858895
47.4789786027,6.32181932335
48.5088936042,6.49721457388
47.6163394266,5.52193335542
48.7063084349,6.7882649642
47.6634941219,7.55919829052
48.6508961901,5.9396963103
47.9046262181,6.89555096481
47.5232052808,8.1927802314
47.763364507,7.25450058318
48.3840074728,6.78093067326
48.7419585846,7.26828455141
47.822879343,6.0848625293
47.4332865029,6.50347699581
48.4701379877,9.13436077326
48.6038446725,6.54298098639
47.6438167277,6.94919849621
47.9730526012,5.49143284064
47.9070065844,6.36314656667
47.9309572222,7.42669929334
48.8077915207,7.43309183717
48.7489540232,5.05310943851
47.5207276128,7.49852221514
47.595512787,5.60892311701
47.8640721798,7.25375188198
48.7072429307,5.66659606269
47.5338793332,9.30076341664
47.4402610152,8.57601566327
48.6629923533,5.44205138256
47.8590274274,7.81725391545
48.1372293688,9.27366085578
47.9388840591,8.00388363504
48.2951667242,8.07457280378
48.1256616603,7.26594239639
48.4014032627,5.06147552879
48.6445954184,6.85710742555
48.3034342841,7.96883422656
48.6028440008,9.91311008775
48.4054518079,6.06001317752
48.5027338637,9.97362056458
47.8032049431,7.76250711747
48.1741488799,8.34011012777
48.305422348,8.74974201842
47.7470728788,7.1674848943
47.6250357799,7.86571233406
47.7148528136,7.90287205658
47.6023847265,9.30276593012
47.963286423,6.82349415816
47.6889240033,9.53072230652
48.1448024365,5.48005034541
48.5855109388,9.24448404411
48.0699280965,7.64519003392
48.4596483768,5.21039653546
48.1743433811,5.36877389512
48.3250178446,8.18989098085
47.7974511619,7.65984581612
47.8387777215,5.31151969278
48.6586366083,9.16863597793
47.8414711721,9.46286442534
48.5471612839,5.91161676341
48.4183714544,6.50673617298
47.6045003649,8.21620542712
47.5784975187,6.25344030634
48.6434775653,6.20280199964
47.5477875445,9.96688070333
48.554017046,6.31058735491
48.585379189,6.90172393985
48.0534311188,6.24586751658
47.5626331986,7.90685844131
48.5849223421,6.79607216966
47.401155131,9.82076424729
48.5195171449,9.05459916472
47.9315541762,9.83224376332
47.5766314735,5.70884142433
48.2472475355,6.67911824452
48.6666535066,7.86724344026
48.4310636963,5.6286823447
48.0304484777,5.86848317815
47.4660567078,6.12108922312
47.424538945,5.93506692131
48.3434031913,9.25727165721
47.530993837,9.59245209019
47.620678229,9.35854163314
47.9095472666,7.16839365846
47.9075536904,5.0914797503
47.5962624468,8.14768860121
48.5483752499,8.85300556888
48.72689411,5.28396397524
48.6040036855,7.91883243625
48.0397634846,7.33427248151
47.8451612838,9.96222417928
48.5991796866,5.54215766875
47.7788984833,9.74635009615
48.1343957551,9.61015427671
48.5732230084,9.38981151325
47.9655859252,8.94435374016
47.9279556306,9.19502524343
48.5809303898,8.73154678546
48.539275542,8.08931219111
48.5647037578,8.20138397143
48.3182576592,9.88506597408
48.6618247705,9.58173012042
47.8557705592,8.92204997415
48.0469998948,6.61131301707
47.7650928113,6.3384517044
48.5647270784,9.13518703122
48.5257451759,7.76508272447
48.1079367509,6.95628341164
47.9381998169,9.29634260883
47.7905667398,7.07040957322
48.4140891213,7.03415744935
47.3639357588,9.5221732853
47.657184786,6.28767075162
48.6532515928,8.64067506606
48.0731959588,6.03343309637
47.9090272814,5.84992900338
47.933213264,8.51398797293
48.594039316,9.05348094039
48.2088661979,5.54974324442
47.3880356294,9.71675993402
47.5883304985,9.22092883857
47.560334768,9.66881536353
48.0255778202,9.90106885287
47.7731029436,5.51581293214
48.4354018448,7.75624823675
47.5936599421,9.52290931025
48.4616282617,8.31989406527
47.9475901049,6.28268770545
47.9817187592,8.45226290267
48.5790407162,5.83900651268
48.1751300742,6.85792898102
48.7372815922,6.67474215278
48.094299967,7.16661452132
48.2720390632,7.08677229433
47.6446674016,7.00583400248
48.7348026985,5.9371284559
48.5768974308,8.99793386692
48.7420203283,7.56260029984
47.8725422435,8.02539874649
47.866169876,7.58630178361
48.1510687,6.06158140509
48.5604082755,7.04629238667
48.4691466734,9.68103925754
48.6878389564,6.38505462686
48.1018008917,8.47188680221
47.6974946586,5.60530348029
47.686972352,9.60065425579
47.6172866989,7.70763791899
48.2351583282,8.8878779436
48.2421585655,9.55827578824
48.4535268155,7.0787785265
47.5943628385,5.13220393749
48.0091826371,8.62974250499
47.7774842163,6.16159482407
47.6172048387,9.04840537691
47.7216409058,5.97931298516
47.419579293,9.58053278559
48.0747924371,9.69563918427
47.5971048067,8.35602959314
47.7525637925,9.35909027359
48.1138060443,8.60145692609
47.5225345194,5.29739268748
48.5703785147,7.2410466282
48.4571697661,7.85952773317
48.0273577072,9.20851934437
48.2298651079,9.86546530189
48.4857000625,5.10867629747
48.158438793,6.42901852314
47.9632161526,6.06090572977
48.4300287733,9.78149361727
48.1671068973,8.84814596048
48.5439212556,7.51896828128
47.3699817141,9.62806675988
47.9208669598,7.74934967799
47.8940137536,6.02810490149
48.3729369954,6.20592245581
48.4882327207,6.80401614603
47.5041633815,5.82175276793
48.0869391839,5.18224508821
47.6200251902,9.61279724489
47.5285016938,9.05651175705
47.6494943756,8.49467555171
47.9754277962,8.55446474336
48.146782243,8.16095628691
48.1445689439,7.57940427023
47.7161944852,8.88204071594
47.4409849041,9.30505740723
48.6247412572,5.14514924997
47.4298546982,8.82905916947
47.9804682048,8.37051529629
47.507129878,6.42722387119
47.6713475095,9.4344324476
48.5392214866,6.61575372733
48.3776304028,8.50366612903
48.6418810223,8.56913718055
48.6410039206,5.84925778637
47.6552238378,8.4236884172
47.6461292567,7.15889438739
48.6523955551,7.3165551608
48.2812486618,8.96386958082
48.6868549949,9.94689446781
47.6890027602,9.78722660107
47.5771429952,6.9833022857
48.5334528399,7.13298215693
47.7311856386,6.45227221834
48.2671986633,8.50338863305
48.2089364554,9.77557541362
47.4382174346,8.26184332343
48.215435602,6.11752523945
47.705489374,8.04243019165
48.6094088226,7.43223297141
47.8544154962,9.83541812895
48.6048656824,7.7995040778
47.9212450173,8.39195483851
48.3220228368,8.68956800021
47.7730320847,6.40181707541
48.3668313936,9.68440035081
48.40259827,7.30912208746
47.5869654266,5.23188078171
48.4717365048,5.26743950793
47.6958140464,7.98232575138
47.9592406828,5.8876973157
48.2379078094,9.29312614421
47.764699792,7.55724583867
48.6172656676,8.11942978966
48.0401052782,7.01079098349
47.5238414493,5.64299808646
48.4564522691,6.97400551929
48.7240459126,5.16164751724
48.2922820021,6.76604323569
47.477035402,8.48697706512
48.3616001579,6.38143847423
48.1921511193,7.3229643563
47.9486931509,5.38415810251
48.1180390055,7.37792103679
47.9196598744,8.30286285821
47.6650109147,9.16220960511
48.3372873709,6.70116434814
48.2480094373,9.67711082689
47.5697999059,7.60340505608
48.3011005643,7.53543712424
48.3305836007,5.86726464909
47.5407518546,5.56823538196
48.6456787648,7.64518317824
47.6661343989,5.41859378905
48.0896582943,9.37573397568
47.8714396223,7.03355669764
48.0679831329,8.39008548158
47.6961410958,8.57145702758
48.0242306573,9.43426747594
47.9324029712,5.16356905741
48.0636600642,6.39096575041
48.0054022888,9.69385054968
48.4334681873,7.19482388065
47.5214594687,8.80118480603
47.7674046645,9.52541522863
48.2721804227,6.41294781494
48.5601799879,9.3244231126
48.7770684988,5.7300319728
47.861015201,9.90092724108
47.4545573376,9.94881094515
48.7290493951,9.67651975212
48.2564915283,9.9664609622
47.7945345397,9.94791877192
48.6463220216,7.54516648513
47.8179816718,7.88426160578
47.4751857985,5.9036821368
48.488890931,8.14921602123
48.6827810522,6.12742047867
47.725338106,5.81202131011
47.6302402563,7.25623455214
47.959762031,8.20945553271
47.6077231401,7.51085913715
47.9643228767,6.17766342394
48.1923586826,7.97246215627
48.5199199058,8.77334647943
48.7436202244,6.38045008811
48.3405787105,7.67746487066
48.1988125734,7.53728746648
47.6902270193,5.06217651156
48.767196621,9.39842853862
48.0436427218,8.15658847763
48.0253934112,9.08560791991
47.942348897,9.04909318
47.3650990761,8.53812101349
48.2851876305,6.19668811227
48.1504327389,7.70979398497
47.8074240769,8.86554842409
47.7743962155,5.69569600327
48.4940722313,5.99703912609
47.9199020045,5.28557033449
47.8916263446,8.82631129951
47.665988062,5.19976465559
47.8591985004,9.69214415852
47.8130348372,9.26976337775
48.0389738264,9.30776217806
47.900620862,7.10095684534
48.3945054492,5.26373631634
47.4219968826,5.77620666147
47.6734453893,5.92734505371
48.3479453452,6.47514435378
48.4118350763,9.89437623419
48.1000423404,6.14688190322
48.0056533556,5.13010174667
47.7531601337,5.91158179519
47.9329920586,5.95453086501
47.6847545872,7.78903545588
48.0456891697,8.83204885595
47.9260100899,9.96936019754
47.5979164383,7.31177775942
48.2452323837,7.7287283608
47.53259302,7.30479522109
48.4434791898,9.21949532826
48.7275843956,6.47183814848
48.6935107267,6.57614678022
47.4280852536,6.4138507906
48.4965242155,7.94512956002
48.0234049648,9.77960951281
48.2183606921,6.3367553633
48.3537371777,5.68737653101
48.3002067505,6.06701891799
47.9196754066,6.10999239119
47.4381112569,6.98850417118
48.4544095307,5.52942091478
48.2634987114,7.87617005787
47.6157584179,7.94323030714
48.5876768865,9.83252553699
47.7862510802,8.78154524367
48.3099960154,9.78557928081
47.7978065463,8.5277295386
48.6583820519,9.33712659296
48.6519449339,6.71887833923
48.0007654673,6.94473844146
48.1121825474,9.48286494422
48.2300289707,6.96879543555
48.5497095562,7.92933251344
47.4190235423,8.16381367249
48.4754145297,9.57185933074
48.4583888339,7.38587519594
48.6278405138,6.63031497648
48.4079969496,6.8887703202
48.4287695659,5.90466364308
47.6089033104,5.79775019274
48.6532866457,6.93523550947
48.5331899437,5.32427700969
47.5604083489,6.0810645609
47.944429881,7.34479667508
48.345222675,9.95559496841
48.1540420111,7.06427981299
48.3350211817,5.56821025743
47.8493307097,5.90642673415
47.6957945251,7.63964249723
48.2726654036,8.30196508947
47.8065512721,8.44350110665
48.5062399992,6.40163424221
48.6294960176,8.31186967409
48.495336408,7.58039248463
48.3288254576,6.58471958874
48.0906552361,5.80836730771
48.6104898534,5.6517516027
47.6219652126,6.00436423994
47.6301122977,6.81836793026
47.4989801262,8.64317360654
47.5805971338,8.55875438348
48.5955650442,7.71118645324
48.2080166405,7.43974700506
47.3194699206,9.06859553693
48.5961581857,5.38263278869
47.7791672747,6.81215733793
47.4709868162,9.88783303912
48.0478415776,5.43406253092
48.4933582393,9.29692584263
47.6885839944,6.87759141754
48.1987525767,9.37640974797
47.6814800065,8.98695394369
47.6247380933,6.10502092124
48.4992748184,8.6801126948
48.0499544296,8.74106935955
48.4960368057,8.4441560824
48.5000332862,8.94867818057
47.8819390067,7.95322815232
47.5800848783,9.77664123291
47.8815384751,7.66190816349
47.50625108,9.13191525042
48.3386410094,5.16630216149
48.0159770351,7.71260682637
47.4841819995,7.68939667853
47.7571093052,7.82961981854
48.6967370841,7.40016615896
48.3798232852,7.10945160517
47.6437976801,9.88742824522
48.5456084079,5.52903689426
48.5328838117,7.34124099966
48.117628128,8.80745012486
48.3548722644,9.5714478677
47.7982712473,7.36342230137
47.6911517688,8.28675905817
48.2057529342,8.23626849124
47.5878446225,8.08501554866
47.5103391764,7.05851295175
48.2310574065,8.41883985652
48.0630862482,7.9546355103
48.5605688637,5.7163464672
47.6682682617,5.7130948587
47.5421245486,6.52256822785
48.4433066341,6.15690057263
48.4897501478,7.26012285542
47.5849275275,5.35538964615
48.3575996716,7.90020852181
48.5048040576,5.8180547557
48.12020771,5.60036511835
47.7930752899,6.89857165645
47.7672015951,5.26638445127
48.0323432898,6.32798069635
47.7144492462,6.07165358803
48.2275570243,7.62994669304
48.6244007433,5.24828150183
47.4833083784,9.21255165804
47.9998055602,7.8165356215
48.4036272648,8.88135764232
48.0234435592,8.23557939531
47.979037477,8.84644724744
48.3823330322,6.66048668746
48.6826634496,9.24640871829
48.3033830972,5.2601766453
48.2370902843,9.19572718966
48.3312242844,5.35635659477
47.4644134572,8.97949121262
48.6854373196,6.03943337123
47.4539534386,5.38563820053
48.2180569613,8.59546269354
47.5039603279,5.73245835772
47.9642936087,7.03862260029
47.9092746451,5.69522179765
48.4259245797,8.40497226629
48.0318223373,7.56752302135
48.6061290622,6.42799920073
48.7188184197,7.47324688943
47.5255319502,8.2940828544
47.6360812476,6.58326957834
47.5820183475,8.45691507041
48.6061937052,5.4903698823
47.5366788459,7.99572408672
48.786127823,5.52710890834
47.6096023696,8.69035937334
47.971708326,5.78870364834
48.7493695445,6.16631400783
48.6486729472,8.50317672925
47.5038497533,7.00564512978
48.5480196405,6.97558989655
48.4752985849,8.8339851153
47.4484162464,9.07517701642
48.6761338166,9.03023329111
47.5144944279,5.48526729761
47.8568981622,8.2025971521
48.1263249042,9.83090475145
47.5566741565,6.79068336279
47.7720780752,9.16321104797
48.4443478397,6.58397815569
47.8418652472,6.83148970775
48.2124135219,9.09859495315
48.4436562179,6.35057285704
48.1681193946,5.2553669565
48.4305215369,8.59814153906
48.3178735319,8.82544311143
47.8495681062,9.36078353674
48.5390190014,6.18976919216
47.8128037007,5.0601488649
47.4429933578,9.14276781707
48.0705264514,6.51557962481
47.952611376,7.94213408985
48.4775507795,8.51245878336
48.2765236133,5.06130033493
48.6946382812,9.86912682886
47.7959369882,8.61704177886
47.5905850432,6.36077001089
48.0026783913,9.36785412164
47.8933588144,8.59805628652
48.3872139203,5.79342457051
47.8859468804,9.11180464644
48.2735411332,5.77966175088
48.6570177861,7.17476905584
47.8767594085,9.01153228224
48.5254985012,8.29032627032
48.6435314858,5.05231586045
48.2331545151,8.15288880984
47.6945420518,6.37816218288
47.6984864253,6.75847746005
48.537064612,5.17816394918
48.2610386821,5.47437638236
47.7286855243,8.68052786119
47.8398947026,7.14985492528
47.8566583852,9.1972130268
48.6385828271,9.68950931571
48.5430799559,5.04821470464
47.9836607029,8.78818177185
48.1908419834,8.08091673036
48.4134662204,9.48211223651
47.7419561559,8.39450397815
47.6783475381,7.48967417874
47.9088293083,5.54534946129
47.8540947512,5.1553790521
48.5893899273,7.99873319487
48.6339764775,5.7098218337
49.508773924,6.8461665013
49.7920427148,7.36117892195
49.5179251251,6.53031683554
49.3555105521,6.22401401165
48.8248999938,5.32630069349
48.9232537281,6.74844745328
49.2950611733,9.7623518873
48.9371149051,8.34784513616
49.1640431103,9.8020451389
49.3019151926,9.27193092674
49.3006305108,8.20606658846
49.5196081956,7.45203727474
49.7029997624,7.67917240815
49.6280352575,5.58945236501
49.0912978447,9.96358925842
49.1830968776,7.20508351788
49.1786336121,5.53108018365
49.1812226154,5.98297771737
49.0547958988,6.38440864638
49.3148172942,7.91276263833
49.3515044597,7.59874742153
49.659853039,5.66096720317
49.9055002034,6.76200276843
50.0833886268,6.87880731316
49.5153735708,9.45481288619
49.3579188551,5.27303211267
49.3169911129,5.51119377636
49.365605525,6.46088318045
49.6247487042,5.80164166683
48.8565624792,7.08910277207
49.8374683836,6.95441791654
49.8998887518,8.73937947051
49.6431461903,5.53069338515
49.7672487011,6.49237854231
49.7801579439,5.0390822882
49.8297743414,6.85185544777
49.1429396218,9.16602619046
49.1651477605,7.72276305893
49.6884843305,5.29992000025
49.889253384,9.07725477676
49.6327452236,9.58563102691
49.9214421836,9.59322387337
49.4429102536,9.89702181023
49.2383865702,8.90259771801
49.9457720454,9.34479018852
48.9221121814,7.95626951329
49.6448669932,9.29222242104
48.7790515984,6.3110283927
48.7797778317,8.56497782851
49.9660974616,6.21834999511
49.5584675876,7.55998362427
48.8667795905,7.16957102142
49.3390657942,9.02660408798
49.992519025,6.92410622335
49.1166320969,5.54260570956
49.7148571604,7.95470340181
49.7546804072,8.3693048511
48.7741973112,6.58319060885
49.4871887408,6.05359202373
49.8382809698,7.62436545137
49.5759427629,5.04538730446
49.188631619,8.2015094499
48.9780398674,5.55562734251
49.7920658914,8.80525782679
49.5108520326,9.04569686291
49.2325453641,9.19253202535
48.9844770994,7.80667185385
49.4903443384,5.65596142586
49.0306984032,9.30486124797
49.1444069154,8.58459047215
49.3952262809,8.49790019084
48.7742688704,7.9785525566
49.3447750431,6.97924407395
49.288945615,6.16154133354
48.8540623489,9.76380863712
48.9648259643,8.50588943959
49.7503268274,9.36509234984
49.8747288864,7.53961166026
49.0262986415,8.73076458192
49.8786708972,5.8244965078
50.0299905105,5.4836742897
49.3792583845,7.78805998533
48.9406015673,9.59260898212
49.9156109444,9.44931238569
49.4800020764,7.83218023263
48.902058439,8.72773096541
48.9020448993,6.84000268734
49.1509247705,8.69550058182
49.3979487902,5.92189499747
49.1736204662,9.50247477333
49.6985968121,9.90928725785
48.7851589345,7.62531355858
49.3620006123,8.904691306
49.6062328652,5.48110429192
49.7664491014,9.59285067588
49.18748589,6.85065641208
49.5728767579,7.08524380864
49.8761871791,8.82860860995
49.5434589231,7.33538974982
49.9210702191,8.52780523709
49.258885286,6.24874525964
48.7229089245,7.66697547343
49.3360143563,9.69414791902
49.4062778686,8.24558498394
48.9008177345,6.56729982279
49.9777978143,7.85637210091
48.8389835609,5.13682790332
49.2741395333,5.19329216697
49.5900953632,7.86667269224
49.1185976913,5.62240166192
49.039190749,6.6979110146
49.211518074,8.51531328768
49.5969769155,8.94369297844
49.0075226233,9.74744530533
48.7485846387,8.15253730147
49.0657804244,8.63478156576
48.9192759996,6.1920320702
49.9778207518,9.1467894789
49.2166106611,7.42093720108
49.6539072083,8.51967750424
49.3396624946,8.42145923166
49.9948466511,8.93904924254
49.8866280664,6.00407760369
48.8649500959,7.60018716883
49.7862618488,9.16077823891
49.693165297,6.44065920501
48.9097066837,8.46651064306
49.4844831149,6.28276413045
48.7270802463,8.87596108858
48.9715104088,6.39996646655
48.8375473346,5.44504085
49.9029294048,8.98209830068
49.9001401806,6.91525621649
48.9988889599,9.02125424777
49.7422069878,5.22756833809
48.9965684615,9.44438915235
49.0243058856,7.05936886723
49.8327761843,5.2875026298
49.2018042583,5.59949350362
49.8660429007,8.58072211606
49.299628653,9.83200009225
49.5420383523,6.76793418108
48.754789457,9.12297745187
49.6582847715,7.58269075037
49.8366731274,9.30900973136
49.5583737286,8.34721969114
49.0770068043,7.70430725355
49.303217753,8.8182649235
49.7984427245,7.5250181194
49.0719325355,9.68773158356
48.7524971981,7.34983266845
49.5374216495,9.25990246738
49.0566608037,8.34182432193
50.0434195233,7.14401131476
49.717831914,5.57082352982
49.5628814735,5.99934037829
48.9150555428,5.75700912809
49.817820302,6.74864477694
48.9621784515,9.67524916976
49.6841922156,8.78230514108
49.1829673392,5.2598076203
49.6417291498,7.05559564675
49.1805916896,6.21438052241
49.77620607,6.59903149191
50.0385548641,5.95744965366
49.3149261131,5.12550335053
49.9561899383,8.25615948222
49.9616721718,7.50715658213
48.9908933302,9.90004989963
49.010838335,6.30770194862
49.8518210778,9.38809567062
49.8681856912,6.23836622262
48.9049454407,7.76135559522
50.0146325613,7.00651658573
49.2923532433,6.41972622974
49.1126450508,9.33139637717
49.4619985311,8.1610843034
50.0258377552,7.43506231354
49.0338275941,5.62921733213
48.990018738,6.4836070353
49.2429871952,8.14329147456
49.9661504772,6.29565999341
49.9588333484,5.40077427349
49.1666112539,6.68351928552
49.4904478428,8.48582474177
49.2351301311,5.46016666246
48.7998381261,8.80956462211
49.2511142212,6.48633062128
49.3973227572,8.67948110595
49.5801169565,8.84749403097
49.2153424258,7.94415079118
48.7944418734,8.22301533815
49.0518913207,8.53459555158
48.7944093957,6.00724141456
50.0484759096,7.55804474458
48.962264254,5.86246245131
49.3090951633,7.65924462502
49.5176808746,8.05601567995
49.9333792063,8.35890094719
49.4646079669,9.34133953202
49.8243243548,7.2727985297
49.7074971036,9.52832184576
49.0219891764,7.98768226354
49.5692542171,9.52693628671
48.8440558988,8.03440737556
49.8968637122,7.70374792595
48.7410427688,5.38866365921
49.3291350032,5.9556194773
48.7814707292,8.10008901221
48.7992444243,8.70315729059
49.2566071137,5.0361749591
49.7112165377,7.14164607162
49.3994690538,5.63980854923
48.8323130789,9.46307086723
49.327825107,6.31344309216
49.7008516962,9.65307622896
49.2121125174,8.79162793092
48.9945884068,8.18822339357
49.58834793,5.71611720102
49.5278826323,6.3691229603
49.6385626786,7.32677204993
49.7578034105,6.92797348718
49.0072301671,6.89964478063
49.069749644,9.50013082922
49.9181367506,7.1701694347
48.7449130441,8.04281873868
49.6794428933,5.47469878078
49.9929484449,7.19434509337
49.7811203347,6.02406580392
49.84019864,8.89659897143
49.2046576968,9.4355424687
49.0610971336,5.27487752486
49.2675961242,5.3506106412
49.8952337139,8.1087638556
48.877733808,9.52134858443
49.3803312442,9.12021028552
49.8607224941,5.66274251484
49.54910652,5.85275202427
49.1860444107,5.14419865128
49.9607546328,6.67709317502
49.3620507239,7.09695312848
48.8668041303,7.50988075295
49.2415868765,6.31146222597
49.4981051659,7.63255600065
49.0166623162,7.48684194884
49.7219301382,9.73057821571
49.0195571169,6.21430734257
49.0524565036,6.9848437615
48.8180413775,6.40230929934
49.077319197,9.10764749861
49.53932546,6.67855115972
49.9610774968,7.27501974674
49.8485485493,8.65171258259
49.6855804515,6.53160824336
49.6714134046,9.77809291528
49.0144025003,8.28546030549
49.9070054994,5.35549915149
48.6276025523,8.92343642633
49.9592246915,7.34957685266
49.338792896,5.89219637423
49.6760717859,9.47329946814
49.9813828182,6.14116287262
48.9637781123,7.20684867578
49.1934642803,6.28975370011
49.6371690899,8.05525926152
49.9874174524,8.48741894814
48.7766529526,9.80767517284
49.2268065286,6.36754735011
49.447769589,7.36374223343
49.4338500004,7.0251937921
49.4639441364,7.71942596725
49.3121668872,8.51920771391
49.5380841035,9.63766267327
49.3924978505,5.81816429475
49.8751498793,9.15474557955
49.4918974864,5.94873806807
48.8157196012,6.22164970405
49.1946440323,6.44030660869
49.2763774761,9.41179622872
49.2783454551,6.74648075594
49.705847984,6.82980229543
48.8989555337,6.92881352598
49.8764867023,7.90823091329
49.7769823227,7.20208917241
49.6142264209,7.13339874447
49.1017157811,6.11000615476
49.9951733974,6.04783503575
49.298342463,8.71747961815
49.3663018032,9.87633426943
49.192593277,6.55586877568
49.6233141126,9.40977196905
49.3416431732,9.49464737851
49.5911352676,7.6656346839
49.0125862862,9.97769929351
50.0124512636,5.27320011398
48.9632216966,5.98613938769
49.3715384816,5.57032263799
49.8524221687,5.13937863688
48.7933215198,7.51552455098
49.4234620519,8.43485655489
49.3935993446,6.1203872778
49.4329952613,6.51501168882
49.6776492486,8.46115069534
49.0552781721,9.91691314485
49.5106571382,5.31379614626
49.6886577007,5.05356457502
49.0242402047,9.59742751005
49.9315073106,6.84478607472
49.1127188661,6.79309334689
49.4014811322,6.26599358804
48.8791188123,5.56081624914
49.7387986727,8.15128736983
49.3973322832,6.01318151675
49.1316100864,9.89735771498
49.5065564382,5.76775031784
49.0747133382,5.33727280041
48.8486505562,9.63168840335
49.2644601136,9.69334102787
48.7653816847,7.89817879636
48.8521511735,5.6720813369
48.6703267979,7.7820103049
49.9792493557,5.65979001859
49.8399558037,9.22924231298
49.8959968151,5.19971505384
49.3774332472,7.29340898664
49.9755105622,7.97859915381
49.7390527637,7.02670344215
49.5798323369,5.6423158099
48.8239456459,9.20058158124
49.4814604696,5.85800851853
48.8423454303,8.4643175215
48.9333719315,5.3417208127
48.7234538058,7.73310583567
49.5958036369,9.8260348434
48.955996393,8.07531370006
48.9961137518,7.89543495911
48.8074180595,8.4017436894
49.9620448184,7.7552435128
49.6734524456,6.61901415607
49.3254636664,7.50161132783
49.2899529884,6.04449966171
48.9686226355,7.0024212946
48.9566148204,9.36634393674
49.0995342613,7.10976247959
49.5915821625,9.20640735792
49.2234016923,6.94938297716
50.0164145808,5.40687661835
48.9730864536,9.12413208384
49.5680700344,8.56446608016
49.6514170135,6.94698244119
49.6181997241,5.14745236057
49.5360292283,6.99995752219
48.8351464362,5.76905219343
50.0253412439,9.74652549832
49.5778870454,8.76159842901
48.7962548468,5.89967803744
49.5916469033,5.25794707333
49.271035707,5.26813891066
49.5901372941,8.44352050793
49.069493296,8.94224938466
48.6955236757,8.73486418904
49.7944105207,5.61359896451
49.9867717356,5.80308110503
49.3944512492,9.77001484964
49.4869303277,5.03797482083
48.9461395393,6.64202183043
49.7259164892,8.3006050278
48.7197173974,6.98780006816
48.858139953,9.10444588872
49.4036919071,8.34011566166
49.4851707464,7.11787764334
49.5444644006,9.14244298948
48.8116173437,6.83421310141
49.9429556068,8.07150688151
48.8509896388,7.33119964347
49.6167573487,5.9141876465
49.1568925465,8.12141341837
49.8891444244,7.8071928112
49.315798908,8.34166885882
48.8554944018,9.01394410321
49.855433011,8.02742407418
49.7434453099,9.05836005858
49.2947047811,7.99966262318
49.7864839624,5.11989618145
49.6093601914,8.35954448728
49.8329146238,5.38940085048
49.7460738758,5.66659393522
48.6650535879,7.71725176276
49.2201935098,5.75440216814
49.445387752,7.547994568
49.962648539,6.39690569221
49.168047767,9.1088841375
49.9044839027,9.65541426088
48.8871859899,7.24888205808
49.4451288035,5.57668262359
48.8839578923,8.39909857279
49.0843510726,7.04470287833
49.7621654427,9.88645576591
49.227220729,9.75557834199
49.9726339168,5.34264189129
48.9079624484,6.48092847696
49.2369294781,5.65365585838
49.7278205279,6.33806689513
49.0096694779,5.30281751887
48.9346583425,7.34186264087
50.058641008,6.28827245288
48.8733812071,9.41023766759
48.8068345402,8.91399916355
48.6902346201,7.96894168557
49.4036101125,6.59946945981
49.3955220412,6.7092350415
49.2767564591,7.73621574469
48.7928646538,7.12089095879
49.8124791193,6.67905628458
48.989083703,7.7092452357
48.8801917093,5.93597730149
49.6608822775,5.23496972536
49.5125223594,6.45371031234
49.0515764476,5.56721938243
49.0664731297,5.06202290191
49.1449429622,7.64226077877
48.7136016219,7.08089735497
48.7776814613,5.81281810696
49.6162817175,9.05429652285
49.6125650469,6.80041436056
49.1512018295,8.27389588535
49.9006120235,7.23319349423
48.8935362859,9.7184757044
48.9194612891,7.86089970471
49.7523168192,8.91101851364
50.0636966387,7.91243775221
49.2903544777,5.598320534
49.1761227544,9.69558759267
49.0289653789,9.20820316698
49.6827441854,6.06675767824
49.2443165787,9.08084234274
49.316417181,6.8980512525
48.7978601818,5.22922571894
49.0574098892,8.1007045407
49.1583524036,5.37504652335
49.147554233,8.91819353957
48.7481333777,9.29361125425
50.025134994,9.44298809464
49.2624368094,5.93014791171
49.6169343673,7.40743107961
49.3146573293,7.39191220895
49.8009227844,8.4293415041
48.89832455,8.53680966165
49.898233367,6.53322585596
49.6187026973,9.49530382913
49.268094237,6.63766834623
49.5088883715,8.69262867715
49.519327042,5.20471890131
48.7555649554,7.19052157002
49.2650498735,7.2880711345
49.7879862103,6.23948850963
49.7054338014,9.83594456467
49.0581755844,5.71310983599
50.0024897507,6.59867087634
49.1784836861,9.99214838004
48.9398190892,5.06467085059
49.5208424488,9.90498084631
49.8709273299,6.44076327716
48.9324831336,8.2796076138
49.697634377,6.24937239487
49.6074230861,7.48422224002
49.4039189228,8.78355804143
48.889640548,7.02599442824
48.9603661678,6.83223529996
48.8963117471,7.67822152543
49.0796557403,5.1867074403
48.7457003407,7.80363832462
48.8266283215,6.52059128715
50.0196008536,5.85820238335
50.0444915314,5.33784294819
49.6687565647,8.88081339102
50.0629262949,7.48954702144
49.803341336,7.742273836
50.0041149106,8.69960950936
50.002663432,6.77978908737
48.7645554626,9.96320056863
49.5098982843,9.55508354179
48.8954598673,6.40898628456
49.9578883396,7.62729544451
49.1324298507,5.76947403735
49.1322672193,7.00189459481
49.4143662706,5.37584684755
49.6401212796,7.75121729109
48.8372041166,7.82841831285
50.065019818,9.32288542834
49.6959947539,8.58582462405
49.0948405741,9.76363862133
49.4820584305,8.88820682599
48.9524407857,7.62102476779
49.7746249381,6.40401662821
48.8299918485,6.12320701153
49.502842682,8.27787824272
49.1309657659,9.59637185848
50.0455622759,8.6261137773
49.100058872,8.20095417259
48.8879665874,6.01474074015
49.3216292934,9.98208198323
49.280888923,7.83474772412
49.0591629761,7.60551716538
49.8752669361,5.05787240593
50.0581821626,6.40775768252
49.7410606259,8.50571554573
49.8757176572,5.73970493766
49.2025122945,7.07960325664
48.8390520891,8.31056362106
48.744838114,8.48091127301
49.1121992639,7.40795329583
49.0172693525,6.79719133213
49.7099909867,7.82825015853
49.327332654,5.69003247952
48.7676002287,9.02517507924
48.8434143012,6.63833710246
49.3683708595,8.1708655922
49.6501449631,6.72111189964
49.0121234991,5.36651436637
49.8333743847,9.03514703494
48.6804096069,8.20454260628
49.3822276896,7.98213456193
49.3689979006,6.82909404259
49.447433796,9.19869245684
49.4790408372,7.23995958739
50.0516985968,9.82125178379
49.1005155212,7.90749843503
49.0084233235,5.24337737874
49.3580638969,5.17505721978
49.1246731535,9.24141576684
49.9557523862,8.15280294122
49.7271481907,8.42725067224
49.8021287142,7.10807189
48.8797050214,8.21141346577
49.3459327626,6.63212872833
49.8437533292,7.18593690691
49.3524992775,9.34898288438
49.0911255945,6.04035606482
49.9392691052,5.12416245597
49.3190816709,6.54208825856
48.8777591278,8.11743111598
49.6332365614,8.67475462955
49.9418862807,5.2789887632
49.1742795165,5.04685883249
49.342789031,9.1975591538
49.7870316338,7.88932910345
48.672482474,8.83204497092
49.06376866,5.9361761165
48.9684307447,5.1742201936
49.0187237206,6.11571100509
49.9971813332,9.27307521362
49.2354454901,5.54395150506
48.9156897983,9.98495782352
49.9598823756,9.52970713167
49.2638260379,9.50292794767
49.5696229071,8.14431783251
49.4244958301,9.06370113276
49.7166689216,7.26559949623
49.7949012523,9.94034343219
49.0148427307,7.3090579757
48.9195077189,9.06525389822
48.9309747866,9.45484408697
50.0868828156,5.2518903741
48.8106534931,9.72192983318
49.9882054952,8.76554429951
49.0257230838,7.13484988204
48.8156077533,7.24156515727
49.6060331749,6.64675846204
49.2450417933,8.28988054718
49.9719436249,5.55414181698
49.5935035957,6.56533975493
49.7998115747,9.79892133847
49.0820121528,6.59193947401
49.3084134319,5.76904610631
49.7490510273,8.06255813491
49.6172848202,9.9382620408
49.1354575173,5.47018225807
48.9972251045,7.39515591879
48.9568063113,8.41506468731
49.6957983696,5.97401434157
49.5181615814,5.11195892002
49.6212134014,9.70830841988
50.0207216575,5.06586361035
49.9904964242,9.61113141812
48.8208087486,6.73462493567
48.7034912966,8.56546063567
49.6253867188,6.00416189166
49.427912605,9.65455559791
49.7021421309,7.37914668955
48.7465784193,9.21772862453
49.4409264055,8.98654812324
49.9506401321,9.23689628345
49.6306687786,5.38408350932
49.8625128993,7.44575618292
49.6042295332,6.46676439075
49.6183270531,7.95871014197
49.1545068375,9.01356315558
49.4863399902,6.60351613687
48.9218527899,8.15187794246
49.3371706375,8.27749135458
49.2853540303,7.56611107478
50.0255150386,8.84467190283
49.8042195104,8.97452816794
49.1225297008,7.29697579105
48.8476495818,8.6178962198
49.2147686987,9.32340598344
49.5412451056,5.55157919432
49.2760624741,5.84623989045
48.9326507354,9.8159931769
49.6856781383,8.96828281772
49.9023138378,6.33182963992
49.7689460838,9.51288336621
49.2783223547,7.15943598222
49.7215309056,6.67318338693
49.5151659413,5.43311776788
49.0953600344,6.1782481745
49.1635202941,5.85906604048
49.5986423297,7.22898497809
48.9185057588,9.20565174138
49.1167269776,7.51257459534
50.0788892575,7.8166503657
49.3308224339,5.42923819088
48.9967065898,8.92878217804
49.4075074497,7.18071743799
49.5078586945,8.79418287296
49.7648464229,7.44550866163
49.1929733926,7.34494740045
48.8580861044,9.30308608774
49.3789277365,9.26729364196
48.8396938504,5.03875754132
49.7006300567,5.73799537656
49.8583576638,9.5347385043
49.0586545185,8.40596706218
48.8909038193,5.23762524851
50.0344206866,9.90623421274
49.716236685,5.14945203382
49.1514871785,7.57513489371
49.7576305163,8.69337366973
49.5316277415,6.90869394785
49.0849696921,8.2775170666
49.6779174096,8.37092369935
49.5816169598,6.076500208
49.7525201746,9.25170069015
49.2264693172,8.05341264661
49.7203929403,7.52866458757
49.1243576473,8.02247120947
49.9592061452,9.95153788357
49.9486215893,7.41162652684
49.3364570764,8.61688166359
49.5531740699,7.76336942329
49.411922285,5.48781097557
49.4677660189,9.83465124503
49.8045919792,7.95138700328
48.9575380933,5.6567530868
49.2370090898,8.62396877897
48.794950589,6.93917308317
49.2900204043,7.04645962763
48.9582718025,9.2797863512
49.804059861,9.45398628942
49.8385442605,7.03817670254
49.1508849466,5.69719718304
48.8089636661,7.71793227004
49.4199150295,5.71692638857
49.3073466339,9.13122461236
49.5860851838,6.24685479371
49.7688718072,6.14530585222
49.7447611658,7.59562465537
49.4308179215,5.2047917999
49.8339416161,8.50993518726
49.8432730567,8.33268784434
48.8430402154,9.9054885371
49.0829629627,7.79395376504
49.9539782229,5.91574078152
49.7358664006,9.96837519277
48.9313728758,7.28822165771
49.7327323729,9.45754810568
49.9664042466,6.48537832072
49.4827534664,6.72298811078
49.1412047572,6.35255077184
49.3268749548,8.09110750195
49.4199874409,6.20859960716
49.6194746463,8.27991730327
49.7823971118,5.83835565724
49.3419836362,5.05039068277
50.0611575471,9.65530185319
49.7862189318,8.58998844619
49.9271772565,8.30146944101
49.968128338,9.84022611128
49.5677918525,8.21790067915
49.6399455439,6.15581381087
48.7425883179,8.63396618774
49.4195735035,5.02987280123
49.9167751094,6.99280260345
49.896164005,8.43539526036
48.8279597355,8.53011296153
48.6916947939,8.12510555499
49.6297242541,6.35250973141
48.7989812415,7.03348845644
49.3420659205,7.20770499689
49.2387409259,9.89353530798
49.5638425205,7.98740324649
48.9909423054,6.56478120315
48.9635633905,5.4542488572
49.4230527535,5.11422472557
50.0752314627,6.95581613385
48.9429928418,7.10126664287
50.0560452977,8.75448767294
49.1138746699,6.90288240833
49.0103706997,8.45596487928
49.317728686,9.59502178211
48.9700224392,9.52024718249
49.0702021703,7.21101654884
49.0515635644,9.83261152205
49.8710148901,6.69127132078
49.0551881097,5.49498609756
48.924679482,8.94568067377
49.744447342,5.36657537792
49.8969009346,9.26773256715
49.13059245,8.35896293923
49.5610508642,9.3458797717
49.8936311495,6.12394522369
49.5083883582,9.74489256093
49.9678123194,9.68408747841
49.6566667221,8.1587124437
49.0992831057,8.83267544873
49.419844404,9.53916515052
48.8642402179,7.90104959304
49.2665708651,6.85057422893
49.2208876795,9.57103429906
49.9027803965,9.74599706329
49.5056716274,6.16333256182
48.9203344513,6.0847349063
49.885291838,7.34448437062
49.8989009944,5.47397643073
49.4037873805,9.4362229858
49.898172522,5.58194994472
49.9421466256,8.62870686592
49.2342876811,9.6368034964
49.5205372005,8.9714741992
48.9173083689,7.42363773593
49.0639882094,5.81873769515
48.6736180609,6.30253849514
49.1857329916,7.82989772399
49.2132232167,7.51804059628
49.9301931647,8.88117594632
48.8585877212,5.83777517644
49.8215549874,5.92138103741
49.1872345807,6.10486034491
49.4088440382,7.44671361184
49.3737855282,7.68781309407
50.0390365341,7.34659170574
49.7966430686,5.74792184449
49.8662335596,9.89497096435
48.8198402816,8.15191979615
49.4953294274,8.38903869907
49.42213582,8.06653746472
49.8323641232,6.52718963518
49.8453165976,9.62287402195
49.7750836009,5.47010641187
49.4438731729,8.58727467812
48.7437672545,5.46939436965
48.873491607,8.8799031935
48.736206154,8.28481881185
48.731421025,8.95169835919
49.7816694276,8.23031504099
49.0493797468,9.38853863494
49.2431161988,9.80782975175
49.5854152692,6.86723160439
49.9509563117,8.80976402093
49.4685961362,9.10745297038
48.8287624408,7.94713054919
49.7987737533,9.68256628501
49.740198913,6.73505530195
49.2500886704,8.99566122036
48.8939463472,6.3155504044
49.2307677022,7.62950688724
49.2301402623,8.40727559271
48.9638266498,8.60941156607
49.8408798065,9.98102279275
49.4318720745,9.97152852836
48.7569062915,9.89493906574
48.9954436331,5.77769013605
49.4581587653,6.78621894182
49.9367636968,5.74984726689
49.8278985541,5.55247047833
48.9616293627,5.27019669714
49.4448979356,6.91915756818
49.0664628633,5.4182920314
49.1332177696,9.41818937037
49.8275430486,8.13914196477
49.3997039271,7.88715510843
49.0959872368,6.26406938052
48.9278981867,9.90885130185
49.9992211794,5.1915158484
49.8200423893,7.83388449487
49.129433777,8.45934104183
49.7146536991,5.81375620876
49.6954763553,8.22730617136
49.4877528325,7.94464477018
49.9544648073,9.05740346379
50.0413218046,6.70621431856
48.9675859465,8.84104506733
48.6634362345,8.05934404868
49.815689257,5.18930621413
49.720837652,5.89146443386
49.6756171767,9.16706261324
49.8757023612,7.1122253485
49.0906261178,6.47760996999
48.9382397868,7.54367360162
49.6838010675,7.46340783037
48.7288880878,8.37444267857
49.8077686718,6.31690489935
49.974114785,7.08777659265
49.4259507017,6.38757649686
49.8828549813,8.22374373453
48.9990304864,8.36094704335
49.8820172706,6.61333848599
50.3931924399,9.21946244218
51.3763801961,7.9334312753
50.4912235315,5.06128427647
50.9120976784,9.68798369158
50.8451499448,9.61379089828
50.37213236,7.00307841386
50.830068363,6.64423342206
50.7283779203,9.8202467955
51.221386215,6.60764652721
51.0710400354,5.71727491964
50.1129083167,8.47676354838
50.33056302,8.12238363751
50.6598363485,6.19486692478
51.2732005322,9.18433074752
50.5608033302,6.63900114898
50.6321500119,5.87447991059
50.9685302156,5.66210177689
50.3517743407,7.42463374209
50.8775191864,5.76408636888
50.6165086587,8.44274048737
50.0440241686,9.22488068556
50.4906197233,6.62983975899
50.8003796292,7.2882525939
50.9501110634,6.07998518703
50.9185227879,7.89572712358
50.3830778193,6.28314899949
51.0497942021,7.9200277964
50.5038423521,8.2618970087
51.2631332772,9.58200011169
51.3156517713,7.88641606017
50.4475316447,9.4616025725
51.1028246756,9.01887402587
50.701389372,8.40573486179
50.8539650897,6.49342983098
51.0078097999,9.03040643514
50.8555562192,8.82133182373
50.1284981183,9.67074945271
50.4784978407,9.90200140119
50.2549067166,6.90847071198
51.4047079623,8.34440221423
51.0723735554,6.76567588542
50.8787469873,8.08442191454
50.3202444624,8.50534695444
50.9821125913,6.85154629537
50.6414827262,6.4057801584
51.1165695032,7.20531180403
50.55155219,6.00079677312
50.6210051812,9.09173973791
50.5649170136,7.99167412944
51.0607875291,7.6767378817
50.2258175544,5.90758569358
50.993843203,9.44894718649
50.6081036454,6.58365819016
50.7948932746,5.04405057543
50.2371409607,9.08309236326
49.9582558787,6.55939772512
50.3629018941,6.41113320359
51.1788892445,7.42801479856
50.9331103974,8.46396173587
51.3076938927,7.49058432847
50.8175767233,5.35744912961
50.924975531,5.99707343672
51.3913848538,8.45478590832
51.2074787718,6.7226152937
50.9497454843,5.16497159202
50.7948280164,9.77921830884
50.1117797923,8.17298163048
50.6817355524,7.12629586432
50.9935341343,9.33454876005
51.1341022207,7.64251274084
50.3077756142,6.28150773868
50.8346271709,6.30139068346
50.9016459969,9.35299998778
50.5560468961,5.515042611
51.0433317569,9.59099667784
50.0839079339,5.66890359334
51.0072085789,5.82022802863
50.3457000894,6.86826432965
50.2127870001,7.97001720383
51.3152074112,5.39649703648
50.1232795752,8.08325486575
50.3153074912,9.27883041715
51.235671162,9.37329079615
51.3155049031,9.04512776782
50.9073985643,5.40358563492
50.8730897809,6.898309418
50.6642066902,8.04477582829
51.1859866405,7.77086377965
51.1384372745,8.4980203142
50.5037615961,7.02618466654
51.0269569523,8.65267696853
51.2238107344,7.8691462426
50.4757114431,9.70631602573
50.9762519677,7.63939669608
50.5397547863,6.58192990615
50.8685534375,8.9691948181
51.2898545128,6.57508099535
50.2187705035,6.01920969039
50.9886587302,7.28427528641
50.6645802695,9.59026332572
50.5312800331,9.11154405413
51.2658033541,8.82495242625
50.6477446817,6.88638394852
50.5633499385,6.22494368508
51.3237557393,6.07301634127
50.1689260874,9.7281610061
50.9587714509,6.40676922392
50.7084307258,8.76457893709
50.3186941693,9.13490621958
51.1597761056,6.82296255236
50.4269600616,6.1456076185
50.2277740387,8.85386012213
50.6274117114,5.96944974094
51.1149346615,7.85937777269
50.4412842102,7.75351955507
51.1520046443,9.56311428513
50.7438877102,6.42084691963
50.2297468046,8.16510748904
51.304632877,7.01226680253
50.4700002567,6.30670141752
51.0130752565,8.17491948712
51.3016654008,8.06725596414
50.6667006784,7.95340629618
51.0973001916,9.36258842624
50.7817555441,5.97789530094
50.4296180743,5.88906705299
51.2267761855,7.66505328162
51.2435208611,7.48518919747
50.4696161763,9.81334949289
50.1029889177,9.86909008259
51.2823852276,5.44496383546
51.0103936052,5.05843499852
50.3642572152,5.7542599256
51.0540756036,9.83836980159
50.5778299959,7.32310551463
51.0934584765,7.76701127531
50.9384646488,9.41556157499
50.4648334267,6.96797307692
50.459942814,5.34938370464
51.2612053152,8.17247155597
51.0513242862,8.02266042982
51.152158932,7.96587312298
50.7437736148,5.28138926402
50.3259041559,8.66851695087
50.910200672,7.80001848044
50.9674034173,8.40006917625
50.6089881939,8.23091894821
50.9245033512,6.6661450394
50.9311245625,9.10117222603
50.2172462798,8.73337497906
50.7782865706,7.88655161335
51.2768189732,7.97661953259
50.349923789,7.20747595472
50.5598622456,8.58037166267
51.2882900803,7.16138859303
50.1132928248,6.80787205716
50.0915572946,6.58382735436
50.8368772275,6.39425872541
51.0895006307,7.44675153038
51.1749417584,8.16948348235
50.1081406637,9.78485666016
50.5216367388,8.35489641887
50.5896330719,8.98202252224
50.5747216071,7.05001436798
50.8155484095,5.70600538612
51.3492727994,6.64590528078
51.4790849917,6.18080510792
50.0754068108,7.24694628594
50.488173009,8.91438723877
50.5891857469,6.88420416095
50.1223217632,6.69227734712
50.3158716427,7.61510485773
50.9299691894,7.18139467569
50.4339905323,6.04642848154
50.9924494322,6.19797048645
50.4543722265,8.5948571802
50.5426645603,5.1802005662
50.9508012737,9.60768088783
50.7037927863,6.3533269663
50.8074262206,5.81089850447
50.3001842258,7.83921689328
50.1894309665,9.82878586051
50.6383829818,9.17522822379
51.0095806427,6.35412222803
50.3437996958,6.70832949487
50.2031329153,7.03987810428
50.4880632797,6.20820700925
50.8936463755,5.70917299197
50.5979462096,5.11058340963
51.0085542656,7.82942142511
50.9809753743,7.38835709421
51.3071851303,8.37947970611
50.8230376524,7.56618908872
50.5964600741,8.32779877406
51.305938372,8.56511719286
50.3162119533,8.22070236648
50.2575095497,8.43323765831
50.8665026793,6.587966557
50.2962767962,5.76952925311
50.6770421536,6.71299917332
51.4391201137,7.40218817955
50.9081758472,7.42081145622
51.2353426624,9.24598703705
50.3925422784,6.60070630427
51.2279043905,6.3961796627
50.8611798446,5.92224952057
50.085013489,8.3558147181
50.6011037257,7.11557305506
50.2701356017,7.51815482821
50.4214961854,5.71104420448
50.6201795919,7.72355487826
50.4088856532,8.98432591745
50.4619016219,7.19048829983
50.3725707902,5.36257487248
50.4096477919,8.70013392426
50.3713243603,5.05864359181
50.910505726,8.62546417156
50.5805073196,9.15983581447
50.4182181982,5.96713578712
50.7448027559,9.30812573698
50.9065302979,8.31274572653
50.856084052,9.15201530661
51.4001604243,6.14996287912
51.2351298726,5.22399792431
50.7907810897,9.13355593374
50.5382272685,9.3188881072
50.5975942938,7.62279296466
51.3552630562,6.52159023053
51.145929198,9.43983676446
51.4222735714,9.01745826467
51.1970282293,9.94393981353
51.1304385189,8.05263761778
50.9459981948,5.7491176549
51.1656976893,9.86072496046
51.0822940479,7.35793953105
50.2784896049,8.82148328572
50.7766356505,7.74177313982
50.2909565585,7.05558325585
51.3145882247,6.13387231214
51.2970583821,7.38840698452
50.4895477572,8.05065044842
50.6421672761,6.30444930535
50.801636046,8.41677012035
51.2419524228,5.8749837651
50.9276367277,5.50368502515
50.1154661454,6.04295791654
51.4248382886,6.43652538863
50.4395621478,5.55172889222
51.0407496959,7.19062326121
50.4423404487,6.70146262344
50.4236095196,8.33503709351
51.0780232368,9.28511281219
51.2878408917,5.72303672844
50.0586602127,7.70165141064
50.4083305263,8.06274122433
50.4453967966,9.12781057443
50.2978462193,5.15609103277
50.1052002144,7.61065836545
50.7416877668,5.38143851271
51.0891994665,5.31890379021
50.9549146887,8.94662654234
51.2099727916,5.45487675123
50.6562662365,9.3448290994
50.8884571824,7.5107437628
50.5962071763,7.43534360202
50.4448361311,7.36974276674
50.8091360527,7.17167051784
50.5928708769,5.26430827215
51.0599908828,8.37550741072
51.0069550121,7.09238572084
50.6640991668,8.5276751885
51.2522441375,9.11379624897
50.1752452575,8.90781857863
51.3509001623,8.83906411306
50.4313476921,7.84142395816
50.4882213958,7.60265331637
50.0821812033,8.93072924863
51.0727739156,6.27011063779
50.3704260034,7.76944134999
50.4425837787,7.96152886541
50.6936450927,7.357091842
50.740294709,7.00296668854
51.1636677061,9.11139433539
50.8674508971,6.14070537006
51.314745298,7.61514445845
51.256319731,8.51422343846
50.4775437317,9.99149684939
50.0755084636,9.5554204703
50.3703473535,7.90686088392
50.973129666,6.27864453139
50.1501590753,9.06688098069
50.2304292439,7.40662361522
51.1911019812,7.04975214426
50.5272555897,6.69968101055
51.216906455,5.54368326702
50.4448714535,8.15104318088
50.0332358375,8.08443558175
50.9637102951,7.56563601309
51.3737029359,7.30844659648
50.4070501429,6.91272325261
50.1369705956,6.48043920713
50.2701778949,6.08622173955
51.3752727361,6.83056241592
51.1518860764,8.58769859516
50.3684661528,5.46002224031
50.8656584767,9.41150788172
50.1868142294,7.11980040889
50.8056511037,8.58453852238
50.6879177486,5.78104555034
51.3936414367,6.34446636367
51.0522202949,6.04821582704
50.9271950805,5.32010829307
50.1910796573,7.86344325697
50.8374627142,7.90107956703
50.1733979653,6.62424730188
50.8114308885,7.41336278868
50.2888832141,5.26420022449
50.7848709937,8.99223626438
50.2077884439,5.59161663519
49.9911710202,8.31101350076
50.9293651716,8.73138644916
51.0652437915,5.59676808636
50.1546189381,5.96606756632
50.3952752267,7.67601633081
51.105786912,6.65095855226
50.1184091283,7.42300501521
50.4755387531,5.75565262389
51.021859531,6.46576426984
51.1288791783,9.76438597776
50.5023063124,7.11124354708
50.2927074153,9.62499737285
51.2164402032,9.7844993215
50.9721563982,5.5693399698
50.1232759009,5.34748472174
51.1555005258,5.16006863235
50.4208905575,6.22397378698
51.0144742289,6.61400058509
50.7304245788,5.89638766484
51.3518632082,9.13893143876
50.3060258567,6.63738883928
51.0269978223,6.11418260699
50.6304761748,8.86106430029
51.1292241294,5.82459767175
50.9931260664,6.00393148082
50.5749472835,9.51862809575
51.0037073666,5.33302342184
50.6945772329,7.05268466088
50.3215979482,6.34805456445
50.6440567864,5.36207073444
50.8711388245,7.10740183506
51.1799971356,5.97560789663
50.9067003713,9.77995988764
51.3220226325,9.23069166931
51.1766804919,5.34990220739
50.6971455049,8.65162516399
50.0906137723,9.14354017643
51.2762865298,9.86123453351
51.2090321731,8.23163779153
50.5642933442,6.49591413503
51.3634263023,5.87037248715
50.2204780273,9.67817236836
50.1311825675,8.69080431903
50.3736528895,9.41594996607
50.1471162301,6.21857093146
50.3664232265,9.52515595808
50.6341586423,6.82532546218
51.2688730219,5.34448475711
50.1428994757,5.49286415869
50.8534526908,8.37491051829
50.2844321795,9.88316738516
50.6118274576,5.69073285472
51.2852131294,9.97662544315
50.8240345271,7.64695908599
50.4117275486,7.22549255094
50.1390938225,7.3199129866
51.2369575906,8.62126219526
50.6893518901,6.62934642267
50.9057284565,7.60569211818
51.0276420539,9.16938830352
50.2326920223,6.47102244384
50.991040361,8.09931671675
50.1567172947,6.29096884537
50.3300138926,8.31409788567
50.7673174384,6.66575028114
50.845649054,8.48507161545
50.0709451971,6.15038572167
50.7229494972,5.66850683609
50.2399165897,6.22686381279
51.2854087763,6.31724547199
50.5073540763,6.03426405566
50.9537607439,9.87468592895
51.011363733,9.72914130413
51.2373720071,6.49706653263
51.2498100807,5.64167140322
51.168818864,6.9281831154
50.2410959681,5.74691510964
50.1419823784,9.48564613507
51.2480987788,6.21037296703
51.0664675387,6.55453742546
50.2972301057,7.34425573109
50.3508315425,6.08673152968
50.4807824996,5.98649506884
51.3919134105,8.60970220456
51.3681464874,8.5344299271
50.2631491404,9.34088170296
50.6530267701,9.82016348997
50.2854028469,5.33490172858
50.5395733686,6.15742645815
51.1475718859,7.54927629648
50.0569653855,8.53203043679
50.3823209894,6.35131260001
50.3895803574,8.91889555294
51.1817034162,6.31265006372
50.1874710061,9.15722537108
50.6965206676,9.02337798072
50.5481264277,9.94086178591
50.9177099676,6.34587521735
50.3834872148,9.05993651887
50.9643860601,5.93996125452
50.6918535135,7.77193788683
50.1643103085,8.42721620857
50.4582624609,9.27498918642
50.7719606812,6.34438631981
50.2406953906,9.96016031935
50.1745012088,5.69823773823
50.2736736231,9.75245606893
50.9343160235,6.15807992251
51.0007935115,9.94221469404
50.7009753366,9.72726275801
51.3157591684,6.75385184117
50.0979273609,9.71714998301
50.2028851524,6.55343621686
51.2029446719,8.5350438652
50.1267431395,9.40565257358
50.8423430576,7.01362797212
50.2872238178,8.91843737861
51.3059906263,8.73651576089
50.1874981946,5.20881774097
50.9687512913,7.97492099068
50.7156862862,7.4651155012
50.3931290521,9.31925042305
50.1692344384,6.82877391616
50.7062138027,7.89021084478
50.3049120272,9.21406795846
50.2864045817,7.71724701772
50.4896868409,5.27207035355
50.9773458037,6.7511995053
50.7654638477,9.07631941503
51.071144866,8.55497288556
50.2879181209,7.2550903111
50.2896816596,9.0235101556
51.073803995,5.41595309735
50.2802958067,7.92401859593
50.76308745,8.48719925768
50.5479608297,6.98549862481
50.2757474029,6.14947926881
51.0458220427,8.46289106335
50.4741940511,5.40353338727
50.9168571551,8.19450475926
51.1146936459,9.19976376809
50.5848203355,9.84067898255
50.6563677423,7.52658506307
50.2429029667,8.63663665442
51.1863911195,8.88630819273
51.1202763938,6.03775091533
51.3980418389,8.69594537397
50.6812006891,6.51322658588
50.1117515763,7.15736347137
50.2459320387,5.81274102542
51.3651455061,8.00345896153
51.0725326989,5.1259176253
51.2312632901,9.48653284491
50.6799947085,5.05907631952
50.2336243634,6.33482369119
50.5569050035,6.30011312512
51.0569135695,6.93761668253
50.6384669666,7.0670007808
50.6159567575,6.68157924653
50.4418677773,6.51567078586
50.2142102257,7.62346784975
50.571719441,7.53532919737
50.4776176918,9.54465344117
50.6237137217,6.7538965228
50.7524935435,9.64026191415
50.1042332023,5.88691145568
51.2555770352,5.39802400355
50.1786468129,9.605046038
50.0483969095,6.49777888936
50.0942413185,9.95558175257
50.0960724567,5.15212390131
50.6067454968,9.24587476905
50.510454106,9.20901579684
50.9452976766,6.55055060005
50.3163991827,5.54634806368
50.2509553061,8.24052671645
50.2315567885,7.31289817481
50.8544186522,7.7575325599
50.86737906,7.98288335362
51.2189495046,8.44299571278
50.1068696076,8.00312898976
50.2953777811,5.67390870394
50.7909835675,8.21352339709
51.361849932,6.24949061589
51.1063053496,9.6635416831
50.2350519644,6.69155952904
51.0443986067,9.4142957025
50.6935675754,7.23092262047
50.4260675324,5.17014439749
50.3956104024,8.23772695533
51.1394390927,8.95569540714
50.3303912602,8.00008367891
50.1914818913,6.40583152546
50.1383224957,7.92411631816
50.6428656014,6.97554272837
51.2744336079,7.09627049916
50.7664958541,9.1806657819
51.2297375452,6.08365387337
50.7686602102,9.39849824401
50.7847287953,6.20466254562
50.568032934,8.12987227117
50.3554705752,8.59529858837
50.4896111404,8.528474115
50.2682513095,5.04528741498
50.1618498876,5.06250351057
50.7801288318,6.57257837702
50.8243607504,9.97990703806
50.4791420533,7.47503333211
50.1854739615,7.22842684347
51.2514653506,5.1321446854
51.092319462,9.94801565192
50.4445798241,7.04164781631
50.7053672945,7.65089320573
50.2127395084,8.32361848343
50.5463062366,7.68672154213
50.8140798773,6.84289773339
51.1303321947,5.50739812502
51.2118295309,8.07892338184
51.1011069985,6.3852880143
50.7605313159,7.08473097699
51.130447573,8.40958412492
50.906507232,5.82288748807
51.3085480191,5.98308635744
50.9431878992,5.88041632897
50.5652721038,5.79438404554
50.6257731469,7.83791296846
51.2737588874,7.26444014162
50.2907624039,9.41592764678
50.5864740234,5.03702003426
50.75529148,5.45583531189
50.3488209569,8.99008075857
50.4562093975,9.37728785201
51.1388011676,7.70178434485
50.9468278408,8.04181836026
50.096894491,7.04936037816
50.5366096213,9.88134883462
50.897104147,5.57969649677
51.0196654226,6.68823194962
51.144923137,6.56084396024
51.0632222524,6.16780936044
50.3735558478,8.82196304368
50.1699326314,8.05588328372
50.4803029184,9.0286999989
50.6015301505,6.08138254714
50.4130254894,8.51060915682
51.2122534408,7.33894674517
51.1548161317,7.27458062153
50.3333927085,9.35349907964
50.3227765517,5.97892402403
51.0048825573,7.48750747164
51.1593281305,5.67611948142
50.0467327395,9.03417469473
51.2637846452,6.84963319871
50.5191720056,6.91504515137
50.8180723816,9.25227710545
51.2218133968,5.75768571233
50.5988316127,8.73417603349
50.9521306603,5.26404470515
50.5303603831,7.77869458503
51.2235360612,5.04645865784
50.6736562079,9.46840944831
50.6833624925,8.16320691476
50.0643112734,5.57985608027
50.5525781273,5.3321304456
50.1407293499,6.36215404363
50.8181961401,6.7090786622
50.7127690084,5.98754695353
51.2162828742,9.6857714497
50.146056718,7.6724346345
50.8978896578,7.33950790847
51.2938421395,8.93550750517
50.7945445692,8.32607674037
50.5763457192,9.7486113324
50.7730471768,6.4921295041
50.5683065646,5.60310220081
50.4201403819,9.62684630533
50.2317798899,5.51353732547
50.7081521143,9.13623696539
50.8950384161,5.05693122686
50.7608560037,5.13028733073
50.2635938449,5.42583981915
50.9737738182,8.54446664039
50.3277088666,6.49912335909
50.9148851848,7.70755383143
50.8994742428,6.22749592147
51.1068403917,6.10732193228
50.8042288853,5.20214469625
50.0712725192,8.26417383288
50.1311914145,8.80845994374
50.1740219958,6.76587626125
51.0066979568,9.11338000916
51.1925943136,8.77925597629
50.9407860447,9.21620559134
51.3909134695,7.84021343625
50.6276226664,9.91526439161
50.7492321445,9.91658983136
50.9064400722,6.42700316559
50.649173269,5.58738890749
51.1572986307,9.29601325012
50.480965396,6.45898409613
50.9962668504,7.73404869631
50.3809253751,9.72017354152
51.321191375,7.67773597236
50.4388610361,6.39418605621
50.9678242169,8.84411894637
50.4667586673,6.86690939981
51.1620789839,5.60239081663
50.7881636501,8.00930379197
50.1715255492,7.75518369884
50.8952349543,9.29581751839
50.4840694732,5.82735937458
50.3025464775,8.74006521399
50.7718896944,8.09669016796
50.1335761865,9.23442510566
50.4203719608,5.80863834741
50.8625716088,5.27084251644
50.4408843602,5.45676177154
50.846047461,6.04326636185
50.694978187,8.28691275805
50.2157028835,8.79938971758
50.8430591335,5.1309732231
51.0778743881,9.10196086192
50.3739902787,7.29946491408
50.0830080625,5.41110514532
50.7608278741,6.90914275472
50.6780841657,8.94341232276
51.3017194693,8.47058020921
50.8448858596,9.8568098721
51.1394112896,6.18760062123
50.1510361436,7.53054911202
50.5475090642,9.62853462138
51.3317323771,8.25964384534
50.039312382,6.65137757466
50.131011572,8.26789948536
51.1403129526,8.68470073722
50.6647982359,5.47703768239
50.8258604243,7.82590830632
50.8961618736,8.89849330329
50.5512691147,8.4840716888
50.4988885285,5.65817410568
50.7315352256,6.08836623334
50.3829212913,7.54321780627
50.8638395292,5.19052273798
50.2407133626,9.50406615582
51.0861942412,6.86808526075
50.9038839674,9.50684084515
50.2601215505,6.97641457369
51.0417905077,7.58135250985
51.2012112403,8.32529500834
51.0651496046,5.93458397072
50.6927928315,6.85465998149
50.2111719148,9.40492796811
51.081584779,7.01887700688
51.1046128094,7.11752900059
50.2420140088,8.06750899956
50.8119503309,5.60917652287
50.1657651742,5.79984614715
51.2991321862,5.79175553628
50.207027078,5.32007128561
50.7750218403,8.79930608159
50.1891202512,6.12870549744
51.1324269513,6.4770058867
51.2024725499,9.02006703633
50.2830773312,6.80352523817
50.4996063701,6.09763425581
50.7303688371,7.96608238003
51.2020081564,9.1752808478
51.3327669716,8.14053141414
50.5462492124,5.40876561515
50.5287631631,7.89305461667
51.1542442355,5.73894500321
50.9256534273,9.01134139067
50.967349312,6.97955291121
50.8062736446,8.71304150563
50.745260853,7.82127059783
50.7931213102,7.51199652929
50.8818992762,9.93568868374
50.731274188,7.55213635834
50.1669144693,6.94324360917
50.6645543817,5.18363495601
50.8452069478,9.05731134338
50.1754388049,9.92352552215
51.1958401394,7.17151227561
50.8775206929,6.78217876725
50.5341316975,6.80229399486
50.0713339723,5.76274818905
50.5630939128,8.40441674462
51.3438413305,6.9196636138
50.5356392004,6.38884978932
51.1564865624,5.25173939249
51.2211221571,8.69478239794
50.2796826095,6.57752455901
50.8348107026,5.50964147791
51.1230692816,5.05432829221
50.1832506033,8.23293871967
51.2935174567,9.29769322031
50.1229408446,8.5935424683
51.0896911208,8.12563635226
50.9239290636,7.06721163252
50.3834903978,7.1143498969
50.3654314453,8.41687565622
50.6133090811,7.9255347113
50.4853907669,6.56226063202
50.1910870015,8.52431478197
51.2575479136,6.94080471098
51.0013971138,8.23984762866
50.8898656947,8.42377758673
50.4795396668,7.27512516454
50.7288571565,6.29014766789
50.1755850469,8.10856844365
50.5202167897,7.38680755687
51.3369432302,9.39381452474
50.4058810586,6.80383240933
50.8408753603,9.34368137195
51.0989221677,8.24832721941
50.3621625268,9.81438501727
50.8892644011,8.54076226455
50.321534437,6.93084424176
51.2968757769,7.77308135232
51.1109719566,8.86348550591
50.1678269322,5.39854356806
50.4800608619,7.69817005188
49.9889598174,8.40897312023
50.8360563017,9.7089382812
51.0731398776,8.78068801283
50.7563223817,8.88945887084
50.9924252621,9.53495149786
51.3134421905,8.63891953463
50.4064045497,6.4608326672
51.034054482,9.23833837648
51.3215435787,5.06510504282
50.5393105973,9.42375317747
51.3161534921,9.75055329458
50.7410889734,5.54161202232
50.0542079786,8.4505415811
50.3417220809,6.20008877982
50.3332794932,5.85371702444
50.2746982497,7.15747452742
50.2323743221,9.24256484225
51.1128760924,8.3410929097
50.1329016845,8.99094995003
50.3943847179,9.91078259666
50.7817353413,9.51538476605
50.8210701442,5.42973805396
50.7962485552,7.94546147074
50.1323656237,5.62413097158
50.2132812575,6.86398944749
51.4082050041,8.77208087355
51.0185304797,5.50219074006
50.0799219693,6.75903127738
51.0550927439,8.92655040177
50.2118771164,8.99689820227
50.5127208735,8.66368705687
51.0626708978,9.49459303781
51.2655164421,5.28881145483
50.4742734013,8.42257045088
51.3497281234,7.09632453283
50.0167136416,8.22105554907
51.3205617759,6.41366475022
50.5318684019,5.91097903768
51.0590442887,5.23197613447
50.7487390444,6.77840361471
50.7040096201,9.23640765179
50.1728153272,9.32384848545
50.8833444373,5.64765510489
50.2891277262,6.41201491792
51.0058831275,8.31638585599
50.4888115958,8.79572977952
50.5738162788,7.20649772143
50.3972229975,5.64287152709
50.374126261,5.26228726117
51.8942372835,7.99317966698
52.233677329,9.60567999475
51.8849198705,5.04526351825
52.4061083346,6.53062200201
52.5212734808,7.26947156662
51.4072752869,6.95503910901
52.2782813418,5.39085468949
51.8401565936,5.40888675737
52.0102345293,9.14659602709
51.5017523751,7.00356366004
51.4066720012,7.7363733456
51.5670482476,5.56036747875
52.2049099502,5.71876143909
52.3037515418,9.11014647075
51.9961724411,5.23935843365
51.8959889124,7.03658168722
52.0790215203,5.48470576302
52.6042368393,7.95047594522
52.3371490701,8.79053963006
52.1811488997,6.98046758439
51.6919536815,9.35426139919
51.5175615436,6.49360863726
52.3272853909,6.33807194452
52.4616834076,7.75406424734
52.363378124,5.835787348
52.4422489218,9.11873000123
51.8986444757,7.62934392089
52.529109435,8.71346119629
51.8067218331,9.40419745759
52.3266953633,5.63451174962
51.9722829634,5.33066157669
52.1992275387,8.44407824991
52.4742113824,8.95768114356
51.5453297049,5.05612681866
51.3821602845,7.19585011347
51.7680121831,7.70340685367
52.0252968626,9.37530046836
52.3286092585,9.84328688579
51.8569207714,5.1147866689
51.8540405934,8.21140093537
51.8857010732,8.75490709512
52.4545897157,6.62026304805
52.060900909,5.85276860493
52.0030799028,5.16402609189
51.591317362,7.0428044409
51.8713359971,5.88751774325
52.7147072656,8.47275014098
51.8402874285,9.92501828194
52.256592704,7.19749742592
52.4431628903,8.54249431459
52.5398193299,6.65932228883
52.5096846438,5.61785062595
52.4407017398,6.44045281723
51.7659952098,7.18600197312
51.738917661,7.2876401598
51.7589679367,8.32404740898
51.7023518291,5.06496316297
52.1102853084,7.71219510762
52.1416383599,6.85231424724
52.1111455162,8.79846126541
51.6970282206,9.43072916892
52.4061508032,5.05789911349
51.5991423165,8.87601863865
52.395967636,8.10970843955
52.3001081002,9.26618098365
52.3690755182,5.33312040171
51.8440129058,8.97368383627
51.8552124826,8.09929577336
51.4965425713,5.27224919409
51.455322293,5.82628743385
52.4002872543,6.36687411917
52.4211947923,7.84075743511
51.7889502065,7.55618571478
51.3313959847,5.19136018584
51.6629891337,7.97764085171
52.6555321608,6.48330785481
51.472095939,6.80425173326
51.9043924993,8.81953245111
51.5441737859,8.44097142528
52.2293684179,6.90664704512
51.7941994725,9.17105849393
51.5081753052,9.04362141558
51.690049387,5.468584137
52.1378533435,7.13101157436
52.1415717618,7.94817435035
52.7659262188,7.96457222719
51.67066627,7.52656528288
52.4942612682,9.92186049229
51.9158462291,5.80452143166
51.7000883278,8.52032393539
52.57664344,5.11272498528
51.9966525022,6.69755326942
52.4814329191,5.42231163579
51.7228911358,8.38138674051
52.3493109707,5.76281106275
52.4574319138,7.33647955819
51.9675421431,9.4836127345
52.7222032301,8.03843929369
52.0035720105,6.81465661416
51.7685206236,7.39288956982
52.6098180193,8.71179618644
52.2954686279,7.41317648936
52.6520235322,6.17655300462
51.4629846714,6.06851811245
52.6916541688,7.98560533069
51.5896074526,7.28194910389
51.6836713894,9.28139898899
52.3958773378,7.747996972
51.6508214743,5.82050776506
52.7184932607,8.94519326771
52.2066932342,5.02925561894
52.0894634236,8.49269958454
52.3803899615,7.03972968806
51.7487637889,7.45588254672
52.1317829318,6.93699975982
51.621854037,9.65043832218
52.5945528755,6.86129306968
51.6453969872,9.59359485565
52.7050149428,7.92502829911
51.6113706631,9.53011684042
51.7241957866,9.09304842577
52.3334816253,6.87862555324
51.4158551562,9.62611915535
52.3429219624,6.70677083196
51.4300524259,9.54214524708
52.6162729315,5.9767693457
52.5783639684,8.62452884185
52.2737977933,6.80028840693
52.6167227216,7.74812028585
52.1264417232,7.44145996787
52.0567020144,7.91240531435
51.4974944769,9.59984597158
51.830251933,9.31388521396
52.0630279153,6.62042645161
51.4906553329,6.90212296925
52.5757571221,9.75474320368
52.6177576969,9.29509713195
52.648750602,8.24943907907
52.3915755558,5.91007833694
52.7800447353,9.14275118175
51.9384998927,5.20899658282
51.5957305336,9.05737208244
52.4512983807,5.85308624795
51.5705560383,6.39966841833
51.6417898636,8.06431554555
51.6920951139,8.65925474987
52.6535346464,8.66466286872
51.9990654092,9.62838263756
51.6955252155,8.85030419834
51.8989616193,6.77142493101
51.787897578,8.83779696226
51.996280861,5.92778961048
51.662479726,6.57191810217
51.3575358522,5.46703989271
52.2811873299,8.95396703528
52.3910982337,8.49012658953
51.766050699,5.75006698279
51.8525565168,6.95938261767
52.7639404733,7.823605846
51.8595663296,7.54022666371
51.8536333682,5.20166302959
52.7149696458,7.651234762
52.2686065803,9.97742062624
52.2895521617,5.05871420134
52.2038871784,8.27033690263
52.445821643,6.71779120935
52.0459128741,9.04236479736
52.1472568101,5.77876527551
51.9460395307,5.44477121222
51.8291138353,6.10313324609
51.5889597647,5.65825034033
52.1450697694,9.91491679026
51.8224714316,6.72404457671
51.9731342759,8.69512376863
52.0834975178,7.54425549013
52.2905678824,8.38257325468
52.5125736904,7.72905579575
52.693072258,9.9296665261
52.0012930338,6.01589352936
52.1383821271,5.69105689143
52.1146458798,8.58898413105
51.4997037947,7.54477034512
52.4080445606,6.89698695485
51.8333025233,7.33885805957
51.5828829486,8.50781212994
52.1961537127,8.12510407716
52.6396597225,7.39387983439
52.1510884246,6.48214221583
51.9923200033,5.06374097652
51.6166309573,5.13340534692
52.2693009593,9.39287509081
51.4083155189,7.56459211409
52.5644997067,6.12096747653
52.4828233564,5.70709006151
51.9607268941,9.66575603132
51.8398470116,8.87885963026
51.7488275521,9.87809502196
52.3828333969,8.67573443858
52.1977442075,8.66251976088
52.2100247618,5.1211054704
52.1131688279,8.16925839708
51.5382320375,8.95800160927
51.9734343415,7.07736984287
52.1595247728,5.54798825987
52.2197822154,7.15010720913
52.1201906473,9.10666357853
51.5799601505,8.00631247415
51.6132642678,5.24884739698
52.2194904443,9.71061527512
51.5479564628,9.99039987947
51.8078952874,9.82344176472
52.327630602,5.44917233716
51.7944702485,7.63543543224
52.3522844121,9.3457109965
51.5572019959,8.09043626366
51.6084625909,6.15875686243
52.3474749641,9.94262761913
51.4315625934,9.1111149554
52.5662982791,6.23485985101
52.4482294359,6.07257039018
51.6079458851,6.47642139364
52.0677672527,6.8875932106
51.9241592641,9.15643497543
51.5450219194,5.81577418256
51.7820840743,8.16309983296
52.43230921,5.65640611128
52.1995132291,9.96934804713
52.1302904427,7.00962943828
51.4052945267,6.74082198768
52.6352665991,8.16969026599
51.3783766864,8.07812481561
52.1275317035,9.74761206182
51.4937719493,5.8970602445
51.9400483861,7.54266822301
51.4131872965,9.74385109793
51.7635898833,5.54826854832
51.6458988633,7.77987392301
51.6628178901,5.59656553826
51.7676665447,5.23419266556
51.8619871993,6.31020298649
51.5865267964,6.26876674073
51.8920670048,9.82455734193
52.0482965402,8.00902857519
52.4709417409,9.20741270947
51.4651903171,8.72390464154
52.528000755,6.7392091955
51.4868594131,6.37278231698
51.8493917426,8.81335251312
52.7506644524,9.68904464782
51.7135239324,9.57228307563
52.4272590325,5.76300256182
52.1937087163,8.552178995
52.012118334,8.20034153672
51.6151468631,9.3584472784
52.2800355675,5.68999478171
52.4507873284,7.67459919532
51.4152924869,5.39410851591
52.4764353855,9.97160843655
52.1997859392,9.18446862022
51.7670648624,6.34407077195
51.7540982755,6.49671579445
51.4055360019,5.6637833036
51.6965833368,6.42030925686
52.556498553,7.14731417346
51.8917126791,7.21367152367
52.5934748823,8.28319774841
52.3592629446,6.41501644783
52.2519066963,7.29905981888
51.7556706339,6.99999948577
52.4321695244,9.03766266174
52.4191239643,7.40285166573
52.3044270637,5.90928075701
51.9246033505,6.07074420078
52.0265094416,8.59164793323
52.4630719742,8.4418541957
51.9484825877,7.16404433275
52.4629042383,5.93780196006
51.8719010888,9.66391934183
51.9381721208,6.27856684033
52.3395624603,7.88266436252
51.9772366918,8.80537281119
52.5363544742,7.39546672142
52.5401322124,6.5905402988
51.5481946046,8.67115336286
52.5839017146,6.95158187907
52.015073183,7.47185771055
52.4087154486,6.80817006775
52.5655680706,9.93621747389
52.0773020643,6.06548541772
52.0323775279,6.34899071657
52.0450783738,5.72856773177
52.650805448,7.67248999066
52.1550246502,6.39933182319
52.4018309269,8.34047327008
52.6258104277,7.00203554851
52.0628055551,7.39523296744
51.8546417247,6.0081325614
51.4881214106,8.83993859931
52.316953408,6.07927079946
51.6746750356,7.4256851848
52.142473559,6.06108151521
52.151335524,6.6512272244
52.1300261061,6.34412597385
51.7033089626,8.12344528221
51.6999347422,5.1812125637
52.3769680809,5.25267739839
52.1923189593,5.33280129167
52.0388187656,8.35392628001
51.5602739792,8.34633286303
52.1695669305,5.47850753035
52.3524094974,5.3963663058
51.377760878,9.68785385823
52.5533432748,8.02289855051
51.6907106308,5.92486499181
51.3869394522,5.54723908755
52.3097614606,7.79420580136
52.3921182773,6.00412583058
51.9185517034,6.87413456522
52.57728619,9.22161229108
52.3412553004,8.90533469724
52.5809955077,6.78588962008
52.1005459137,9.28573513502
52.4943871323,7.92301490738
51.8102179605,9.72600670089
52.5284748398,9.43562966844
51.8521427315,8.66781202855
51.9748305323,8.2978938391
52.121403764,6.56906834149
52.5748864547,8.39565485731
52.4978241717,9.54703022909
52.592629488,9.35758904853
51.7490469687,7.51571407264
52.3793350995,7.62330729464
52.6414460973,8.89241128328
52.4000961547,7.93736115805
52.548520843,9.66120943852
52.0384089158,7.34795503438
51.8279820965,7.24768576001
52.2981225184,5.99600803209
52.4278774289,9.47711807408
52.3571968428,9.4239544117
52.3211474811,9.69688584402
52.5545843479,8.96824464965
51.5800295227,7.84203981585
52.2973658293,7.11633611514
52.440652701,7.58493970739
52.1825532045,8.03110833784
51.6704536831,9.01218746525
52.4177249496,8.86421251271
52.289557843,6.99610041648
52.6456954356,9.65938477736
51.4292024364,9.98724451886
51.8789957273,9.23228794903
52.4082843584,5.38472864793
52.4695907742,7.08561419664
51.8316564219,6.8462922571
52.007438647,8.42612643872
52.0273107928,6.44115628764
51.7516140815,6.69508414174
52.289160355,8.8631568797
51.7166256302,7.36601758904
51.9530074907,6.47258515287
52.2379485747,7.8659259635
51.9479039728,9.01278869191
51.600538826,8.23603467034
51.3794601405,6.05218876097
51.8844163699,6.65719137409
51.9857426375,8.08041636596
51.4356927921,9.16598450689
51.3536412532,9.56338174051
52.3489092466,5.12343068692
52.4176415257,8.21334376106
51.763976388,8.99295658261
51.6408162366,8.67561605644
51.8918356073,7.14782212052
52.4094666413,6.26402774582
51.6879402571,8.73598945371
52.1757081431,8.21032364061
51.8943612535,7.27894104575
51.69740647,8.20738984719
51.3306217113,7.55354181229
51.9352352602,7.78510919794
52.0204694509,7.2780397938
52.0950183004,7.05817603132
51.8386436227,6.43292484521
51.9935387065,6.91749135312
52.3246283646,9.51143913616
51.7258203881,7.59318595124
51.7920414612,5.32066402221
52.5213772361,6.01837088193
52.1617448776,5.41869230173
51.7690722358,8.24908166401
51.5191433626,9.13838822091
51.740605788,6.03272805209
51.3523416301,5.30863656422
51.9229130252,9.59148856124
52.3714819114,7.50825270841
52.033439421,7.17648808396
52.1719116001,5.62627381292
51.7277217589,6.83075724113
52.0134480782,7.61002308594
52.2605770548,5.8005897295
52.1960957985,7.6267552412
52.4885670749,8.36322714273
51.8087463221,5.66732660695
51.4921822776,9.69195427468
52.5768854588,9.58895222201
51.4805833047,8.59128218898
52.6773753741,8.58817832852
52.4416237307,5.52247220424
51.830437919,7.42809688868
52.6425906804,8.05945894591
51.4500991036,5.32380304091
51.7047308343,9.95626143609
52.5352001381,7.81951897375
52.2273266394,8.77920365913
51.5139697876,7.9803377151
51.9895460085,7.9827141262
52.7260687809,9.04809559616
52.5097375729,8.57556728238
52.2216421097,6.04274925275
51.9476078225,7.36195826738
51.8263848913,8.42119131409
52.7191354157,8.11947400022
52.0159944964,9.79948921935
52.2019853446,7.38664112601
51.4870774598,7.80191608507
51.3868480108,9.83365939829
52.0995613074,9.19296932992
51.8418325062,5.77076490984
52.4730419519,7.47547253648
52.3910095537,5.44738980076
51.6391770118,5.52128626793
51.908611948,5.52934235309
52.3400836296,5.52248120559
51.4871323824,5.39784353164
51.7777149542,8.38259397378
51.6255843642,9.95992516005
52.2330430677,9.48189713534
51.5872972474,6.67111603024
51.6295225554,8.58638832459
52.3691605087,9.08772912203
51.9200162355,5.71269090942
51.5154557599,9.50869372974
51.5537384398,6.07568920057
51.9660001588,7.69676689991
51.9099808528,9.3469924542
52.2105775302,6.5676791817
52.5226820993,7.55252088574
51.7706766923,7.98325176702
51.6470179144,8.42936992128
52.4641875035,8.03345957927
51.8906546254,5.36766474846
51.5247413831,6.74295947939
52.0838003302,7.81360685775
52.5379389462,8.20167622572
52.5858741786,6.53189485285
52.7394547401,8.67510267549
51.4121045701,8.17182468112
51.6623209886,6.08642933911
52.5046948618,8.28841895439
51.5775975869,6.94487031117
51.7881899688,5.93772118178
52.0719420756,5.14878875871
51.6227040299,6.01061036873
51.5673492153,7.51375160684
52.1413227273,8.97206380308
51.9304492476,5.96040240213
51.6643343521,6.98081781316
51.4693869439,8.09548743633
51.9158260683,8.38624485354
51.6589482619,7.20207543907
51.5226344697,6.13649379466
52.108703105,9.84241748276
52.3823818618,9.77363101144
51.7708268093,6.60276378126
51.6943380308,7.08577605078
51.5647534481,6.57382703345
52.5311775941,9.15308599695
51.7638290367,5.41810549044
51.5136819848,5.17401671395
51.5220908597,9.89902083197
52.1774361741,7.68635437626
52.8119192628,8.06386211021
51.9185818738,6.17316461438
51.9858923778,5.64387045702
51.6839009951,7.68094830744
52.0804970826,5.6139167216
52.6467247511,9.12020862458
52.1201279519,5.06408394287
52.4885620111,6.3347655766
52.3557395788,7.33158693021
52.4398611411,5.21922334037
51.5828714133,7.13209531004
51.7129779166,8.05318741215
52.2915471359,9.17025576566
51.9932887116,9.26175162947
51.4802126083,7.11384269415
52.3447491907,6.17125793516
51.9772701361,8.50711701584
51.5969732211,5.73732554747
51.565423822,9.6504107509
51.790781507,8.75540685591
52.6817554327,9.75892351747
52.2419306917,6.14718454217
52.1063667985,5.96977628307
51.9197624209,8.16400816521
52.7438672363,7.8844430801
52.2927166836,5.29190602088
51.5723280402,9.58183391975
52.3726245132,9.17681807015
52.3994290619,7.11970727852
52.4679076583,9.7627448416
51.8312349005,7.87518695006
52.33965329,7.69049789104
52.1727169908,5.87744418731
51.5412170109,6.32986199406
52.6513165306,7.23259169637
51.4427881566,8.00999037416
52.6437756798,9.55920465647
51.7466708614,7.78625668957
51.526354972,5.98557117947
52.2403929117,9.79731081171
52.3398006859,8.02271933702
52.2479079176,6.48466381707
51.5913829058,7.604952976
51.7483898789,8.67964745277
52.0803213578,9.47810700283
51.6418949764,8.93985049838
52.6338561326,8.48275589548
52.4573189729,6.16776412061
51.413969694,5.1496329566
51.4808790798,7.28027694539
52.5485788538,8.10810322621
52.1189136167,8.38411327325
51.6685581011,5.361176412
52.6021193616,6.72590289357
51.3812370639,7.48365043274
51.8593588865,9.50436003531
52.2696852793,7.50392520308
51.7454881048,9.33319470258
52.1088211752,7.21990544645
52.1250248418,7.31356191592
52.1113210833,6.27872824692
52.2451171862,6.65693290901
52.0948025729,5.24804442883
51.3999229067,9.21789520426
52.4706775652,7.00458144438
51.5775286821,9.25074938419
52.2243225936,9.05598242277
51.4290065962,5.96629252366
51.9302088125,5.14462375612
51.3787823442,9.49276326519
52.6376620398,9.00012796513
51.3566131504,9.91864307145
51.2571606769,7.55816351424
52.3701467562,8.60054834367
52.0942152131,8.0798345095
52.0571439053,7.09659057631
51.6209746576,5.02550663632
51.6710816037,6.76300120118
51.7443357299,6.14593756643
51.4261567501,8.53433317967
51.5704260539,6.81217297842
52.4132952947,9.55956260484
52.6745680419,9.34655747526
52.5536332242,5.89116712364
52.3585176038,9.60729563972
51.5499101821,5.34260683759
51.5166102009,7.46420229587
51.547822334,8.57026005248
51.7660201081,5.84002533894
52.0087515326,6.11475162231
52.4972869567,6.91299139541
51.6705795826,6.4822291777
51.6311525158,9.15038180434
52.5579724269,6.43551961912
52.5191382924,5.05512937986
51.6013700434,9.73940014888
51.7742378609,9.26193468906
51.7959609668,8.50788262096
52.0474786586,6.99101463444
51.7061814391,5.26760546735
52.6666294287,8.41936261961
51.9345530299,8.9003556803
51.5139575788,8.17336463996
51.4961611404,5.71602948747
52.2715206475,6.28057410865
52.1459444017,9.38797770452
52.2106743849,6.4307045981
51.4212791753,5.229342703
51.5348462535,6.20811210935
51.6262098377,7.90930784035
52.6128344935,8.5471705413
52.6154799158,7.48924675458
51.8323497413,8.57338202801
51.8544204418,5.55410428606
52.6745288618,8.74358824784
51.8127296187,6.22899315988
52.1968681693,9.29993973962
52.664885685,7.84656339728
51.9056479181,7.46471568718
52.5606642794,7.65527179619
51.8835166053,5.29423981972
51.8440686484,7.72558208071
51.8482862228,5.48406673773
52.2521841419,6.72528376462
51.4695008401,9.26255567899
51.333571836,5.68075006465
52.2539541947,7.70597933459
52.0306028278,7.74812611775
52.0818564109,5.3675887318
52.306355967,8.69767589347
52.4220422857,7.28569781567
51.8067101115,9.60087660592
51.8942647724,8.29337881747
51.9206746371,6.37477112041
51.9281225982,8.2359324258
51.4745723561,6.67681963478
51.8311332279,8.28155488709
51.7760358063,5.17401851242
52.4325271321,9.92543901215
52.3714776003,5.69053260588
51.6530896945,6.34360038205
52.1139546291,8.88355501431
51.7146651206,9.78873309729
52.1560182406,7.88049171133
52.0457721187,8.84966581363
51.3306228823,9.6429384899
52.4181505765,6.96022841579
52.1063631006,6.75492127071
52.3774403922,8.96886231993
52.7041779476,7.52360463621
52.1896128731,6.79843784844
52.3695313876,8.43237346077
52.3224054772,9.02964731376
52.219959853,7.45776595497
51.7071564281,9.66930431925
52.1041704372,8.27738141481
52.3198193271,6.5868221343
52.3015348143,8.14513641952
51.8621521109,9.09310326671
51.706573654,7.89044551138
52.2841076199,7.6023982233
52.6632112667,7.58962203586
51.9197149785,9.73307698568
52.1791786411,7.53982241757
51.7648509409,8.55941578746
51.5617267531,7.38225589881
51.3798088577,9.3088570677
51.7796665307,8.62192777599
52.5443067103,8.88414472327
52.1429614204,9.54920278594
52.4671373374,8.12827236055
52.281240816,8.60855444388
51.6551802178,7.33877005813
52.5460854138,8.50722435798
51.7556554026,6.90365044241
51.3142877409,9.46590770295
51.4318910695,5.0573241288
51.4750345477,8.26981853304
51.3805556804,7.64904641268
52.3472711015,7.224674838
52.1470087379,8.73190377321
52.5769898381,9.51875310461
52.3881116353,5.17622803819
52.4315465913,8.74771217986
51.5684364957,7.21020084729
52.6073948567,7.32653379639
52.5192305434,9.8494787557
51.4708700296,5.49122306638
52.0892637742,8.67381022074
52.5638856846,5.36116445424
51.5584168652,7.92852990449
52.7191153859,7.74816170251
52.2432342483,9.89589646355
51.7754651498,6.78204385402
52.1297266897,6.14724597699
52.0525736245,9.9093640321
52.3545353854,6.95252175799
52.3060688982,5.18495553502
51.4678557356,7.91225328253
52.4245650068,9.3827241959
52.5094704242,9.31253937346
51.9529575297,9.89604775231
52.6833904642,7.33203616322
51.6028651499,9.45680148041
52.6151612384,6.3398008381
52.3881356935,5.60508047268
52.4237668362,9.84506123944
52.0404895369,8.94016740736
51.6056973539,7.45960431669
51.6870656509,5.70604381008
52.683531431,8.32953200359
52.1194930759,7.62921948198
52.1779195526,9.84778810675
51.3868654939,5.75833717826
52.2340216741,8.20628686337
52.1003349528,9.97373164914
51.9842348971,5.7985905197
52.0240045736,9.69334009205
51.9614424393,5.86388324012
51.5846255573,5.90915839007
52.4973420368,6.52268540434
51.3018926578,5.5396705277
52.1390471619,5.16121340787
51.7148804695,8.60138309138
51.8018593931,5.03812391427
52.1832461713,7.22162348916
51.4809222309,7.64970292121
52.4492146124,7.17873373728
52.0996888311,6.41601311848
51.5119941872,8.0353477439
51.6207867773,9.86821304594
52.3929618608,6.09604940498
52.1680616565,9.47775085698
51.4951353561,9.80490730469
52.2070859521,7.93980916265
52.4621093187,8.64125865947
51.5648049027,7.73012206704
51.9493411136,6.98200745181
51.4531299487,8.66323112984
51.4406351804,9.41438394608
52.3342075632,6.25717661933
52.6384131645,9.94781073515
52.6937225138,9.23789128826
51.819407092,7.08825964132
52.0529911748,8.74847295359
52.5181481531,6.8196367098
51.4979303586,8.50928795146
52.6065734441,8.7999469235
52.5958453071,7.57366207841
52.2865516443,6.41602972775
52.1950491052,6.72121948996
51.9573689907,7.22766363807
52.032504715,6.22225943433
52.2566496316,5.58628128296
51.7745755675,8.91156180664
52.0550703864,6.51405232065
51.5159787625,9.33660364316
51.8027080291,7.49334412038
51.6523717694,6.8781319393
52.281597613,5.48004187096
51.8780242629,8.49345356255
51.4492669313,6.57821507805
51.8631104274,6.54021161738
52.6380200566,9.8567566569
52.1128779411,8.00373465068
52.0561182046,7.68397619792
51.7140358055,9.19552964886
51.4070847689,8.90959591165
52.6508350195,9.46528588745
52.2510038343,8.06427550971
52.1028101873,9.63668955463
52.2832670938,6.21933121313
51.5936004052,8.78477853885
52.1925163884,6.2430457503
51.9218746168,8.58922545249
51.6727010902,8.3194017347
52.4473436658,9.65232275236
51.474404653,8.40084579793
51.9046125572,5.60804279818
52.1966401024,8.34795871402
51.9437287797,7.8908440901
52.3031307331,8.26625008404
51.694431862,6.24247360734
51.4074139286,7.03171449355
51.6264752282,8.14336095953
51.8418548196,7.17848060483
52.3314372763,6.48565039279
51.7166233649,8.95364117462
52.202777597,8.89051579568
51.4498399563,9.8931534022
52.5341894418,9.06153551877
52.3010862193,8.50350517107
52.0335551132,9.56468925513
51.4758971492,5.60598237451
51.4516562658,7.49658763417
52.5207259104,5.49259476185
51.8283439248,8.34648799396
51.4119554282,6.89922744194
51.7511618806,8.44837093582
51.7901945449,9.03820427876
52.2093657058,5.22074372911
52.2852023124,7.93446376969
52.0129070119,7.82610969114
52.2473241125,7.99700727729
52.2251472015,5.45455998039
51.6680272123,9.50970432775
52.4085729968,9.28244249709
52.2190590981,6.34970220103
51.9901413872,5.54988938115
51.4746541997,6.27516554225
51.7613476012,9.50430231517
51.9924761592,9.99190708814
51.5136374708,7.19580999016
51.697744398,6.65188814051
51.5871734844,5.45261415929
52.210613952,7.05121062655
51.9733359161,6.58172661174
52.5519133163,7.0350819384
51.7706254317,8.08212142655
51.7908497527,5.11432187196
52.1783543239,7.7810981319
52.2250066044,5.95060681503
52.5149099974,8.79670250719
51.5393305849,9.40788760676
51.3441695793,5.60931595498
53.2665190072,9.3821897962
52.9845427578,7.98644090031
53.9366025369,7.01811190881
52.9170296893,8.11211243573
52.9010040208,6.46463840929
53.4221054953,9.69760181047
53.1204461627,8.7284565515
52.9188517672,8.32523583933
53.295428841,6.48869548949
53.407976982,7.73312120814
53.0195384162,6.35073678426
52.9204558827,9.11233763398
53.1831114488,5.15674692958
53.8146457656,5.79937683493
53.7864750713,5.13607388496
52.7772649098,6.68414410556
52.7010541965,6.39962264449
53.1944218834,8.24436540953
53.2640660703,7.17467357622
53.451388557,7.13590443263
53.4330827493,6.09671169999
53.1104260755,8.80158882587
53.1900939716,9.04361942222
53.0177717963,5.04745457924
53.4705679662,9.53570334808
53.0042552944,7.45571056394
53.6740462019,8.42217703783
53.9801292552,9.65324380192
52.8547546014,8.6882073304
52.9114581222,9.9403102985
52.854320243,7.1923009235
53.5802026115,8.800845134
53.8606844563,6.67573074205
53.3888153629,9.86945245035
52.852461983,7.57875020505
53.7286280735,6.06522490045
52.6254748046,6.6484526732
53.6216173925,9.9012590891
53.7777818455,7.41173082769
52.6060498806,5.60328676741
53.1427848552,9.85611727134
52.9182984439,8.01699104736
52.8529646889,5.81063141819
53.2146016735,8.69240491894
53.1000462323,5.23344329108
52.8445380744,5.92383524972
53.4043006617,9.26736729424
54.061995891,6.56965770902
53.238372387,9.72901307708
53.9022679446,9.63713154306
53.9600387715,5.66742347025
53.7544556737,9.61273654437
52.8527020388,7.09249986559
53.1986421257,9.95812081919
53.1972952728,7.98096200409
52.8437935027,7.33761729986
53.4118705837,6.82168956617
53.7334340241,6.39845023608
53.6640787169,6.63805469296
53.8194723652,9.16176159365
53.1068844238,5.32620863449
53.4007238089,8.13391132394
53.9272190396,6.61383155101
53.2418132172,6.04476944681
53.6768802557,7.0831894175
53.9826795622,9.46704885214
52.6373928823,5.40312782207
53.3411330108,7.52422260702
53.3787354494,6.69957555984
53.3398300017,8.35267093705
53.3947711419,5.34762589758
53.1349017605,7.97935865772
53.1811153984,8.32490109687
53.7716305568,6.1486119377
53.0813428672,6.64461500076
53.6211540604,5.87705312586
52.7445939495,7.02327236478
53.9083012244,8.897892693
53.1675081946,5.97213289736
53.264268713,8.62431237696
53.1986422579,7.43670882628
52.7495983384,5.85321432449
53.5446577285,7.90186496358
53.3930627959,9.61073645925
54.0981860595,6.74374548488
53.074982122,5.12328468362
53.7973768276,8.94745250883
53.6247759714,6.36090436232
54.0059845934,6.78870149336
53.5097410989,7.41498904305
53.1743578566,5.27129922849
52.7831626804,5.10895320045
53.5070136073,8.24527308158
53.5356036487,5.59998343564
53.5574545194,9.83394783667
53.5930531032,9.18930114313
53.3890979109,9.34396018936
53.8606639033,7.19052811685
53.0885441526,7.06044843707
53.3632808506,9.20571781102
53.128189833,8.95377264776
53.6782065246,7.87960871696
53.1676363777,9.66126094715
53.8350488987,8.28428852261
52.8339668556,5.4985890784
53.8627871947,5.06463334631
53.5264093269,6.09509402837
53.1362704369,9.22161209437
53.4478139535,9.42264917013
53.4233240114,5.05880761401
53.7274723744,8.83378225882
53.0484372197,6.71730773274
52.8317777478,9.845152228
53.7996507934,5.34273789372
53.4749510092,9.85978970739
53.8676178058,9.50716666904
53.0223482566,6.90065638889
53.6587577518,5.98048418093
52.9542676502,8.82453166581
53.3673120591,7.1774212494
52.6990546396,5.25651802469
52.8219148719,9.64886607383
53.2060493745,8.60217866195
53.6186643852,5.3629803907
53.5528861863,9.96102921073
53.4239244815,8.21046764775
53.4410279945,8.32093631971
53.3071440519,6.10668008382
53.3441809568,7.90228769332
53.2039307495,9.29657193612
53.7514665742,5.49954163368
53.2316587241,6.80432812249
53.4407106296,7.40717332857
53.1751912702,8.77737699543
53.6255913943,5.54532115064
53.7141387582,6.99165861528
52.8353113895,5.30882731228
53.0285983287,8.99990099821
52.9021515626,9.24558392067
53.0311538428,7.24484342483
52.7174644175,6.82597989624
53.3606073458,5.87728041745
53.9270637192,9.56280546255
53.3418381515,5.95017473887
52.9927838056,9.17739387878
54.0487352186,7.37227337763
53.015333793,6.07337110233
52.8112801759,7.89410531843
52.8465909222,8.15527048456
53.052130878,6.81236412499
53.7656404533,6.23328303066
53.4243435285,6.25644350675
53.9080755468,5.71877618387
53.614948838,6.72564891117
53.2653522306,9.85349362621
52.9504589938,6.06803645476
53.3019830996,8.15892491198
53.7743145446,9.91168309143
53.6767754451,9.36179602769
53.828466028,6.00285537212
54.0110495624,7.73026989064
52.9224010108,5.25479238571
52.7361860333,9.40998811362
53.8956980758,5.80936097486
52.8853877533,7.48537426971
52.9549704184,6.15988940199
53.5941007883,9.35736055537
53.1219498387,8.5444620521
53.9049133762,5.47370370148
53.7024663673,5.91425005289
53.7077094771,7.71672684801
52.7610887911,8.54725459254
53.86383977,6.1184641851
52.6439922253,7.0793460926
52.8257831155,6.77890677733
52.7764861243,6.02961768338
53.0700531965,7.59734683037
53.07468208,9.52148494361
53.6705350388,8.78350394647
53.1164008922,7.67349916751
53.6499897034,9.28384940497
53.6810187614,9.44253127054
53.2941248752,9.46531066035
53.1883304299,8.40887980872
53.0900349083,8.10138600011
53.4265314483,5.17375849823
53.3644367575,8.52189377556
53.7912387661,5.66698885823
53.4653735298,9.92127129947
53.4186354881,8.83383525635
53.352910662,7.69123114131
53.6660893622,6.91859573466
53.1792791654,9.56236257822
53.0721001454,9.41339002291
53.3466748567,8.04452882992
53.496731334,9.12167907861
53.5770592965,8.08621967985
52.8738510351,6.18980357774
53.8977475143,6.3362916439
53.0920140067,7.43956472593
53.4649455854,7.34263303715
53.6649397942,9.53452081896
53.4828383275,7.87413563111
53.1549973839,8.03462937813
52.8188982544,5.40602767581
53.4650301939,5.54859733394
52.9386479763,9.82128282725
52.8220588141,8.61304046976
52.8010890305,8.77434845
53.9518192033,8.6552461815
53.8893842681,6.92160829462
53.5883981051,6.55673760963
52.8658268702,8.84578426893
53.1292776492,8.48054832647
52.7573202249,8.2634981958
53.8610586638,7.06461499041
53.220896845,8.96774434066
53.1928048978,5.79437752929
52.8030305884,7.76717764401
52.5791864789,5.4527731134
53.3667975883,6.57427479748
53.4707966344,7.73744101874
52.8537179743,8.5290430467
53.235178785,9.63125838553
53.1991256251,6.880279364
52.9537714595,8.71902937749
53.9633480918,9.36520130945
53.6199106878,8.3862515727
53.3417095423,6.2994139171
53.2881258443,8.26745006935
52.8870549087,9.61340468136
53.8210369283,9.04194842846
52.74440858,6.48589526624
53.8167439917,8.84642963332
53.9741378985,9.84532630537
52.7878715373,7.50359911456
52.7197353923,5.35665366832
53.1112057202,5.04171417365
53.2256004925,7.89235495342
52.76823212,5.55983047617
53.5576203481,7.74092162673
53.5077930686,7.48773281583
53.504441835,8.86750540175
53.6673244233,9.63078563394
52.8170710984,9.5836877475
53.0280792876,6.57282897757
53.4984678537,9.70793537129
52.9917619812,9.61961328371
53.9841002222,7.61851052073
53.4612061516,6.41302685974
53.6500155161,5.0400718586
52.7382404,5.46724017153
53.3206439282,6.79261996222
53.558211743,5.28414922783
52.6694173502,6.93208415228
53.9972941436,6.32399608907
53.2023594005,5.37719763797
53.7026679793,9.1970981653
52.9884002709,8.64473503609
52.8928609421,7.26908457481
52.6756466792,5.66682524643
53.4540113676,5.77194111108
53.0471462427,8.68419960736
53.521743286,8.01311871521
53.1468313053,6.36085156466
52.4674016507,5.1449822601
53.2962175871,6.97738887455
53.9176857096,7.12267584948
53.2848913941,7.81525355824
53.6818828196,9.9238717024
54.0571117409,9.68838960568
52.7817465058,5.78473956429
53.4917542764,6.56207160979
53.3635835481,7.25627874182
53.5975797004,5.68723872377
53.532985454,7.55353453496
53.0634920556,6.15037914248
53.8633498922,7.30984471639
53.9811625729,9.09753868653
53.6773665169,8.15711095751
53.1989242205,5.04611659372
53.3100268594,9.09705857924
52.7697862673,9.76854457621
53.9941597493,7.53275822052
52.7256298801,7.14021481988
53.0194103689,6.97727980167
53.6313810382,8.26066327043
53.0974201874,7.29702103982
53.8135844658,5.91101861181
53.3077881978,6.87301881496
53.1365234769,7.525725515
53.929959199,8.42384620721
54.0016826412,6.94466821734
53.1687291467,7.61037561535
53.0421953701,5.46571599263
53.9849580048,9.27338617128
53.4506759134,6.34608369319
53.096155694,9.61628138232
53.3713580487,6.15569578173
53.2740277848,7.97743046063
53.8943164663,7.56611882941
53.6683259922,7.94096497137
53.0850258725,7.16797420645
53.7730007495,9.5025728503
53.3585042245,5.7734970945
53.3209679406,8.98658265073
53.6087598525,7.83220581128
53.9363092754,6.22066926232
52.9098865642,6.38818994836
53.88505063,9.95585737228
52.9775343518,7.79052661552
53.4866587194,8.69474526093
54.0671698777,9.62921194095
52.9133177526,8.6277915468
53.4373906161,7.67127926287
53.1904802971,8.14495286974
53.4405257496,5.44703758391
52.7546575694,6.92458124573
52.7663481853,6.12382781218
53.7613424183,7.12314101529
53.4125152535,5.61397908994
52.7942704531,8.47164727814
54.0273976846,9.56405989264
52.8899324839,8.77137143682
53.9147226956,8.61090061103
53.4363950129,5.8419877404
53.9364549994,5.16008528923
53.1244746874,8.63161033229
53.2471595664,6.40726381407
53.175963268,7.25066332739
52.918811646,9.68344961806
54.0263742981,9.1863321144
53.3763946649,5.52647304973
53.4333350942,5.94058766855
53.2857557484,7.27737043951
52.8917482361,5.1743281855
53.5211229614,6.20424621655
53.2917586976,5.2995362591
53.9796225646,5.5044075201
53.945639332,7.80157584996
52.8911061055,6.68648415642
53.6427730653,6.82130835677
53.6475441948,6.55203884112
53.8481320495,7.40022664534
52.6263060205,5.05210600608
52.9707176366,9.28731064692
53.1674452626,7.14052550426
53.4289738622,7.02921493274
53.4643570008,8.50971155619
53.9963004246,7.09801276417
53.7458020949,5.257153092
53.8294037891,5.85242100636
53.7426480702,5.05353179903
53.5467967522,5.97406921717
54.0061253358,7.19640692915
53.8270353062,7.11917924931
53.2604252696,8.79798727591
53.0561235159,9.27056976472
53.4257013227,6.48309118028
53.2407770864,8.06103548229
52.6023405896,5.80479441729
53.0803134033,6.43372558672
53.6776313851,9.82957723406
53.1960246339,7.78599535629
53.6051794739,5.45733887767
52.8886837034,7.74507881383
53.4811819659,9.63349885784
53.5413744334,5.79087118
53.6902087456,8.69745435843
53.6429082638,6.11022234489
53.0730020041,8.49354908539
53.4936672379,9.22484405448
53.133409699,7.35881311534
53.4592871801,6.93882802936
53.1220650656,9.03410547455
53.2712802296,5.95190558478
53.6923503276,6.17374351465
53.8150816854,7.99979795372
52.9970509136,5.98697087425
52.9681310589,7.55357297432
53.1155106529,9.9364201431
53.4259599432,8.95281013922
53.063559851,9.6875440538
52.636541247,6.77701383797
53.1554027962,5.59186389408
52.9441366301,7.17425055811
53.3496460095,9.41117201433
53.5252036407,7.63999701251
52.7571281191,8.40171481081
53.8341703889,9.65608038828
53.2591519593,6.18077975077
53.5598605689,9.28326508485
53.8369541774,6.41814945562
53.4933692208,6.88208292762
53.5921382078,7.50185082454
53.1688754692,6.12453060406
52.6871334167,5.78511876569
53.0962844858,5.64958978323
53.8388208499,7.81192715622
53.6452430691,8.53251955896
53.3207679042,9.97001606195
53.2443382268,7.6299042293
53.548397518,7.34035971017
53.4578052625,7.2444431567
53.5192072267,7.82248417916
52.922108691,7.87905335931
52.7358471445,6.21279062996
53.031774858,9.33834758553
53.6085462152,6.04797114378
53.5968980862,7.97846233201
53.647473181,5.23498234614
53.4398501277,6.63441167637
53.9103537572,7.67983170319
52.9842650921,5.45185907723
53.3470057217,9.76336381698
52.9886128875,9.73554397056
52.8432066394,7.82436919817
53.7012017997,5.63255299352
53.4543476083,8.06249451062
53.1128060641,5.44848456224
53.3083922916,5.182648778
53.7834453684,7.04449788111
52.7395956383,5.72791692249
52.6591064075,6.5656207618
53.9892763597,6.68864397286
52.8587045772,6.11276857274
53.7106204961,8.27413148162
53.7156387813,7.52575184174
53.082086006,8.2568958293
53.2741489314,8.41107448274
53.2012623637,5.66761483003
53.4465626212,8.61145897102
52.6294887246,5.29798481628
53.872262175,5.65583528485
53.1625455028,6.62957719604
52.8010914197,7.677570187
52.8700802054,9.54076483308
52.9888219751,5.80848260628
53.4803376355,5.68718713646
52.8994946813,6.92037575601
53.6878813647,7.44112966096
52.9253060808,7.38776042268
52.8502968619,7.9647247328
53.4552105404,6.74001572769
53.5182996002,8.42710957285
53.7065098297,5.38473661881
52.8045714716,5.20163713531
53.8030699262,7.72272219377
53.5284624637,6.30739008617
52.9987112736,8.11895912407
52.9167083735,5.65737917929
52.7198002579,5.04194059022
53.7167263051,6.56104662753
53.0735194763,5.54410031421
53.6786605954,8.34238317195
53.7368917947,9.09908628628
52.9471514767,5.54034465806
53.1490876692,9.47577688066
54.056155612,6.84327052752
53.2064887949,6.96418629434
53.7899355516,6.32635999887
53.0545660282,9.80447938687
53.7945397914,7.1753031241
52.7642400203,5.27943027579
53.4791150632,9.31720082028
53.5348957323,6.79733507763
53.9063329622,6.77842245638
52.8299860377,6.60374710835
52.8063360482,6.40937973926
52.9890566644,6.47454493049
53.7308900151,6.74452121117
53.9856232054,6.59516633674
53.7271800213,9.71826343439
52.8059316156,8.98775336658
53.8836611658,8.52182332233
52.7990343541,5.03742729563
53.6426702175,6.9967573753
52.8112310252,9.26042808545
53.1897048187,9.37206501084
53.8598640059,8.19830324751
53.7045346714,6.31076420506
53.7308154482,5.18666461045
53.0955514843,9.11874657713
53.1165582977,8.35248901019
52.8965427457,8.18570104956
52.9101854589,7.63647348475
52.6630705152,6.2629936027
52.8462734021,8.38222465421
53.1722264893,6.53731411258
52.7324057986,9.9946996756
52.8795964087,9.45904023468
53.104317067,7.8939632311
53.9766741954,9.92154062283
53.7429666022,5.96508046598
52.9257791064,6.83178742453
53.2407900923,7.54442939124
54.0355577133,9.95468592796
53.5195697456,6.96657515319
53.2547732431,5.75791135432
53.3334203166,6.2354192808
52.7103609313,8.2192764247
52.9257553717,5.87784092552
53.55407582,7.06097754283
53.7628683009,8.74620995082
52.8472625791,6.32968999168
53.8065182907,7.61939171774
52.932174038,8.40365903117
53.4535957979,7.95281175575
52.7532491793,7.58326886211
53.7150545365,8.53848976943
53.9873921227,9.99406033776
54.001946771,5.75642854459
53.7696422171,5.56917057735
53.5343847216,7.16835571898
53.4792645371,9.03810755895
52.7501280716,9.89781842387
53.8324827193,5.73437158552
53.1251347205,8.18031792547
53.8982151094,9.32535547049
53.1453260056,6.23369447292
54.0432435262,7.86849931273
53.7019739091,5.31648919339
53.0821871084,7.77005939592
53.5389937799,5.18800536578
53.7920816127,7.8670445252
53.6706989283,5.12706131535
53.2942050115,5.68818529612
52.9676367709,7.30392249897
53.5394669331,6.40459038994
52.993429368,8.05017690364
53.5587338054,8.57208196221
52.9208440708,5.76526092449
53.2969539127,9.65859305019
53.5073942226,5.88098359593
52.6930664741,5.97468350704
53.3608546846,6.04034182714
53.1294753797,5.73872449558
53.9724170457,6.51320400583
53.3566179065,9.67862342154
53.0313165125,8.1758656726
52.5351552786,5.20137988944
53.472030464,5.25885568283
53.5882315382,7.4179229078
53.8756695102,9.83565003762
53.2508340026,6.29956215318
53.3363443017,8.44085635437
53.8461044828,8.41211885731
53.7067835309,7.20307724926
52.8451026628,9.73019617459
52.8463814812,8.25561264501
53.288723964,9.18714978234
53.9675879177,6.86321477745
53.6605799177,6.46834287369
53.6465881632,7.75111637717
53.370337377,8.26753196174
52.7853483915,8.88260158197
53.7401531253,7.32539715802
52.7652673459,5.93363673234
53.3781386148,5.25382356229
53.3091493539,9.28451133889
53.0513981319,5.87795854275
52.6906928903,5.15059474334
53.3612666431,6.39528979025
53.7720309704,8.35153962217
53.9828591795,7.41220009758
54.0819721378,6.65342730315
53.2254074211,9.22122835734
53.1525699581,9.41614390462
52.998950168,8.46468979006
53.1194742403,9.32068693835
53.912442894,8.80577599485
52.7911362261,9.4943632917
52.7814123479,8.32556124722
52.8434114336,5.74218540732
52.8513519424,6.98117780376
52.6533135323,5.46884824886
52.9757319878,6.74312351715
53.7690674595,9.24478700613
54.0050526989,9.75840860638
53.312657315,8.71020193451
53.0369387919,7.35412062353
53.2948856717,9.56396411688
53.1176203955,6.5748884358
52.6701062595,5.5531770578
53.51671676,6.67949696791
53.8407501775,6.20715293299
53.3839923503,6.92928196054
53.8273398155,6.84659209545
53.1676198178,8.86236088267
53.9088538054,7.46793437521
53.9406955049,9.00435122909
53.6237822215,7.90804903565
53.3719864388,7.34377098931
53.0220048299,5.72481868
53.5736728262,9.46770955866
53.5992257927,9.7146157272
53.3233660055,7.08363553742
53.3408640603,8.87933002942
53.7306067785,5.74229210715
53.6791088413,8.48457788632
52.8802538594,6.00606160327
53.8551352654,7.90514804086
52.991519766,6.65492222386
53.402023993,8.70146417678
53.7363884638,7.57564009906
53.3043118777,5.06021478875
53.5849736578,6.971224687
53.8478092747,6.55542520734
53.0547150791,7.51162193505
52.8005075555,7.16390479876
53.9207727828,5.31981393589
53.031616265,9.90797500949
53.5058898934,5.36372083789
52.7050634626,8.82323293051
53.3456094905,7.76823688539
53.4554187498,9.78489870007
53.0092259556,5.19628489776
52.927940139,5.37262105871
53.6995820907,8.03073485041
52.9140614555,8.47310970409
52.7321411452,9.82754160067
53.6132271699,7.15459722675
53.7860250955,8.54016545634
53.4539079048,6.03077464224
53.9411374981,6.02632766986
52.8886146123,9.31949533701
53.0835067353,8.42581556664
53.7585560805,8.4553611779
53.116012935,6.92340628645
52.6710907747,5.88924999693
52.9571217855,9.39776013783
53.9263526684,5.57928394391
53.576262041,8.18740984131
53.8907643773,9.24538750573
53.4398162315,7.56408629892
52.9320707737,9.04045008368
53.3929938753,5.68573529778
53.6661736441,8.61189964323
53.0755033854,5.79168461392
52.8247365804,6.2423832281
53.1284483297,9.74637541723
52.9911441474,7.68033495383
53.5738599614,6.89544327205
53.0594546329,7.9969277784
53.8191471925,9.31336706459
53.7061616005,8.99595345293
52.6119605296,5.22014031446
52.9490518092,5.11601355742
53.7650919177,6.63531538085
52.9351864556,6.97825604743
53.7451111787,7.9240189664
53.2948807427,7.45361307729
53.7300525926,9.30731667491
53.083766874,6.51018775859
52.6703455161,6.07155247445
53.1436006843,6.73141064566
53.5938471056,6.16282629232
53.4008684226,9.05463770181
53.7939752762,8.11358676779
53.8634097043,8.69004463841
53.2750480496,7.36990277005
53.3170276092,7.6125469616
52.8372015999,6.50948370079
53.0116719993,5.62356610921
53.8669554021,9.4146096798
53.8146669445,5.45049076969
53.2783818917,7.72345754385
52.8270048322,9.38893562792
52.9680366817,7.06361500723
52.8567701897,8.45762227235
53.6237657097,8.89712098143
53.2193594657,7.05353846584
52.853030322,5.57917476381
53.0107132077,7.92888098554
53.1531745609,6.46464615111
53.8017914737,7.24303821233
53.7576508732,9.38920345806
53.3426138071,8.62131482533
53.4252642536,7.81612561257
53.8377732507,5.22328772726
52.717544965,7.43825690602
53.9241660684,9.16618410747
53.8490287953,6.99534417404
53.9054323628,5.918659475
53.2438358622,6.91467782646
53.6255646828,6.2502119059
53.2156255144,5.92131081759
52.8076733651,9.94932339335
53.5475106335,5.06556388532
52.5565236348,5.27429618557
53.5058639098,8.76960354013
53.2314906042,5.23892295454
53.158307,7.00291295719
52.7042688256,6.6410937394
53.4557561931,6.15719081222
53.7474068151,5.42619848555
53.2881221858,6.73472169554
53.3617437094,8.78217432894
53.0170549361,5.29589055301
53.2060845801,9.13376222123
53.0129396646,7.86005378229
53.893792034,9.10126416635
53.2061480469,7.34045138707
53.5991077326,9.06336067106
53.6380220942,7.34857372434
53.7864888886,6.93766404629
53.775845529,9.80992415662
53.2014529985,7.68889127964
53.9154949952,7.24091929234
53.732559104,7.80598139169
53.3743700839,7.44337323575
53.0223028911,6.23872395307
52.7978698539,5.66250180748
52.5700181326,5.71836439544
53.1316069264,5.91479648308
52.9224942593,6.27192077648
53.979788902,6.12178981134
52.9159179366,8.9363449483
53.4187182356,8.42101848227
53.1295858163,5.82158838603
53.0137402979,9.46715745356
53.0545922481,8.8782911273
53.8513709732,6.27178975591
52.7570613918,9.33547613282
52.7770621888,8.18113576493
53.9027944824,9.72445772536
54.0442482543,6.43138983984
53.2515404251,8.89080762158
53.9480479062,7.90718027787
53.2193162563,6.49488299577
52.959818076,6.9161564924
53.4410963927,7.4723319429
53.8978691051,8.34389459077
53.3858492328,7.6313462742
53.5960171441,7.24745715453
52.8520463737,5.12127577586
52.8569125368,9.07013539576
53.6054937354,8.46602514396
53.5332009576,5.49150785882
53.5312946731,8.97386580272
53.3746241767,9.49621805064
53.2334724931,6.67280550488
53.8409181075,9.57675693359
52.8978786276,5.46172386185
52.8285576484,6.88386674092
53.2075639661,5.50466794583
52.9866594645,9.08356504203
52.8234941878,7.42261481275
53.9713363916,7.31398526996
52.576241271,5.53772806374
52.4630998363,5.30939626947
52.9267507227,6.57562234432
53.9109411404,7.37134289468
53.800832954,7.50263592294
53.3049048407,6.64731748923
53.7684614532,8.22116407034
53.2658559637,5.85185131922
53.3507987811,5.64674983379
52.7764715207,7.24637160857
53.6406168141,5.77788599937
53.039868132,8.7721613581
53.2528913409,9.03869428694
52.8825237339,5.0465664373
53.9032812107,8.11392730265
53.0232170064,7.13318033
53.8284906126,5.60524035269
53.8188180174,9.7284265939
53.5259704583,9.37880082337
53.7286192517,8.89660019132
53.8219564528,6.74621593035
52.7656820423,7.35191348779
53.7517704728,5.84932666633
53.7535823329,8.63107580965
53.3126173998,5.4343015657
53.0332315798,8.56930371686
53.2891396524,8.48694767176
53.6252026698,7.66486067516
52.7439093215,6.57705533519
53.1523912171,6.82083516555
52.8150709104,5.86559286985
53.9744707339,5.85516752903
52.7314539029,9.58862884065
53.7593387135,6.48686416326
53.9430231139,6.41504249409
53.899043253,6.4769222645
52.7602526611,6.31327726623
53.0989938037,6.0461328895
53.667534683,9.12772552505
53.6564808772,7.57128097458
53.8198759112,8.59948348823
53.6822512614,5.45773624374
52.6870798785,6.72115579747
53.5581564407,8.33278060724
52.8814249567,9.1745868292
53.2486265018,6.5756856681
52.9379027233,8.54322804952
53.4059118124,9.14239891983
52.9497353116,9.5128908793
53.5833653353,6.61707327447
53.2919642649,5.58986815186
53.7135164384,7.642250714
53.2099697234,9.4435840503
53.2368925532,9.50080111606
53.0148340021,8.35557967959
53.4358869997,8.7713100583
53.0388071205,5.39106010893
53.8688584746,8.9617830339
53.7355887479,6.85527957278
53.5641691744,6.48786223635
53.4273911447,9.20638518035
52.9636404689,8.23702571185
53.5597443518,5.42277083379
53.8379018844,5.53269952263
53.5725966064,9.59288703123
53.5886199867,8.69584720397
53.1753868182,5.8728669407
53.2072791378,8.51348171817
53.248259977,8.34143714718
53.4940714255,8.15151224779
53.0973404875,5.95789731358
53.9929475026,8.92296775624
54.1008426469,8.90210556718
54.4683174554,8.37486570351
54.8168779983,7.5785063494
54.9684017603,9.73392072103
54.3712208222,7.05442429686
54.2850405382,8.10291588442
54.2208534131,7.58203826367
54.6861866621,5.45310081098
54.9086012528,5.25524638327
54.2649070705,6.08380044118
54.8662125943,5.98674341378
54.5128519715,5.16678393229
54.5161382458,9.99383079085
54.7542900777,9.23774702435
54.7203923675,6.49062962722
54.3158778186,6.52245351192
54.3810049825,8.79297736241
54.87658392,9.63258659707
54.7738140328,9.06930789315
54.1396221178,7.01327460236
54.1763805575,9.10293313487
54.963429679,9.2500467159
54.8620294844,5.78355951744
54.212231702,8.66397777548
54.5873494248,6.96496481855
54.4238506212,8.88352805689
54.8239292282,9.31811747441
54.0677732646,8.18641367856
54.739014825,6.99275396066
54.555242392,8.1616114902
54.2017948953,5.6929548669
54.9437776054,8.04391520775
54.2536294673,7.70065200642
54.9657234479,5.27167807236
54.6715866317,6.11594894699
54.7259382449,5.22283852938
54.1763091275,8.60306441999
54.1559493493,6.65360153873
54.7892972515,8.07384123937
54.115255924,6.34017022598
54.2317467995,5.3230963965
54.9482564823,9.17285426066
54.5960480899,8.67982575459
54.4532349103,7.55753820793
54.5718234037,8.51996724581
54.6221697255,6.50942764767
54.3753598014,9.60277906832
54.5763803214,8.42888771254
54.9658630318,5.86933635479
54.9293931984,7.19094084171
54.4027389768,6.53110180886
54.0281516764,5.15203824235
54.2733211603,5.76005473304
54.6440551567,9.54373683429
54.6387627957,5.33544988605
54.797925815,6.06480005116
53.9916541372,8.83163264303
54.4038581767,6.13922033772
54.5697937001,9.51019952881
54.5700128953,8.2410457155
54.7283646849,8.57042214139
54.3675480613,5.95877371103
54.4020725025,6.9745968436
54.3916429242,9.6927720853
54.2315101586,8.44464544086
54.6170853092,7.2883945677
54.3590080057,8.15730864778
54.4176876002,9.78201348255
54.8762574237,6.09482384607
54.7695819885,7.74744645041
54.5287242249,9.44309252364
54.2040898414,8.02679703058
54.0688159212,5.21540660077
54.465299022,9.85424987279
54.4705629671,9.62893191793
54.0904243319,7.2596389992
54.53951994,5.32810599269
54.7265220577,8.74447152106
54.3675848301,8.24742148054
54.5827093803,5.6407603077
54.4487696756,5.97235082536
54.1060736747,7.96823631913
54.7429875057,6.09987560536
54.5015079935,8.85856687776
54.1426499885,6.58493308938
54.3611125382,9.15220532035
54.8261898813,6.61619333776
54.1900953827,5.13271093896
54.7021347357,8.14183709836
54.5572610866,7.67984803134
54.675116341,7.19791106724
54.2879244817,5.14711441511
54.1783643691,7.65890829472
53.9762716488,8.15608831094
54.3941636502,5.8095375475
54.0770214407,9.98813637642
54.2376441179,5.19963181877
54.6989158164,9.14720589187
54.0437396943,9.01116460629
54.4740962057,5.05904638951
54.7580845572,6.55789688
54.4655673163,7.04299124809
54.8902688056,9.9139330428
54.8277179097,7.66609939739
54.2338511791,7.41592197332
54.3955176137,5.16217818564
54.729647195,7.4170845536
54.3622033401,7.53147565523
54.9556992329,5.9470961324
54.1086879894,7.33007130468
54.5097421892,5.6804516029
54.7290648669,6.70217013519
54.7819905717,6.00529935743
54.5010870724,6.88725643339
54.1432260506,7.16981690585
54.6520664905,7.3654159411
54.6485273862,6.40032345519
54.4557430645,7.34051414047
54.2771766206,7.32413822828
54.827813393,7.0004547306
54.8837300767,6.51417747786
54.1237083858,8.34515517199
54.5015935352,5.43400554624
54.2291589442,6.39293828744
54.5467981108,8.77740289837
54.9631266394,7.78877118039
54.3547972024,8.88939229962
54.7666074932,5.74207558773
54.9533212554,6.46724991789
54.4508735527,9.10321633545
54.5680579868,8.5936068137
54.581866939,7.16893736824
54.4104127883,6.8288268156
54.7242958951,9.95396732185
54.2576590197,5.05258671744
54.4503844101,6.42979613023
54.1979992945,7.79706451032
54.2270584518,7.48325987442
54.7174104051,8.970810506
54.66284132,6.98413857731
54.0688940319,9.36068078136
54.2452080603,7.86213420643
54.8808848033,5.33561851827
54.9556594779,5.40797100723
54.1905206563,8.87590700542
54.1434173511,7.87259236751
54.7328599284,9.79387504388
54.1718373285,6.79203175727
54.4807438149,7.81138874442
54.6113760218,6.75921575795
54.4756274384,9.35475755763
54.9298712269,6.37857354776
54.5530056399,7.02145052584
54.8739501546,6.41978766459
54.5947181641,6.18004197275
54.1205472574,7.07177658851
54.9662469463,7.44341736209
54.7857578352,7.10268460919
54.5380091577,9.02508787266
54.0449074979,6.05200841778
54.7454467047,5.06134578802
54.9716050433,8.50447682355
54.1830494845,8.15332415558
54.8865703863,9.10021372312
54.111644544,8.07646244841
54.1304932088,9.59090018613
54.8072751064,7.32287808583
54.8097451899,8.49792709347
54.641242959,9.8029567259
54.7521571056,8.40664157079
54.6699473091,6.79036287259
54.4557227727,5.61876172521
54.8383688232,9.39685042568
54.5947650722,9.44044502378
54.3736969176,7.35669742931
54.5462677678,9.78189862952
54.5553030738,9.22197546348
54.3331308578,7.11745370954
54.3999897484,7.84268768489
54.8197694491,8.95777438973
54.6046009472,6.04186813644
54.1823671537,5.60196687242
54.4519852515,9.01106785033
54.1568906503,5.33594372258
54.5695354986,6.60012968374
54.91309288,5.47081684579
54.9454750638,7.8784518238
54.1289172084,5.38535746502
54.6829487279,9.88354689453
54.3204246687,7.8764683149
54.8772607272,7.27921877903
54.9537760416,8.14587294087
54.8816249443,7.09892226911
54.9027639622,5.0376899534
54.8278808736,9.71555257233
54.291898381,9.66214135615
54.4566972803,5.26008319931
54.7828298977,8.30776260022
54.2144334323,6.03731047077
54.8177793388,9.16373192667
54.650399031,9.05411926295
54.2289062202,6.72140811457
54.9402504442,5.55356424331
54.9396603777,9.55566473411
54.246154908,6.49540032885
54.4816870694,9.93273439719
54.6395487676,8.58097492547
54.1053599121,5.58700977349
54.1464180125,6.49072102999
54.5524748975,8.91950721912
54.0810427569,9.10849708755
54.4255364116,7.9326565751
54.1644209441,8.26838737503
54.8614909273,5.42733003824
54.8772954254,9.23319309247
54.3415206919,5.73738321453
54.7448725396,6.90482661461
54.2829486131,6.8336841911
54.1064336952,9.48159891067
54.5418947668,7.93789405401
54.971401194,6.52398147132
54.9488632973,6.20002893245
54.384030251,7.2660300152
54.9702034278,7.11630761903
53.9834900236,8.08719523171
54.2323361279,5.93251587991
54.5280406154,7.11145385333
54.7023361741,5.75162578117
54.2409446691,6.9265462473
54.9074842285,9.76715774116
54.3037433413,5.24789946962
54.1525379301,5.04405639018
54.6520901564,9.95360819078
54.4816731019,7.96678391569
54.7672450756,6.39487021775
54.7664968771,5.14879878378
54.1764421542,9.30265406758
54.5590797232,7.37705063109
54.1749438534,7.27643180484
54.3953799322,8.95933598823
54.2086887726,5.43415620696
54.423641863,7.15147540647
54.5163574503,7.24451214053
54.4253482363,6.28168627331
54.8106639241,8.63554714739
54.8050402515,5.78362253793
54.8313744095,7.40943132241
54.8508467409,6.32998021708
54.5337157844,7.48239134213
54.3627407377,5.05249340609
54.199737846,7.93287835854
54.4059727911,5.69136869101
54.3781018806,5.29393057958
54.0428810132,8.10172011952
54.3206976488,7.1894642792
54.5291519777,5.48569581562
53.9977502766,8.57774594566
53.9285926542,8.0094351513
54.9556964613,9.65908207554
54.6329742992,7.65500108479
53.9913545289,8.35931498872
54.8755791486,7.71258126131
54.7128252173,7.53665458002
54.3040696575,5.67106350625
54.3268454761,6.13989792456
54.3486773241,8.49793186499
54.2048806938,8.52368157644
54.2725388554,8.2068244727
54.9663245307,6.84760064113
54.7607722351,9.38748898674
54.4882827116,6.01103585053
54.5317230912,6.95145786562
54.6852306542,6.59049882846
54.3993188178,8.33664225422
54.8866909135,9.3632756528
54.1906067712,7.05289024864
54.4695801031,8.70051717415
54.6886755517,6.22598014111
54.2818317534,8.51959842488
54.3356119812,7.61592897074
54.5773126189,5.42304318701
54.7188244509,7.04863856532
54.2064867579,8.95583522618
54.7098638915,7.11178245697
54.5309147297,6.41133046201
54.3625827249,7.91865931094
54.606836942,5.94614383298
54.29059376,7.957305618
54.3061533557,8.95038358117
54.1294758931,9.67799831817
54.1914964762,6.98052024215
54.69228425,6.32139426458
54.6847074306,8.01751877892
54.1928991388,8.36415963201
54.6336491935,9.71289268204
54.0611154997,8.29671100233
54.205366435,9.53341476303
54.5836534642,5.10565879867
54.8490202349,5.51083422649
54.9718029521,7.95687860195
54.7411599586,5.84015172174
54.8589803562,7.88585708614
54.3751538153,7.98539167521
54.7003754434,7.92965815304
54.8391357657,8.37895805892
54.301541988,8.69978237595
54.7129736683,6.1631980882
54.9481128428,9.96676656334
54.0560238938,9.87790231045
54.2164470165,9.71397688918
53.9953713183,5.41315617536
54.1446178286,5.74705438884
54.4078221488,6.72883942266
54.8551038376,6.84682851308
54.4886122685,7.64152025206
54.4233513353,7.65548696412
54.4807049676,6.21549517613
54.8172019328,6.46274000354
54.0286117018,8.02844216379
54.0475091507,5.53509417081
54.1107139239,8.54202660346
54.7579009667,5.54800951207
54.4853014565,7.88377512708
54.5486094855,8.34092365681
54.0496245505,7.78234163021
54.6342624027,6.65864256003
54.3545122202,9.86762999358
54.1524489707,9.18604272675
54.4152915127,9.94592702683
54.5907163052,8.85461231639
54.6515513828,8.35932457191
54.7125236548,7.64805046645
54.7293719548,9.69481332447
54.3759917918,6.45619213705
54.4192439243,6.04179228236
54.8338777015,5.23352252187
54.6282730609,9.48131763852
54.9598238874,7.36976756692
54.8791526462,8.32678219645
54.6263091584,7.92387587074
54.4864929064,6.67741878482
54.062253134,7.11266580442
54.7464966573,6.80476141388
54.2412370085,6.27884530555
54.9489020714,6.30226217318
54.1122935629,8.62681599694
54.8888545113,8.18451439995
54.3457495049,6.07628967156
54.0591115122,5.09326739247
54.8019938752,7.21279607016
54.3817693533,6.60017675713
54.0524057662,8.67101295422
54.9615149027,8.73862448608
54.7069814217,5.30761345596
54.3086723846,8.45350695307
54.1802829594,7.44052712615
54.595512674,7.57207973189
54.0356104113,7.66121441248
54.0256644011,5.94134981018
54.6288319693,8.7732105844
54.4542924211,6.49310452892
54.7503764223,8.86514103913
54.0633501565,6.2594113525
54.3029124284,9.50868062775
54.2328801665,6.59042603249
54.2969826015,6.45596185688
54.3290733515,9.75160538412
53.9907217112,5.24402265858
54.3318424916,6.92906086448
54.9455942712,5.78316420382
54.1561468224,5.52770316323
54.9368785996,8.93148420757
54.8638015954,8.2589485998
54.158993607,8.83186893113
54.4646781957,5.74941190151
54.944818569,6.60344267296
54.9714991032,9.91369828365
54.5308132275,6.50859248809
54.2309754997,9.05359996407
54.8718583664,6.24410194868
54.5783049842,6.69658386379
54.1156287825,7.71999006972
54.2391568608,7.21575544428
54.9462134358,5.18582419729
54.4432334462,5.90108402588
54.353260755,8.59164766434
54.8373220132,9.82601365694
54.5270085505,5.57297068864
54.3718259819,5.5795696409
54.8013176314,8.1902243538
54.4423677578,7.44112592231
54.4759376957,9.53463950812
54.2576025923,9.93906500807
54.9484379562,8.2435152243
53.9742542649,8.73544450715
54.1037860098,5.79594260768
54.4573839101,9.44779297897
54.0817705988,9.25768704598
54.4722970781,6.96290612621
54.0700089222,5.31640954103
54.4888886475,8.46899488804
54.7994286163,6.51990234493
54.1562075845,9.39551948171
54.1908855606,5.80630458945
54.7854246161,5.93002364942
54.8297936952,9.49329841802
54.3939369288,8.07400883306
54.4655453636,9.71259236151
54.1378487614,8.68874143392
54.6289502367,8.17943367042
54.7887642711,5.47067079691
54.6040339042,9.34935106893
54.1053991857,6.93121342733
54.621168576,5.87136175442
54.2637908931,9.59192381531
54.5388550956,9.69899644849
54.2927001755,7.80523303425
54.3727270627,9.4198094785
54.7165388319,9.47053106451
54.917240069,8.43407170917
54.6492084687,9.43105436717
54.4824571888,8.57925491435
54.2691166836,5.840778954
54.7948481963,7.84939516477
54.709687083,6.0278704404
54.4385182213,6.91564503224
54.9592265366,5.09216859323
54.182291429,6.86205002531
54.3916405796,8.42913445387
54.4674384769,8.16587158257
54.8000012074,7.4880157411
54.7863828898,7.95290613977
54.8745065628,7.47909708775
54.2433227914,5.62291731856
54.2439544514,6.16727194713
54.521235228,5.82723172566
54.9410320226,9.43635741619
54.955916379,7.04382092595
54.2377833519,9.82160187965
54.8779933806,8.11052766823
54.0444902996,7.02857010653
54.0984284301,9.94211416991
54.940630134,8.82146980658
54.9228670753,7.62913161043
54.047673278,5.8448623432
54.7115037791,7.30666033693
54.846776588,5.60687446166
54.5278307208,6.3074359615
54.3339719029,5.45785228968
54.9727220064,5.47746985194
54.8847629982,7.35169035536
54.0948826246,5.68481908576
54.6254440387,7.08711532552
54.1093797581,7.42608056762
54.6046969339,8.09755653919
54.0716926578,8.37750967554
54.6387425151,9.23081765389
54.6900314185,5.93585491939
54.3452506608,6.23262578905
54.5013814008,6.10373480966
54.6580375477,5.80465708047
54.039454355,7.45807925884
54.8712798572,5.87276809262
54.9400639224,5.66896790501
54.3255939135,7.44425904657
54.6108325157,5.72603841284
54.7322684337,5.65988417282
54.6962198129,7.84581987768
54.3229275743,5.34943239407
54.9698409683,9.10388546542
54.6816174527,8.24902404281
54.9089297257,8.53610369623
54.2761803216,9.30973549911
54.0546745055,6.17758750042
54.6637349067,8.8332097177
54.9006735059,6.68352672679
54.2527456637,9.40156901782
54.1014998784,7.5933112434
54.2937217834,6.0180723297
54.1415397608,9.03569209011
54.2019263613,9.62777306674
54.8879802659,9.01493264692
54.8914991559,7.95963397588
54.8263538325,6.70790965204
54.5688218897,9.61396448684
54.6929477472,8.64649682582
54.9049605633,7.41823350818
54.0964611063,5.45706121189
54.2770214439,9.21509738026
54.6404037372,5.04497697869
54.3005900414,7.53455180426
54.7840945884,5.39070093662
54.2490664196,8.59287244016
54.8054547159,6.76540642943
54.6791007996,9.62060998364
54.7824852111,9.60805166176
54.8668576847,8.73102563629
54.9563948424,7.28605339293
54.3437535667,6.35350265088
54.1215060354,6.82767378701
54.0224504387,5.61806531135
54.404195744,6.66584145448
54.148399587,6.22737535271
54.7752820598,5.30202555285
54.250489702,7.12021288886
54.3250662842,8.02986289046
54.2702242064,8.85265326329
54.5710692601,7.83125260697
54.3380122994,9.05159848673
54.5865898452,8.00312638675
54.0531724594,7.31243905834
54.7058970209,9.32249820837
54.473392361,8.79029520928
54.2784177981,7.01320358399
54.1760767966,7.36639961712
54.5456966829,9.2747676438
54.290276914,9.12656199321
54.3662359552,9.29883205284
54.8515098589,5.12160175384
54.9557964026,6.03558892389
54.2548162137,5.54243343513
54.5032913381,8.05264623459
54.0787627455,7.50688425791
54.1404504121,6.10954770557
54.0260679714,8.46012632032
54.5287560963,6.78862602806
54.9523083173,9.83995793429
54.797833797,6.17964914001
54.8376383342,5.70841717643
53.9823691688,5.05531612873
54.9663683069,7.7183448271
54.5930177192,5.50677298509
54.6650774802,5.13725105161
54.4703693242,8.27991122891
54.9728208809,6.41249602349
54.9378327633,6.93911637574
54.4472534568,6.35504129582
54.7600498954,6.28439171523
54.9703069787,5.33546646382
54.0842527353,8.77726724757
54.2975250509,8.35671895491
54.6230407832,6.28942374986
54.563161382,5.03287230169
54.9588490513,9.0334234642
54.0766037418,5.0327250017
54.3323601742,6.74199516258
54.1313326166,5.9931747832
54.1633909331,5.240290417
54.5239058793,5.94453813265
54.6266127511,8.94906264178
54.1526084181,7.50294993699
54.964487975,6.11481861756
54.8552394698,8.85874925842
54.6290432164,7.46441628915
54.4664630679,9.22760740272
54.1219860171,9.78319214213
54.6435399298,5.64354485751
54.9541348238,7.52210840246
54.2314380307,9.13078965216
54.4688171394,6.57443907074
54.6156512693,6.87931874351
54.565950447,9.13859332427
54.9567037731,8.33801526613
54.9722265164,6.68174903497
54.4733133385,7.73172890332
54.8740701129,7.7984190323
54.5716743655,9.90258966676
54.8736035332,6.75067569333
54.2041706739,8.75902315488
54.6557355383,5.56541064961
54.4451382819,5.48975132878
54.3827765104,8.67666553534
54.9539444727,9.33212642824
54.1570178473,9.89279443798
54.2506074038,8.27794068103
54.0111301559,7.95713400276
54.1351535949,8.43545387006
54.6384998158,6.71522490099
54.7133904423,9.55130058547
54.1266436492,5.88578985164
54.1014680009,5.14611858688
54.8844653865,7.53987039193
54.9538599965,6.76876047121
54.8108799538,8.79295317046
54.4136974613,8.51509005439
54.3277250635,5.88091096655
54.3141523977,6.65839280079
54.4363705973,8.00159575631
54.4823080531,8.9451496169
54.3915153505,9.50700924306
54.6085979903,5.23507444373
53.9574705882,8.25276231961
54.3673982839,7.73494283132
54.7707759139,9.89398090646
54.4304897124,5.37497786882
54.935528125,8.63899890447
54.6728678402,8.47805055345
54.6478733263,7.74085547119
